rank_number,actor,commits,percent,cumulative_sum,cumulative_percent,all_commits
1,Random-Liu,1567,0.35794,1567,0.35794,437785
2,steveperry-53,1011,0.23094,2578,0.58887,437785
3,hhkbp2,775,0.17703,3353,0.76590,437785
4,gprasath,553,0.12632,3906,0.89222,437785
5,nikhita,501,0.11444,4407,1.00666,437785
6,grampelberg,391,0.08931,4798,1.09597,437785
7,isaachier,370,0.08452,5168,1.18049,437785
8,isaach1000,360,0.08223,5528,1.26272,437785
9,philwinder,342,0.07812,5870,1.34084,437785
10,variadico,336,0.07675,6206,1.41759,437785
11,jenkins-rook,334,0.07629,6540,1.49388,437785
12,denverwilliams,312,0.07127,6852,1.56515,437785
13,lishihai9017,305,0.06967,7157,1.63482,437785
14,xiangpengzhao,305,0.06967,7462,1.70449,437785
15,mengqiy,296,0.06761,7758,1.77210,437785
16,cdrage,289,0.06601,8047,1.83812,437785
17,bassam,257,0.05870,8304,1.89682,437785
18,tanjunchen,257,0.05870,8561,1.95553,437785
19,ideahitme,256,0.05848,8817,2.01400,437785
20,christinevblum,252,0.05756,9069,2.07156,437785
21,tamarakaufler,247,0.05642,9316,2.12799,437785
22,liangguo,246,0.05619,9562,2.18418,437785
23,ahmetb,210,0.04797,9772,2.23215,437785
24,jwangyangls,210,0.04797,9982,2.28011,437785
25,hongchaodeng,206,0.04706,10188,2.32717,437785
26,zxydaisy,203,0.04637,10391,2.37354,437785
27,soltanmm,195,0.04454,10586,2.41808,437785
28,sambooo,194,0.04431,10780,2.46240,437785
29,saromanov,185,0.04226,10965,2.50465,437785
30,dlx,182,0.04157,11147,2.54623,437785
31,copejon,179,0.04089,11326,2.58711,437785
32,gyliu513,179,0.04089,11505,2.62800,437785
33,quinton-hoole,174,0.03975,11679,2.66775,437785
34,javaforfun,155,0.03541,11834,2.70315,437785
35,tiancaiamao,153,0.03495,11987,2.73810,437785
36,pyronicide,151,0.03449,12138,2.77259,437785
37,thompsonja,148,0.03381,12286,2.80640,437785
38,Steve53,127,0.02901,12413,2.83541,437785
39,kibbles-n-bytes,125,0.02855,12538,2.86396,437785
40,cpretzer,123,0.02810,12661,2.89206,437785
41,M00nF1sh,120,0.02741,12781,2.91947,437785
42,poiana,119,0.02718,12900,2.94665,437785
43,yutedz,118,0.02695,13018,2.97361,437785
44,stewart-yu,117,0.02673,13135,3.00033,437785
45,CreaturesInUnitards,116,0.02650,13251,3.02683,437785
46,pkliczewski,115,0.02627,13366,3.05310,437785
47,lonng,113,0.02581,13479,3.07891,437785
48,chentao11596,110,0.02513,13589,3.10404,437785
49,coto,108,0.02467,13697,3.12870,437785
50,ShyaniPal,107,0.02444,13804,3.15315,437785
51,kennytm,101,0.02307,13905,3.17622,437785
52,shubham14bajpai,101,0.02307,14006,3.19929,437785
53,wackxu,96,0.02193,14102,3.22122,437785
54,corneliusweig,94,0.02147,14196,3.24269,437785
55,sjenning,94,0.02147,14290,3.26416,437785
56,quantum-build,90,0.02056,14380,3.28472,437785
58,hennna,86,0.01964,14554,3.32446,437785
59,fuweid,83,0.01896,14637,3.34342,437785
60,ivan-valkov,82,0.01873,14719,3.36215,437785
61,stuclem,82,0.01873,14801,3.38088,437785
62,oke-py,81,0.01850,14882,3.39939,437785
63,yuxiaobo96,80,0.01827,14962,3.41766,437785
64,hwdef,77,0.01759,15039,3.43525,437785
65,tegioz,75,0.01713,15114,3.45238,437785
66,domgreen,72,0.01645,15186,3.46883,437785
67,cynthia-sg,71,0.01622,15257,3.48504,437785
68,sebgoa,70,0.01599,15327,3.50103,437785
69,hexfusion,69,0.01576,15396,3.51679,437785
70,chewong,67,0.01530,15463,3.53210,437785
71,jay-lau,66,0.01508,15529,3.54717,437785
72,taotaotheripper,65,0.01485,15594,3.56202,437785
73,5kbpers,64,0.01462,15658,3.57664,437785
74,logicalhan,64,0.01462,15722,3.59126,437785
75,avishnu,62,0.01416,15784,3.60542,437785
76,aojea,60,0.01371,15844,3.61913,437785
77,lelenanam,60,0.01371,15904,3.63283,437785
78,nilo19,60,0.01371,15964,3.64654,437785
79,tmrts,60,0.01371,16024,3.66024,437785
80,johncming,59,0.01348,16083,3.67372,437785
81,bassamtabbara,58,0.01325,16141,3.68697,437785
82,kaywilliams,56,0.01279,16197,3.69976,437785
83,williscool,56,0.01279,16253,3.71255,437785
84,seglo,52,0.01188,16305,3.72443,437785
85,ttpcodes,52,0.01188,16357,3.73631,437785
86,ZeroMagic,52,0.01188,16409,3.74819,437785
87,chases2,51,0.01165,16460,3.75984,437785
88,follitude,50,0.01142,16510,3.77126,437785
89,kierstenlinkerd,50,0.01142,16560,3.78268,437785
90,cwdsuzhou,49,0.01119,16609,3.79387,437785
91,scotte,49,0.01119,16658,3.80506,437785
92,ClaudiaJKang,47,0.01074,16705,3.81580,437785
93,rneha725,46,0.01051,16751,3.82631,437785
94,bobstrecansky,45,0.01028,16796,3.83659,437785
95,kakkoyun,45,0.01028,16841,3.84687,437785
96,lukaszx0,45,0.01028,16886,3.85714,437785
97,tschroed,45,0.01028,16931,3.86742,437785
98,zhengguoyong,45,0.01028,16976,3.87770,437785
99,lixiaobing1,44,0.01005,17020,3.88775,437785
100,mistyhacks,44,0.01005,17064,3.89780,437785
101,nehadhawan,44,0.01005,17108,3.90785,437785
102,imazik,42,0.00959,17150,3.91745,437785
103,sanjaypujare,42,0.00959,17192,3.92704,437785
104,jbartosik,41,0.00937,17233,3.93641,437785
105,zhaoxpZTE,41,0.00937,17274,3.94577,437785
106,pierewoj,40,0.00914,17314,3.95491,437785
107,yoonian,40,0.00914,17354,3.96405,437785
108,chaosaffe,39,0.00891,17393,3.97295,437785
109,niedhui,38,0.00868,17431,3.98163,437785
110,OlivierAlbertini,38,0.00868,17469,3.99031,437785
111,zhangx501,38,0.00868,17507,3.99899,437785
112,codablock,36,0.00822,17543,4.00722,437785
113,repenno,34,0.00777,17577,4.01498,437785
114,skmatti,34,0.00777,17611,4.02275,437785
115,camilamacedo86,33,0.00754,17644,4.03029,437785
116,amoore877,32,0.00731,17676,4.03760,437785
117,chakri-nelluri,32,0.00731,17708,4.04491,437785
118,luca3m,32,0.00731,17740,4.05222,437785
119,NisantaSahoo,32,0.00731,17772,4.05953,437785
120,onobrod,32,0.00731,17804,4.06684,437785
121,winkyao,32,0.00731,17836,4.07415,437785
122,ymqytw,32,0.00731,17868,4.08146,437785
123,awly,31,0.00708,17899,4.08854,437785
124,BobyMCbobs,31,0.00708,17930,4.09562,437785
125,dlipovetsky,31,0.00708,17961,4.10270,437785
126,mjd95,31,0.00708,17992,4.10978,437785
127,rdrgmnzs,31,0.00708,18023,4.11686,437785
128,g-easy,30,0.00685,18053,4.12371,437785
129,inductor,30,0.00685,18083,4.13057,437785
130,joakimr-axis,30,0.00685,18113,4.13742,437785
131,runseb,30,0.00685,18143,4.14427,437785
132,ysyukr,30,0.00685,18173,4.15112,437785
133,abhi,29,0.00662,18202,4.15775,437785
134,aoxn,29,0.00662,18231,4.16437,437785
135,Bolodya1997,29,0.00662,18260,4.17100,437785
136,bruceauyeung,29,0.00662,18289,4.17762,437785
137,eloyekunle,29,0.00662,18318,4.18425,437785
138,hw-qiaolei,28,0.00640,18346,4.19064,437785
139,H-ZeX,28,0.00640,18374,4.19704,437785
140,ibabou,28,0.00640,18402,4.20343,437785
141,MaiCw4J,28,0.00640,18430,4.20983,437785
142,padajuan,28,0.00640,18458,4.21622,437785
143,tsurdilo,28,0.00640,18486,4.22262,437785
144,Ace-Tang,27,0.00617,18513,4.22879,437785
145,gingerkidney,27,0.00617,18540,4.23496,437785
146,rleungx,26,0.00594,18566,4.24089,437785
147,trask,26,0.00594,18592,4.24683,437785
148,wangxy518,26,0.00594,18618,4.25277,437785
149,YoyinZyc,26,0.00594,18644,4.25871,437785
150,antoineco,25,0.00571,18669,4.26442,437785
151,sesmith177,25,0.00571,18694,4.27013,437785
152,simplytunde,25,0.00571,18719,4.27584,437785
153,tsloughter,25,0.00571,18744,4.28155,437785
154,dekkagaijin,24,0.00548,18768,4.28704,437785
155,gouyang,24,0.00548,18792,4.29252,437785
156,jkaniuk,24,0.00548,18816,4.29800,437785
157,jpds,24,0.00548,18840,4.30348,437785
158,komposebot,24,0.00548,18864,4.30896,437785
159,LuckySB,24,0.00548,18888,4.31445,437785
160,arminbuerkle,23,0.00525,18911,4.31970,437785
161,butuzov,23,0.00525,18934,4.32495,437785
162,dominikschulz,23,0.00525,18957,4.33021,437785
163,harshita-sharma-mayadata,23,0.00525,18980,4.33546,437785
164,iennae,23,0.00525,19003,4.34072,437785
165,irvifa,23,0.00525,19026,4.34597,437785
166,lance6716,23,0.00525,19049,4.35122,437785
167,shashank0202,23,0.00525,19072,4.35648,437785
168,ccojocar,22,0.00503,19094,4.36150,437785
169,cireu,22,0.00503,19116,4.36653,437785
170,donnadionne,22,0.00503,19138,4.37155,437785
171,fqsghostcloud,22,0.00503,19160,4.37658,437785
172,jfbai,22,0.00503,19182,4.38160,437785
173,noamran,22,0.00503,19204,4.38663,437785
174,rajatjindal,22,0.00503,19226,4.39165,437785
175,timchenxiaoyu,22,0.00503,19248,4.39668,437785
176,yxue,22,0.00503,19270,4.40170,437785
177,antonio,21,0.00480,19291,4.40650,437785
178,hidekazuna,21,0.00480,19312,4.41130,437785
179,ijc,21,0.00480,19333,4.41609,437785
180,sethp-nr,21,0.00480,19354,4.42089,437785
181,ss104301,21,0.00480,19375,4.42569,437785
182,alex-yust,20,0.00457,19395,4.43026,437785
183,andrewpollock,20,0.00457,19415,4.43483,437785
184,awesomenix,20,0.00457,19435,4.43939,437785
185,bittopaz,20,0.00457,19455,4.44396,437785
186,boyskila,20,0.00457,19475,4.44853,437785
187,containscafeine,20,0.00457,19495,4.45310,437785
188,davideschiera,20,0.00457,19515,4.45767,437785
189,fluxcdbot,20,0.00457,19535,4.46224,437785
190,mikeweiwei,20,0.00457,19555,4.46680,437785
191,MJ-CJM,20,0.00457,19575,4.47137,437785
192,ppanyukov,20,0.00457,19595,4.47594,437785
193,ywei88,20,0.00457,19615,4.48051,437785
194,achasveachas,19,0.00434,19634,4.48485,437785
195,Adirio,19,0.00434,19653,4.48919,437785
196,andrewrynhard,19,0.00434,19672,4.49353,437785
197,bencebeky,19,0.00434,19691,4.49787,437785
198,clarklee92,19,0.00434,19710,4.50221,437785
199,codeworm96,19,0.00434,19729,4.50655,437785
200,dinooliva,19,0.00434,19748,4.51089,437785
201,gauss1314,19,0.00434,19767,4.51523,437785
202,gengliqi,19,0.00434,19786,4.51957,437785
203,J0,19,0.00434,19805,4.52391,437785
204,jkolhe,19,0.00434,19824,4.52825,437785
205,jwfang,19,0.00434,19843,4.53259,437785
206,kakts,19,0.00434,19862,4.53693,437785
207,Little-Wallace,19,0.00434,19881,4.54127,437785
208,lzhfromustc,19,0.00434,19900,4.54561,437785
209,micahyoung,19,0.00434,19919,4.54995,437785
210,nigels-com,19,0.00434,19938,4.55429,437785
211,simonjjones,19,0.00434,19957,4.55863,437785
212,XsWack,19,0.00434,19976,4.56297,437785
213,anupriya0703,18,0.00411,19994,4.56708,437785
214,bb7133,18,0.00411,20012,4.57119,437785
215,kmyerson,18,0.00411,20030,4.57531,437785
216,paivagustavo,18,0.00411,20048,4.57942,437785
217,prymitive,18,0.00411,20066,4.58353,437785
218,RohanTalip,18,0.00411,20084,4.58764,437785
219,TennyZhuang,18,0.00411,20102,4.59175,437785
220,toumorokoshi,18,0.00411,20120,4.59586,437785
221,928234269,17,0.00388,20137,4.59975,437785
222,antoniovicente,17,0.00388,20154,4.60363,437785
223,danielleadams,17,0.00388,20171,4.60751,437785
224,diguage,17,0.00388,20188,4.61140,437785
225,igncp,17,0.00388,20205,4.61528,437785
226,Leulz,17,0.00388,20222,4.61916,437785
227,mfanjie,17,0.00388,20239,4.62305,437785
228,mkarthi92,17,0.00388,20256,4.62693,437785
229,naivewong,17,0.00388,20273,4.63081,437785
230,Richard-zhang,17,0.00388,20290,4.63470,437785
231,seokho-son,17,0.00388,20307,4.63858,437785
232,woodcockjosh,17,0.00388,20324,4.64246,437785
233,xaleeks,17,0.00388,20341,4.64634,437785
234,yann-soubeyrand,17,0.00388,20358,4.65023,437785
235,yuval-k,17,0.00388,20375,4.65411,437785
236,zhouqiang-cl,17,0.00388,20392,4.65799,437785
237,ZP-AlwaysWin,17,0.00388,20409,4.66188,437785
238,ascheglov,16,0.00365,20425,4.66553,437785
239,chrisz100,16,0.00365,20441,4.66919,437785
240,dkoshkin,16,0.00365,20457,4.67284,437785
241,FateTHarlaown,16,0.00365,20473,4.67650,437785
242,fcfort,16,0.00365,20489,4.68015,437785
243,hakman,16,0.00365,20505,4.68381,437785
244,lparis,16,0.00365,20521,4.68746,437785
245,lukasberger,16,0.00365,20537,4.69112,437785
246,pcwiese,16,0.00365,20553,4.69477,437785
247,PrasadG193,16,0.00365,20569,4.69843,437785
248,pytimer,16,0.00365,20585,4.70208,437785
249,satchpx,16,0.00365,20601,4.70573,437785
250,siwyd,16,0.00365,20617,4.70939,437785
251,atmzhou,15,0.00343,20632,4.71282,437785
252,fossabot,15,0.00343,20647,4.71624,437785
253,icheikhrouhou,15,0.00343,20662,4.71967,437785
254,jiaxuanzhou,15,0.00343,20677,4.72309,437785
255,liyanhui1228,15,0.00343,20692,4.72652,437785
256,mapleFU,15,0.00343,20707,4.72995,437785
257,NingLin-P,15,0.00343,20722,4.73337,437785
258,stijndehaes,15,0.00343,20737,4.73680,437785
259,yiqigao217,15,0.00343,20752,4.74023,437785
260,ahenobarbi,14,0.00320,20766,4.74342,437785
261,ariesdevil,14,0.00320,20780,4.74662,437785
262,cosmtrek,14,0.00320,20794,4.74982,437785
263,darfux,14,0.00320,20808,4.75302,437785
264,gujingit,14,0.00320,20822,4.75622,437785
265,jhdalek55,14,0.00320,20836,4.75941,437785
266,jparrill,14,0.00320,20850,4.76261,437785
267,king6cong,14,0.00320,20864,4.76581,437785
268,l8huang,14,0.00320,20878,4.76901,437785
269,leecalcote,14,0.00320,20892,4.77221,437785
270,markwolff,14,0.00320,20906,4.77540,437785
271,ppietruch,14,0.00320,20920,4.77860,437785
272,rturner3,14,0.00320,20934,4.78180,437785
273,sivanzcw,14,0.00320,20948,4.78500,437785
274,slrtbtfs,14,0.00320,20962,4.78820,437785
275,soya3129,14,0.00320,20976,4.79139,437785
276,TheMeier,14,0.00320,20990,4.79459,437785
277,antongorkovenko,13,0.00297,21003,4.79756,437785
278,caiweidongdongsuzhou,13,0.00297,21016,4.80053,437785
279,femrtnz,13,0.00297,21029,4.80350,437785
280,hfzqls,13,0.00297,21042,4.80647,437785
281,inoc603,13,0.00297,21055,4.80944,437785
282,itskingori,13,0.00297,21068,4.81241,437785
283,jimbobby5,13,0.00297,21081,4.81538,437785
284,joelanford,13,0.00297,21094,4.81835,437785
285,kondapally1989,13,0.00297,21107,4.82132,437785
286,mitch000001,13,0.00297,21120,4.82429,437785
287,miteshskj,13,0.00297,21133,4.82726,437785
288,redhatlinux10,13,0.00297,21146,4.83022,437785
289,sagrath23,13,0.00297,21159,4.83319,437785
290,saifalharthi,13,0.00297,21172,4.83616,437785
291,Sh4d1,13,0.00297,21185,4.83913,437785
292,Tony1023,13,0.00297,21198,4.84210,437785
293,wawa0210,13,0.00297,21211,4.84507,437785
294,zehuaiWANG,13,0.00297,21224,4.84804,437785
295,arsiesys,12,0.00274,21236,4.85078,437785
296,brianstorti,12,0.00274,21248,4.85352,437785
297,checketts,12,0.00274,21260,4.85627,437785
298,dzzg,12,0.00274,21272,4.85901,437785
299,endrec,12,0.00274,21284,4.86175,437785
300,hainesc,12,0.00274,21296,4.86449,437785
301,hasebe,12,0.00274,21308,4.86723,437785
302,hoyho,12,0.00274,21320,4.86997,437785
303,iT2afL0rd,12,0.00274,21332,4.87271,437785
304,jabbrwcky,12,0.00274,21344,4.87545,437785
305,JieJhih,12,0.00274,21356,4.87819,437785
306,jonrichards,12,0.00274,21368,4.88093,437785
307,mattrco,12,0.00274,21380,4.88368,437785
308,maya-r,12,0.00274,21392,4.88642,437785
309,mrasu,12,0.00274,21404,4.88916,437785
310,nanikjava,12,0.00274,21416,4.89190,437785
311,nasa9084,12,0.00274,21428,4.89464,437785
312,oneoneonepig,12,0.00274,21440,4.89738,437785
313,Shikugawa,12,0.00274,21452,4.90012,437785
314,shovanmaity,12,0.00274,21464,4.90286,437785
315,sunface,12,0.00274,21476,4.90560,437785
316,Wangzihao18,12,0.00274,21488,4.90835,437785
317,ZYecho,12,0.00274,21500,4.91109,437785
318,11Takanori,11,0.00251,21511,4.91360,437785
319,3pointer,11,0.00251,21522,4.91611,437785
320,abhinandanpb,11,0.00251,21533,4.91862,437785
321,bl0m1,11,0.00251,21544,4.92114,437785
322,claudiajh,11,0.00251,21555,4.92365,437785
323,clsung,11,0.00251,21566,4.92616,437785
324,codeboten,11,0.00251,21577,4.92868,437785
325,danielpacak,11,0.00251,21588,4.93119,437785
326,dmitry-zaets,11,0.00251,21599,4.93370,437785
327,eddycharly,11,0.00251,21610,4.93621,437785
328,Egis-Moshe,11,0.00251,21621,4.93873,437785
329,free,11,0.00251,21632,4.94124,437785
330,goodluckbot,11,0.00251,21643,4.94375,437785
331,it2911,11,0.00251,21654,4.94626,437785
332,kampka,11,0.00251,21665,4.94878,437785
333,liucimin,11,0.00251,21676,4.95129,437785
334,lzchen,11,0.00251,21687,4.95380,437785
335,mcpherrinm,11,0.00251,21698,4.95631,437785
336,mmpei,11,0.00251,21709,4.95883,437785
337,mvollman,11,0.00251,21720,4.96134,437785
338,nlamot,11,0.00251,21731,4.96385,437785
339,olagacek,11,0.00251,21742,4.96636,437785
340,palnabarun,11,0.00251,21753,4.96888,437785
341,pandaamanda,11,0.00251,21764,4.97139,437785
342,rptaylor,11,0.00251,21775,4.97390,437785
343,ruromero,11,0.00251,21786,4.97642,437785
344,sanyasabu,11,0.00251,21797,4.97893,437785
345,ten2ton,11,0.00251,21808,4.98144,437785
346,thecrudge,11,0.00251,21819,4.98395,437785
347,TimSimmons,11,0.00251,21830,4.98647,437785
348,tk3fftk,11,0.00251,21841,4.98898,437785
349,u5surf,11,0.00251,21852,4.99149,437785
350,xiaoanyunfei,11,0.00251,21863,4.99400,437785
351,xtellurian,11,0.00251,21874,4.99652,437785
352,yevgenypats,11,0.00251,21885,4.99903,437785
353,YoungPeanut,11,0.00251,21896,5.00154,437785
354,aaroniscode,10,0.00228,21906,5.00383,437785
355,AdamLeMmon01,10,0.00228,21916,5.00611,437785
356,adamwalach,10,0.00228,21926,5.00839,437785
357,anshulahuja98,10,0.00228,21936,5.01068,437785
358,arcanique,10,0.00228,21946,5.01296,437785
359,AyushAmbastha,10,0.00228,21956,5.01525,437785
360,Betula-L,10,0.00228,21966,5.01753,437785
361,chenyb4,10,0.00228,21976,5.01982,437785
362,choury,10,0.00228,21986,5.02210,437785
363,daxmc99,10,0.00228,21996,5.02438,437785
364,dtrejod,10,0.00228,22006,5.02667,437785
365,FayerZhang,10,0.00228,22016,5.02895,437785
366,GuessWhoSamFoo,10,0.00228,22026,5.03124,437785
367,hassaku,10,0.00228,22036,5.03352,437785
368,jdfalk,10,0.00228,22046,5.03581,437785
369,jvassev,10,0.00228,22056,5.03809,437785
370,LisaLudique,10,0.00228,22066,5.04037,437785
371,mahuihuang,10,0.00228,22076,5.04266,437785
372,manishbansal8843,10,0.00228,22086,5.04494,437785
373,marcosdiez,10,0.00228,22096,5.04723,437785
374,Mattpx,10,0.00228,22106,5.04951,437785
375,mxey,10,0.00228,22116,5.05179,437785
376,obecny,10,0.00228,22126,5.05408,437785
377,PabloCastellano,10,0.00228,22136,5.05636,437785
378,ra1fh,10,0.00228,22146,5.05865,437785
379,RohanBhirangi,10,0.00228,22156,5.06093,437785
380,rookiefiend,10,0.00228,22166,5.06322,437785
381,sakshamsharma,10,0.00228,22176,5.06550,437785
382,salavessa,10,0.00228,22186,5.06778,437785
383,sanderson042,10,0.00228,22196,5.07007,437785
384,SebastianM,10,0.00228,22206,5.07235,437785
385,StupidScience,10,0.00228,22216,5.07464,437785
386,sudoshweta,10,0.00228,22226,5.07692,437785
387,tanalam2411,10,0.00228,22236,5.07921,437785
388,TommyCpp,10,0.00228,22246,5.08149,437785
389,TwinProduction,10,0.00228,22256,5.08377,437785
390,ufou,10,0.00228,22266,5.08606,437785
391,YangLu1031,10,0.00228,22276,5.08834,437785
392,yashtewari,10,0.00228,22286,5.09063,437785
393,yittg,10,0.00228,22296,5.09291,437785
394,yunfeiyangbuaa,10,0.00228,22306,5.09520,437785
395,yunfeiyanggzq,10,0.00228,22316,5.09748,437785
396,yyqqing,10,0.00228,22326,5.09976,437785
397,zcc35357949,10,0.00228,22336,5.10205,437785
398,11janci,9,0.00206,22345,5.10410,437785
399,AerysNan,9,0.00206,22354,5.10616,437785
400,af12066,9,0.00206,22363,5.10822,437785
401,afein,9,0.00206,22372,5.11027,437785
402,agarwalrounak,9,0.00206,22381,5.11233,437785
403,aixeshunter,9,0.00206,22390,5.11438,437785
404,alexvmw,9,0.00206,22399,5.11644,437785
405,anvega,9,0.00206,22408,5.11849,437785
406,aquarapid,9,0.00206,22417,5.12055,437785
407,at-ishikawa,9,0.00206,22426,5.12261,437785
408,aya,9,0.00206,22435,5.12466,437785
409,chancez,9,0.00206,22444,5.12672,437785
410,chrisob,9,0.00206,22453,5.12877,437785
411,daverick,9,0.00206,22462,5.13083,437785
412,dmitsh,9,0.00206,22471,5.13288,437785
413,fengzixu,9,0.00206,22480,5.13494,437785
414,Jamim,9,0.00206,22489,5.13700,437785
415,javaducky,9,0.00206,22498,5.13905,437785
416,jkwatson,9,0.00206,22507,5.14111,437785
417,kihahu,9,0.00206,22516,5.14316,437785
418,knyar,9,0.00206,22525,5.14522,437785
419,lafh,9,0.00206,22534,5.14728,437785
420,Librazy,9,0.00206,22543,5.14933,437785
421,liquidslr,9,0.00206,22552,5.15139,437785
422,liyuan198251,9,0.00206,22561,5.15344,437785
423,mknapphrt,9,0.00206,22570,5.15550,437785
424,MoserMichael,9,0.00206,22579,5.15755,437785
425,narg95,9,0.00206,22588,5.15961,437785
426,notpad,9,0.00206,22597,5.16167,437785
427,ozdanborne,9,0.00206,22606,5.16372,437785
428,pickledrick,9,0.00206,22615,5.16578,437785
429,rmenn,9,0.00206,22624,5.16783,437785
430,ryanchapman,9,0.00206,22633,5.16989,437785
431,SamiSousa,9,0.00206,22642,5.17195,437785
432,sathieu,9,0.00206,22651,5.17400,437785
433,shidao-ytt,9,0.00206,22660,5.17606,437785
434,shub-asa1,9,0.00206,22669,5.17811,437785
435,tattsun,9,0.00206,22678,5.18017,437785
436,tikitavi,9,0.00206,22687,5.18222,437785
437,ty666,9,0.00206,22696,5.18428,437785
438,UseTheApi,9,0.00206,22705,5.18634,437785
439,watfordgnf,9,0.00206,22714,5.18839,437785
440,wenlxie,9,0.00206,22723,5.19045,437785
441,wnxn,9,0.00206,22732,5.19250,437785
442,yuzeming,9,0.00206,22741,5.19456,437785
443,0taste,8,0.00183,22749,5.19639,437785
444,alileza,8,0.00183,22757,5.19821,437785
445,appledaily0,8,0.00183,22765,5.20004,437785
446,bartebor,8,0.00183,22773,5.20187,437785
447,CASTResearchLabs,8,0.00183,22781,5.20370,437785
448,charleszheng44,8,0.00183,22789,5.20552,437785
449,chethanv28,8,0.00183,22797,5.20735,437785
450,chipsysdig,8,0.00183,22805,5.20918,437785
451,dennisme,8,0.00183,22813,5.21101,437785
452,divolgin,8,0.00183,22821,5.21283,437785
453,d-nishi,8,0.00183,22829,5.21466,437785
454,du2016,8,0.00183,22837,5.21649,437785
455,Ecsy,8,0.00183,22845,5.21831,437785
456,egafford,8,0.00183,22853,5.22014,437785
457,ericzhang08,8,0.00183,22861,5.22197,437785
458,ForestEckhardt,8,0.00183,22869,5.22380,437785
459,furukawa3,8,0.00183,22877,5.22562,437785
460,gabibbo97,8,0.00183,22885,5.22745,437785
461,GuillaumeGomez,8,0.00183,22893,5.22928,437785
462,ijl,8,0.00183,22901,5.23111,437785
463,jam01,8,0.00183,22909,5.23293,437785
464,jmolmo,8,0.00183,22917,5.23476,437785
465,Johnny-Three,8,0.00183,22925,5.23659,437785
466,k0da,8,0.00183,22933,5.23842,437785
467,karthik-vijayaraju,8,0.00183,22941,5.24024,437785
468,kcmartin,8,0.00183,22949,5.24207,437785
469,keloyang,8,0.00183,22957,5.24390,437785
470,kormat,8,0.00183,22965,5.24573,437785
471,kothariaditya,8,0.00183,22973,5.24755,437785
472,KyleFromKitware,8,0.00183,22981,5.24938,437785
473,lledru,8,0.00183,22989,5.25121,437785
474,mayankshah1607,8,0.00183,22997,5.25304,437785
475,mirandawork,8,0.00183,23005,5.25486,437785
476,moshloop,8,0.00183,23013,5.25669,437785
477,msschl,8,0.00183,23021,5.25852,437785
478,ndrwrbgs,8,0.00183,23029,5.26034,437785
479,patsevanton,8,0.00183,23037,5.26217,437785
480,PaulFarver,8,0.00183,23045,5.26400,437785
481,pho-enix,8,0.00183,23053,5.26583,437785
482,poopoothegorilla,8,0.00183,23061,5.26765,437785
483,rung,8,0.00183,23069,5.26948,437785
484,scuzhanglei,8,0.00183,23077,5.27131,437785
485,shivi28,8,0.00183,23085,5.27314,437785
486,TAOXUY,8,0.00183,23093,5.27496,437785
487,VLZZZ,8,0.00183,23101,5.27679,437785
488,wrfly,8,0.00183,23109,5.27862,437785
489,wrowe,8,0.00183,23117,5.28045,437785
490,wxdao,8,0.00183,23125,5.28227,437785
491,xginn8,8,0.00183,23133,5.28410,437785
492,xigang,8,0.00183,23141,5.28593,437785
493,ZhenLian,8,0.00183,23149,5.28776,437785
494,zhouya0,8,0.00183,23157,5.28958,437785
495,zwwhdls,8,0.00183,23165,5.29141,437785
496,aasmall,7,0.00160,23172,5.29301,437785
497,adusumillipraveen,7,0.00160,23179,5.29461,437785
498,afirth,7,0.00160,23186,5.29621,437785
499,AgoodMITer,7,0.00160,23193,5.29781,437785
500,akfaew,7,0.00160,23200,5.29940,437785
501,alexandernilsson,7,0.00160,23207,5.30100,437785
502,alfred-huangjian,7,0.00160,23214,5.30260,437785
503,alkalinecoffee,7,0.00160,23221,5.30420,437785
504,alosadagrande,7,0.00160,23228,5.30580,437785
505,anadon,7,0.00160,23235,5.30740,437785
506,Atul9,7,0.00160,23242,5.30900,437785
507,b13n1u,7,0.00160,23249,5.31060,437785
508,bbbmj,7,0.00160,23256,5.31220,437785
509,bmadhavan,7,0.00160,23263,5.31380,437785
510,bnlandry,7,0.00160,23270,5.31539,437785
511,caniggiagoal,7,0.00160,23277,5.31699,437785
512,christophercarney,7,0.00160,23284,5.31859,437785
513,Coderhypo,7,0.00160,23291,5.32019,437785
514,congfairy,7,0.00160,23298,5.32179,437785
515,craigmunro,7,0.00160,23305,5.32339,437785
516,csmoe,7,0.00160,23312,5.32499,437785
517,DandyDeveloper,7,0.00160,23319,5.32659,437785
518,danielromlein,7,0.00160,23326,5.32819,437785
519,dddanmar,7,0.00160,23333,5.32979,437785
520,djotanov,7,0.00160,23340,5.33138,437785
521,dlbock,7,0.00160,23347,5.33298,437785
522,Dominik-K,7,0.00160,23354,5.33458,437785
523,drukelly,7,0.00160,23361,5.33618,437785
524,dsbrng25b,7,0.00160,23368,5.33778,437785
525,duonoid,7,0.00160,23375,5.33938,437785
526,Eochs,7,0.00160,23382,5.34098,437785
527,ewoutp,7,0.00160,23389,5.34258,437785
528,f84anton,7,0.00160,23396,5.34418,437785
529,fawaz-moh,7,0.00160,23403,5.34577,437785
530,ghTravis,7,0.00160,23410,5.34737,437785
531,goddenrich,7,0.00160,23417,5.34897,437785
532,govargo,7,0.00160,23424,5.35057,437785
533,gsf,7,0.00160,23431,5.35217,437785
534,guptaarvindk,7,0.00160,23438,5.35377,437785
535,harsh-98,7,0.00160,23445,5.35537,437785
536,incfly,7,0.00160,23452,5.35697,437785
537,jadarsie,7,0.00160,23459,5.35857,437785
538,jakubdyszkiewicz,7,0.00160,23466,5.36017,437785
539,jfjoly,7,0.00160,23473,5.36176,437785
540,joaocc,7,0.00160,23480,5.36336,437785
541,josiahbjorgaard,7,0.00160,23487,5.36496,437785
542,jxs,7,0.00160,23494,5.36656,437785
543,Kaffa-MY,7,0.00160,23501,5.36816,437785
544,Kerollmops,7,0.00160,23508,5.36976,437785
545,KimMcMahon,7,0.00160,23515,5.37136,437785
546,knackaron,7,0.00160,23522,5.37296,437785
547,knight42,7,0.00160,23529,5.37456,437785
548,lbogdan,7,0.00160,23536,5.37615,437785
549,linkous8,7,0.00160,23543,5.37775,437785
550,louisfelix,7,0.00160,23550,5.37935,437785
551,lucklove,7,0.00160,23557,5.38095,437785
552,MansM,7,0.00160,23564,5.38255,437785
553,marcomagdy,7,0.00160,23571,5.38415,437785
554,matte21,7,0.00160,23578,5.38575,437785
555,meeee,7,0.00160,23585,5.38735,437785
556,micheleberardi,7,0.00160,23592,5.38895,437785
557,mohamed-eldafrawi,7,0.00160,23599,5.39055,437785
558,mstruk,7,0.00160,23606,5.39214,437785
559,nachogarcia,7,0.00160,23613,5.39374,437785
560,nicknovitski,7,0.00160,23620,5.39534,437785
561,nojnhuh,7,0.00160,23627,5.39694,437785
562,ogerbron,7,0.00160,23634,5.39854,437785
563,paliwalpriyank,7,0.00160,23641,5.40014,437785
564,phspagiari,7,0.00160,23648,5.40174,437785
565,prostil,7,0.00160,23655,5.40334,437785
566,psinghal20,7,0.00160,23662,5.40494,437785
567,rdxmb,7,0.00160,23669,5.40654,437785
568,reung37,7,0.00160,23676,5.40813,437785
569,s12chung,7,0.00160,23683,5.40973,437785
570,scottilee,7,0.00160,23690,5.41133,437785
571,sllt,7,0.00160,23697,5.41293,437785
572,soolaugust,7,0.00160,23704,5.41453,437785
573,srv-twry,7,0.00160,23711,5.41613,437785
574,StudyForbidComment,7,0.00160,23718,5.41773,437785
575,tehcyx,7,0.00160,23725,5.41933,437785
576,thom-sd,7,0.00160,23732,5.42093,437785
577,tlmiller,7,0.00160,23739,5.42252,437785
578,toliu,7,0.00160,23746,5.42412,437785
579,trabetti,7,0.00160,23753,5.42572,437785
580,Vageesha17,7,0.00160,23760,5.42732,437785
581,vendrov,7,0.00160,23767,5.42892,437785
582,VineethReddy02,7,0.00160,23774,5.43052,437785
583,wozz,7,0.00160,23781,5.43212,437785
584,wshwsh12,7,0.00160,23788,5.43372,437785
585,wvidana,7,0.00160,23795,5.43532,437785
586,xrs888,7,0.00160,23802,5.43692,437785
587,yaelharel,7,0.00160,23809,5.43851,437785
588,ykhr53,7,0.00160,23816,5.44011,437785
589,yoshi-taka,7,0.00160,23823,5.44171,437785
590,you06,7,0.00160,23830,5.44331,437785
591,yukinagae,7,0.00160,23837,5.44491,437785
592,zerda,7,0.00160,23844,5.44651,437785
593,AbnerZheng,6,0.00137,23850,5.44788,437785
594,a-feld,6,0.00137,23856,5.44925,437785
595,ahanabi,6,0.00137,23862,5.45062,437785
596,al3xisb,6,0.00137,23868,5.45199,437785
597,alantang888,6,0.00137,23874,5.45336,437785
598,alastairs,6,0.00137,23880,5.45473,437785
599,alexcpn,6,0.00137,23886,5.45610,437785
600,anderseknert,6,0.00137,23892,5.45747,437785
601,antonmatsiuk,6,0.00137,23898,5.45884,437785
602,anyushun,6,0.00137,23904,5.46021,437785
603,arjunrn,6,0.00137,23910,5.46159,437785
604,aswathkk,6,0.00137,23916,5.46296,437785
605,backjo,6,0.00137,23922,5.46433,437785
606,benclapp,6,0.00137,23928,5.46570,437785
607,bourquep,6,0.00137,23934,5.46707,437785
608,boxboatmatt,6,0.00137,23940,5.46844,437785
609,camilorivera,6,0.00137,23946,5.46981,437785
610,cduchesne,6,0.00137,23952,5.47118,437785
611,champtar,6,0.00137,23958,5.47255,437785
612,ChrsMark,6,0.00137,23964,5.47392,437785
613,crmarques,6,0.00137,23970,5.47529,437785
614,devkid,6,0.00137,23976,5.47666,437785
615,dpetersen,6,0.00137,23982,5.47803,437785
616,dzbarsky,6,0.00137,23988,5.47940,437785
617,ecnahc515,6,0.00137,23994,5.48077,437785
618,ekapratama93,6,0.00137,24000,5.48214,437785
619,elskwid,6,0.00137,24006,5.48351,437785
620,EricLemieux,6,0.00137,24012,5.48488,437785
621,erleene,6,0.00137,24018,5.48625,437785
622,forkbomber,6,0.00137,24024,5.48763,437785
623,fred,6,0.00137,24030,5.48900,437785
624,geobeau,6,0.00137,24036,5.49037,437785
625,goller,6,0.00137,24042,5.49174,437785
626,gongguan,6,0.00137,24048,5.49311,437785
627,gotjosh,6,0.00137,24054,5.49448,437785
628,HarryStericker,6,0.00137,24060,5.49585,437785
629,holmesb,6,0.00137,24066,5.49722,437785
630,icanhazbroccoli,6,0.00137,24072,5.49859,437785
631,inigohu,6,0.00137,24078,5.49996,437785
632,jac-stripe,6,0.00137,24084,5.50133,437785
633,jakekeeys,6,0.00137,24090,5.50270,437785
634,jasiu001,6,0.00137,24096,5.50407,437785
635,jiameixie,6,0.00137,24102,5.50544,437785
636,jiyingtk,6,0.00137,24108,5.50681,437785
637,jmnote,6,0.00137,24114,5.50818,437785
638,joe-elliott,6,0.00137,24120,5.50955,437785
639,JorritSalverda,6,0.00137,24126,5.51092,437785
640,JStickler,6,0.00137,24132,5.51229,437785
641,laozc,6,0.00137,24138,5.51367,437785
642,lawliet89,6,0.00137,24144,5.51504,437785
643,levimm,6,0.00137,24150,5.51641,437785
644,liufuyang,6,0.00137,24156,5.51778,437785
645,lou-lan,6,0.00137,24162,5.51915,437785
646,lphamilton,6,0.00137,24168,5.52052,437785
647,machine424,6,0.00137,24174,5.52189,437785
648,marqc,6,0.00137,24180,5.52326,437785
649,masudur-rahman,6,0.00137,24186,5.52463,437785
650,mitar,6,0.00137,24192,5.52600,437785
651,mjlshen,6,0.00137,24198,5.52737,437785
652,Moriadry,6,0.00137,24204,5.52874,437785
653,muesli,6,0.00137,24210,5.53011,437785
654,mylesagray,6,0.00137,24216,5.53148,437785
655,mytunguyen,6,0.00137,24222,5.53285,437785
656,NaveenBellary,6,0.00137,24228,5.53422,437785
657,nilsocket,6,0.00137,24234,5.53559,437785
658,ofek,6,0.00137,24240,5.53696,437785
659,philhug,6,0.00137,24246,5.53834,437785
660,ps882,6,0.00137,24252,5.53971,437785
661,pydima,6,0.00137,24258,5.54108,437785
662,rainingmaster,6,0.00137,24264,5.54245,437785
663,RaunakShah,6,0.00137,24270,5.54382,437785
664,rcmorano,6,0.00137,24276,5.54519,437785
665,recollir,6,0.00137,24282,5.54656,437785
666,ReillyProcentive,6,0.00137,24288,5.54793,437785
667,sarveshkaushal,6,0.00137,24294,5.54930,437785
668,savaki,6,0.00137,24300,5.55067,437785
669,sebikul,6,0.00137,24306,5.55204,437785
670,sekka1,6,0.00137,24312,5.55341,437785
671,sethmccombs,6,0.00137,24318,5.55478,437785
672,sfxworks,6,0.00137,24324,5.55615,437785
673,shamrin,6,0.00137,24330,5.55752,437785
674,softkot,6,0.00137,24336,5.55889,437785
675,steverao,6,0.00137,24342,5.56026,437785
676,StrikerRUS,6,0.00137,24348,5.56163,437785
677,sukeesh,6,0.00137,24354,5.56300,437785
678,sullis,6,0.00137,24360,5.56438,437785
679,thepriefy,6,0.00137,24366,5.56575,437785
680,thorfour,6,0.00137,24372,5.56712,437785
681,Timoses,6,0.00137,24378,5.56849,437785
682,timstclair,6,0.00137,24384,5.56986,437785
683,TomLous,6,0.00137,24390,5.57123,437785
684,t-osakada,6,0.00137,24396,5.57260,437785
685,travisghansen,6,0.00137,24402,5.57397,437785
686,trevex,6,0.00137,24408,5.57534,437785
687,ttauveron,6,0.00137,24414,5.57671,437785
688,tvshc,6,0.00137,24420,5.57808,437785
689,valerianpereira,6,0.00137,24426,5.57945,437785
690,velothump,6,0.00137,24432,5.58082,437785
691,vgramer,6,0.00137,24438,5.58219,437785
692,vic3lord,6,0.00137,24444,5.58356,437785
693,vitkovskii,6,0.00137,24450,5.58493,437785
694,whs-dot-hk,6,0.00137,24456,5.58630,437785
695,winromulus,6,0.00137,24462,5.58767,437785
696,wkruse,6,0.00137,24468,5.58904,437785
697,wombat,6,0.00137,24474,5.59042,437785
698,xmulligan,6,0.00137,24480,5.59179,437785
699,Xuanwo,6,0.00137,24486,5.59316,437785
700,zcytop,6,0.00137,24492,5.59453,437785
701,zdicesare,6,0.00137,24498,5.59590,437785
702,zhangfeifei1989,6,0.00137,24504,5.59727,437785
703,zt2,6,0.00137,24510,5.59864,437785
704,06kellyjac,5,0.00114,24515,5.59978,437785
705,abhat,5,0.00114,24520,5.60092,437785
706,achilles42,5,0.00114,24525,5.60206,437785
707,adamhosier,5,0.00114,24530,5.60321,437785
708,agneum,5,0.00114,24535,5.60435,437785
709,ahmedtd,5,0.00114,24540,5.60549,437785
710,ajwerner,5,0.00114,24545,5.60663,437785
711,alejandrodnm,5,0.00114,24550,5.60778,437785
712,alexandair,5,0.00114,24555,5.60892,437785
713,alexsn,5,0.00114,24560,5.61006,437785
714,almos98,5,0.00114,24565,5.61120,437785
715,Amey-D,5,0.00114,24570,5.61234,437785
716,anandsinghkunwar,5,0.00114,24575,5.61349,437785
717,anas-aso,5,0.00114,24580,5.61463,437785
718,andylibrian,5,0.00114,24585,5.61577,437785
719,andytom,5,0.00114,24590,5.61691,437785
720,Aresforchina,5,0.00114,24595,5.61805,437785
721,artberger,5,0.00114,24600,5.61920,437785
722,asloan7,5,0.00114,24605,5.62034,437785
723,austinorth,5,0.00114,24610,5.62148,437785
724,aylei,5,0.00114,24615,5.62262,437785
725,balajijinnah,5,0.00114,24620,5.62377,437785
726,bavarianbidi,5,0.00114,24625,5.62491,437785
727,bbigras,5,0.00114,24630,5.62605,437785
728,bcelenza,5,0.00114,24635,5.62719,437785
729,BenoitKnecht,5,0.00114,24640,5.62833,437785
730,better0332,5,0.00114,24645,5.62948,437785
731,Bevisy,5,0.00114,24650,5.63062,437785
732,botzill,5,0.00114,24655,5.63176,437785
733,brantb,5,0.00114,24660,5.63290,437785
734,brianbao,5,0.00114,24665,5.63404,437785
735,bvwells,5,0.00114,24670,5.63519,437785
736,candlerb,5,0.00114,24675,5.63633,437785
737,chux0519,5,0.00114,24680,5.63747,437785
738,chvck,5,0.00114,24685,5.63861,437785
739,combk8s,5,0.00114,24690,5.63975,437785
740,condorcet,5,0.00114,24695,5.64090,437785
741,Constantin07,5,0.00114,24700,5.64204,437785
742,conwaychriscosmo,5,0.00114,24705,5.64318,437785
743,CrazyByDefault,5,0.00114,24710,5.64432,437785
744,cstaud,5,0.00114,24715,5.64547,437785
745,custa,5,0.00114,24720,5.64661,437785
746,DahuK,5,0.00114,24725,5.64775,437785
747,DaiHao,5,0.00114,24730,5.64889,437785
748,danielSbastos,5,0.00114,24735,5.65003,437785
749,danieltrautmann,5,0.00114,24740,5.65118,437785
750,danninov,5,0.00114,24745,5.65232,437785
751,dcherman,5,0.00114,24750,5.65346,437785
752,decayofmind,5,0.00114,24755,5.65460,437785
753,denniswebb,5,0.00114,24760,5.65574,437785
754,desty,5,0.00114,24765,5.65689,437785
755,devaips,5,0.00114,24770,5.65803,437785
756,devholic,5,0.00114,24775,5.65917,437785
757,dfang,5,0.00114,24780,5.66031,437785
758,dimitrovvlado,5,0.00114,24785,5.66145,437785
759,djosborne,5,0.00114,24790,5.66260,437785
760,douglascamata,5,0.00114,24795,5.66374,437785
761,draghuram,5,0.00114,24800,5.66488,437785
762,Duchongming,5,0.00114,24805,5.66602,437785
763,dzoeteman,5,0.00114,24810,5.66717,437785
764,Eeemil,5,0.00114,24815,5.66831,437785
765,eliot1785,5,0.00114,24820,5.66945,437785
766,elwinar,5,0.00114,24825,5.67059,437785
767,erebe,5,0.00114,24830,5.67173,437785
768,erganzi,5,0.00114,24835,5.67288,437785
769,erikwilson,5,0.00114,24840,5.67402,437785
770,Etienne-Carriere,5,0.00114,24845,5.67516,437785
771,etopeter,5,0.00114,24850,5.67630,437785
772,farhaanbukhsh,5,0.00114,24855,5.67744,437785
773,francisu,5,0.00114,24860,5.67859,437785
774,fritchie,5,0.00114,24865,5.67973,437785
775,Fullstop000,5,0.00114,24870,5.68087,437785
776,gallettilance,5,0.00114,24875,5.68201,437785
777,gaozhenhai,5,0.00114,24880,5.68315,437785
778,gkleiman,5,0.00114,24885,5.68430,437785
779,gnosek,5,0.00114,24890,5.68544,437785
780,GrigoriyMikhalkin,5,0.00114,24895,5.68658,437785
781,gy741,5,0.00114,24900,5.68772,437785
782,hamza3202,5,0.00114,24905,5.68887,437785
783,harisanker1780,5,0.00114,24910,5.69001,437785
784,Harkishen-Singh,5,0.00114,24915,5.69115,437785
785,hmike96,5,0.00114,24920,5.69229,437785
786,I944,5,0.00114,24925,5.69343,437785
787,ichekrygin,5,0.00114,24930,5.69458,437785
788,ilylia,5,0.00114,24935,5.69572,437785
789,Im5tu,5,0.00114,24940,5.69686,437785
790,ishkawa,5,0.00114,24945,5.69800,437785
791,Isolus,5,0.00114,24950,5.69914,437785
792,JakubOnderka,5,0.00114,24955,5.70029,437785
793,jamiemoore,5,0.00114,24960,5.70143,437785
794,javipolo,5,0.00114,24965,5.70257,437785
795,jcoetzee,5,0.00114,24970,5.70371,437785
796,jhbiggs,5,0.00114,24975,5.70486,437785
797,jimini-lumox,5,0.00114,24980,5.70600,437785
798,jmertic,5,0.00114,24985,5.70714,437785
799,JohannesEH,5,0.00114,24990,5.70828,437785
800,johnbcoughlin,5,0.00114,24995,5.70942,437785
801,jonathanbeber,5,0.00114,25000,5.71057,437785
802,jonschoning,5,0.00114,25005,5.71171,437785
803,joshleeb,5,0.00114,25010,5.71285,437785
804,juliantaylor,5,0.00114,25015,5.71399,437785
805,juliohm1978,5,0.00114,25020,5.71513,437785
806,jyotimahapatra,5,0.00114,25025,5.71628,437785
807,kantica,5,0.00114,25030,5.71742,437785
808,kashifest,5,0.00114,25035,5.71856,437785
809,kaspernissen,5,0.00114,25040,5.71970,437785
810,KatherineMelnyk,5,0.00114,25045,5.72084,437785
811,katheris,5,0.00114,25050,5.72199,437785
812,kevints,5,0.00114,25055,5.72313,437785
813,keydrevolta,5,0.00114,25060,5.72427,437785
814,kiates,5,0.00114,25065,5.72541,437785
815,kirussel,5,0.00114,25070,5.72656,437785
816,koooge,5,0.00114,25075,5.72770,437785
817,lerencao,5,0.00114,25080,5.72884,437785
818,likeXXxx,5,0.00114,25085,5.72998,437785
819,liwjGhostcloud,5,0.00114,25090,5.73112,437785
820,luisotero,5,0.00114,25095,5.73227,437785
821,mahjonp,5,0.00114,25100,5.73341,437785
822,marcellodesales,5,0.00114,25105,5.73455,437785
823,marosset,5,0.00114,25110,5.73569,437785
824,mateuszlitwin,5,0.00114,25115,5.73683,437785
825,MathieuMailhos,5,0.00114,25120,5.73798,437785
826,mattlqx,5,0.00114,25125,5.73912,437785
827,mattrussi,5,0.00114,25130,5.74026,437785
828,mcluseau,5,0.00114,25135,5.74140,437785
829,mdshoaib707,5,0.00114,25140,5.74254,437785
830,memory,5,0.00114,25145,5.74369,437785
831,mengfanjiebay,5,0.00114,25150,5.74483,437785
832,merlinnot,5,0.00114,25155,5.74597,437785
833,mikeykhalil,5,0.00114,25160,5.74711,437785
834,MohamedElqdusy,5,0.00114,25165,5.74826,437785
835,Mokto,5,0.00114,25170,5.74940,437785
836,monstercy,5,0.00114,25175,5.75054,437785
837,moonming,5,0.00114,25180,5.75168,437785
838,mpashka,5,0.00114,25185,5.75282,437785
839,muhongwei,5,0.00114,25190,5.75397,437785
840,n0rad,5,0.00114,25195,5.75511,437785
841,nabokihms,5,0.00114,25200,5.75625,437785
842,nandu-vinodan,5,0.00114,25205,5.75739,437785
843,natalysheinin,5,0.00114,25210,5.75853,437785
844,nevill,5,0.00114,25215,5.75968,437785
845,nevins-jask,5,0.00114,25220,5.76082,437785
846,nizamial09,5,0.00114,25225,5.76196,437785
847,nmaupu,5,0.00114,25230,5.76310,437785
848,nowjean,5,0.00114,25235,5.76425,437785
849,okumin,5,0.00114,25240,5.76539,437785
850,oliverisaac,5,0.00114,25245,5.76653,437785
851,paulsubrata55,5,0.00114,25250,5.76767,437785
852,pentium3,5,0.00114,25255,5.76881,437785
853,pfreixes,5,0.00114,25260,5.76996,437785
854,phanama,5,0.00114,25265,5.77110,437785
855,phantooom,5,0.00114,25270,5.77224,437785
856,phoenixking25,5,0.00114,25275,5.77338,437785
857,pkutishch,5,0.00114,25280,5.77452,437785
858,pringlewood,5,0.00114,25285,5.77567,437785
859,problame,5,0.00114,25290,5.77681,437785
860,prsimoes,5,0.00114,25295,5.77795,437785
861,qwangqw,5,0.00114,25300,5.77909,437785
862,racevedoo,5,0.00114,25305,5.78023,437785
863,rafariossaa,5,0.00114,25310,5.78138,437785
864,rdemachkovych,5,0.00114,25315,5.78252,437785
865,RickHaan,5,0.00114,25320,5.78366,437785
866,ricky1993,5,0.00114,25325,5.78480,437785
867,rishabhkumar296,5,0.00114,25330,5.78595,437785
868,runningman84,5,0.00114,25335,5.78709,437785
869,Sajadorouji,5,0.00114,25340,5.78823,437785
870,sharmaanshul21,5,0.00114,25345,5.78937,437785
871,shenyuanyu,5,0.00114,25350,5.79051,437785
872,shibbybird,5,0.00114,25355,5.79166,437785
873,shihan9,5,0.00114,25360,5.79280,437785
874,ShikherVerma,5,0.00114,25365,5.79394,437785
875,silverjam,5,0.00114,25370,5.79508,437785
876,SimonAlling,5,0.00114,25375,5.79622,437785
877,slene,5,0.00114,25380,5.79737,437785
878,Smirl,5,0.00114,25385,5.79851,437785
879,sotoiwa,5,0.00114,25390,5.79965,437785
880,sp-joseluis-ledesma,5,0.00114,25395,5.80079,437785
881,squarejaw,5,0.00114,25400,5.80193,437785
882,sschepens,5,0.00114,25405,5.80308,437785
883,stefanvassilev,5,0.00114,25410,5.80422,437785
884,steved,5,0.00114,25415,5.80536,437785
885,stevenjm,5,0.00114,25420,5.80650,437785
886,taharah,5,0.00114,25425,5.80765,437785
887,taintedkernel,5,0.00114,25430,5.80879,437785
888,tcmichael,5,0.00114,25435,5.80993,437785
889,tddorgtfo,5,0.00114,25440,5.81107,437785
890,The-Alchemist,5,0.00114,25445,5.81221,437785
891,thojkooi,5,0.00114,25450,5.81336,437785
892,tiendc,5,0.00114,25455,5.81450,437785
893,tioxy,5,0.00114,25460,5.81564,437785
894,tlg-bf,5,0.00114,25465,5.81678,437785
895,tmhdgsn,5,0.00114,25470,5.81792,437785
896,troshko111,5,0.00114,25475,5.81907,437785
897,tsl-karlp,5,0.00114,25480,5.82021,437785
898,Tutkovics,5,0.00114,25485,5.82135,437785
899,verma-varsha,5,0.00114,25490,5.82249,437785
900,vglafirov,5,0.00114,25495,5.82363,437785
901,wangxinxu411,5,0.00114,25500,5.82478,437785
902,waynexia,5,0.00114,25505,5.82592,437785
903,wenjun93,5,0.00114,25510,5.82706,437785
904,wentaoxu,5,0.00114,25515,5.82820,437785
905,widearea101,5,0.00114,25520,5.82935,437785
906,willgittoes-dd,5,0.00114,25525,5.83049,437785
907,wjx1995,5,0.00114,25530,5.83163,437785
908,wynro,5,0.00114,25535,5.83277,437785
909,xrmzju,5,0.00114,25540,5.83391,437785
910,yinhaijiao,5,0.00114,25545,5.83506,437785
911,YouthLab,5,0.00114,25550,5.83620,437785
912,y-taka-23,5,0.00114,25555,5.83734,437785
913,yuanshuhan,5,0.00114,25560,5.83848,437785
914,yuchengwu,5,0.00114,25565,5.83962,437785
915,zer0big,5,0.00114,25570,5.84077,437785
916,Zhuzhenghao,5,0.00114,25575,5.84191,437785
917,zionwu,5,0.00114,25580,5.84305,437785
918,ziyi-yan,5,0.00114,25585,5.84419,437785
919,zs1379,5,0.00114,25590,5.84534,437785
920,0xflotus,4,0.00091,25594,5.84625,437785
921,181192,4,0.00091,25598,5.84716,437785
922,245347881,4,0.00091,25602,5.84808,437785
923,8398a7,4,0.00091,25606,5.84899,437785
924,aaliddell,4,0.00091,25610,5.84990,437785
925,aaronbbrown,4,0.00091,25614,5.85082,437785
926,aarroyoc,4,0.00091,25618,5.85173,437785
927,abaptiste,4,0.00091,25622,5.85264,437785
928,acim,4,0.00091,25626,5.85356,437785
929,adharmawan,4,0.00091,25630,5.85447,437785
930,adtac,4,0.00091,25634,5.85539,437785
931,aead,4,0.00091,25638,5.85630,437785
932,agcooke,4,0.00091,25642,5.85721,437785
933,akashshah26595,4,0.00091,25646,5.85813,437785
934,akihiro17,4,0.00091,25650,5.85904,437785
935,albertomurillo,4,0.00091,25654,5.85995,437785
936,alexgervais,4,0.00091,25658,5.86087,437785
937,alex-laties,4,0.00091,25662,5.86178,437785
938,alijahnas,4,0.00091,25666,5.86270,437785
939,alwinmarkcf,4,0.00091,25670,5.86361,437785
940,AndiDog,4,0.00091,25674,5.86452,437785
941,AndreaGiardini,4,0.00091,25678,5.86544,437785
942,andrew-waters,4,0.00091,25682,5.86635,437785
943,andylokandy,4,0.00091,25686,5.86726,437785
944,anmolsachan,4,0.00091,25690,5.86818,437785
945,archcosmo,4,0.00091,25694,5.86909,437785
946,argeualcantara,4,0.00091,25698,5.87000,437785
947,arrowd,4,0.00091,25702,5.87092,437785
948,artbegolli,4,0.00091,25706,5.87183,437785
949,ArugakiWei,4,0.00091,25710,5.87275,437785
950,ashie,4,0.00091,25714,5.87366,437785
951,asincu,4,0.00091,25718,5.87457,437785
952,asosso,4,0.00091,25722,5.87549,437785
953,atsuky,4,0.00091,25726,5.87640,437785
954,bai,4,0.00091,25730,5.87731,437785
955,baoyachi,4,0.00091,25734,5.87823,437785
956,bcorijn,4,0.00091,25738,5.87914,437785
957,benhartley,4,0.00091,25742,5.88006,437785
958,bhean,4,0.00091,25746,5.88097,437785
959,bitglue,4,0.00091,25750,5.88188,437785
960,bjornstar,4,0.00091,25754,5.88280,437785
961,blowmage,4,0.00091,25758,5.88371,437785
962,BlueHatbRit,4,0.00091,25762,5.88462,437785
963,Bobgy,4,0.00091,25766,5.88554,437785
964,bpicolo,4,0.00091,25770,5.88645,437785
965,branttaylor,4,0.00091,25774,5.88736,437785
966,brava-vinh,4,0.00091,25778,5.88828,437785
967,byteor,4,0.00091,25782,5.88919,437785
968,cab,4,0.00091,25786,5.89011,437785
969,carolkng,4,0.00091,25790,5.89102,437785
970,catbrier,4,0.00091,25794,5.89193,437785
971,cboornaz17,4,0.00091,25798,5.89285,437785
972,celanthe,4,0.00091,25802,5.89376,437785
973,ChaitanyaKaranam,4,0.00091,25806,5.89467,437785
974,chris-chambers,4,0.00091,25810,5.89559,437785
975,chrisrgithub,4,0.00091,25814,5.89650,437785
976,Chuongv,4,0.00091,25818,5.89742,437785
977,Cingulara,4,0.00091,25822,5.89833,437785
978,cmccart750,4,0.00091,25826,5.89924,437785
979,cplee,4,0.00091,25830,5.90016,437785
980,crlf0710,4,0.00091,25834,5.90107,437785
981,crystaljade,4,0.00091,25838,5.90198,437785
982,cyrilledec,4,0.00091,25842,5.90290,437785
983,danielpops,4,0.00091,25846,5.90381,437785
984,dastrobu,4,0.00091,25850,5.90472,437785
985,DavidLangworthy,4,0.00091,25854,5.90564,437785
986,Denton24646,4,0.00091,25858,5.90655,437785
987,deployable,4,0.00091,25862,5.90747,437785
988,devOpsHelm,4,0.00091,25866,5.90838,437785
989,dipack95,4,0.00091,25870,5.90929,437785
990,dippynark,4,0.00091,25874,5.91021,437785
991,djKooks,4,0.00091,25878,5.91112,437785
992,djosephsen,4,0.00091,25882,5.91203,437785
993,djsd123,4,0.00091,25886,5.91295,437785
994,d-luu,4,0.00091,25890,5.91386,437785
995,dminGod,4,0.00091,25894,5.91478,437785
996,dmitriy-lukyanchikov,4,0.00091,25898,5.91569,437785
997,DoubleDensity,4,0.00091,25902,5.91660,437785
998,douglasknudsen,4,0.00091,25906,5.91752,437785
999,dprotaso,4,0.00091,25910,5.91843,437785
1000,drx777,4,0.00091,25914,5.91934,437785
1001,dvulpe,4,0.00091,25918,5.92026,437785
1002,edrandall,4,0.00091,25922,5.92117,437785
1003,ellisda,4,0.00091,25926,5.92209,437785
1004,enterit,4,0.00091,25930,5.92300,437785
1005,erbesharat,4,0.00091,25934,5.92391,437785
1006,EricMountain,4,0.00091,25938,5.92483,437785
1007,eroldan,4,0.00091,25942,5.92574,437785
1008,esweiss,4,0.00091,25946,5.92665,437785
1009,eyci,4,0.00091,25950,5.92757,437785
1010,factuno-db,4,0.00091,25954,5.92848,437785
1011,fahedouch,4,0.00091,25958,5.92939,437785
1012,farshad-hobsons,4,0.00091,25962,5.93031,437785
1013,fho,4,0.00091,25966,5.93122,437785
1014,film42,4,0.00091,25970,5.93214,437785
1015,florianb,4,0.00091,25974,5.93305,437785
1016,frioux,4,0.00091,25978,5.93396,437785
1017,fstab,4,0.00091,25982,5.93488,437785
1018,gabeduke,4,0.00091,25986,5.93579,437785
1019,galiev,4,0.00091,25990,5.93670,437785
1020,ganga1980,4,0.00091,25994,5.93762,437785
1021,george-angel,4,0.00091,25998,5.93853,437785
1022,getong,4,0.00091,26002,5.93945,437785
1023,gezb,4,0.00091,26006,5.94036,437785
1024,gireeshp,4,0.00091,26010,5.94127,437785
1025,gklp,4,0.00091,26014,5.94219,437785
1026,glo-pena,4,0.00091,26018,5.94310,437785
1027,gonzalop,4,0.00091,26022,5.94401,437785
1028,googlebabaio,4,0.00091,26026,5.94493,437785
1029,Gottox,4,0.00091,26030,5.94584,437785
1030,gregoryfranklin,4,0.00091,26034,5.94675,437785
1031,guillomep,4,0.00091,26038,5.94767,437785
1032,Hanaasagi,4,0.00091,26042,5.94858,437785
1033,hari-sanker,4,0.00091,26046,5.94950,437785
1034,hectorhdzg,4,0.00091,26050,5.95041,437785
1035,heyleke,4,0.00091,26054,5.95132,437785
1036,hhtpcd,4,0.00091,26058,5.95224,437785
1037,hikoz,4,0.00091,26062,5.95315,437785
1038,hoffie,4,0.00091,26066,5.95406,437785
1039,holycheater,4,0.00091,26070,5.95498,437785
1040,hongkunyoo,4,0.00091,26074,5.95589,437785
1041,hooten,4,0.00091,26078,5.95681,437785
1042,hpejustin,4,0.00091,26082,5.95772,437785
1043,hprateek43,4,0.00091,26086,5.95863,437785
1044,HSBawa,4,0.00091,26090,5.95955,437785
1045,huffmanca,4,0.00091,26094,5.96046,437785
1046,ignasi35,4,0.00091,26098,5.96137,437785
1047,infoverload,4,0.00091,26102,5.96229,437785
1048,isachit,4,0.00091,26106,5.96320,437785
1049,JackPrice,4,0.00091,26110,5.96411,437785
1050,JackWindows,4,0.00091,26114,5.96503,437785
1051,jamessanford,4,0.00091,26118,5.96594,437785
1052,jannickfahlbusch,4,0.00091,26122,5.96686,437785
1053,jaricftw,4,0.00091,26126,5.96777,437785
1054,jaspervdj-luminal,4,0.00091,26130,5.96868,437785
1055,jawi,4,0.00091,26134,5.96960,437785
1056,jbarrick-mesosphere,4,0.00091,26138,5.97051,437785
1057,jbleduigou,4,0.00091,26142,5.97142,437785
1058,jblunck,4,0.00091,26146,5.97234,437785
1059,jeffpiazza-google,4,0.00091,26150,5.97325,437785
1060,JensErat,4,0.00091,26154,5.97417,437785
1061,jhalfmoon,4,0.00091,26158,5.97508,437785
1062,jmymy,4,0.00091,26162,5.97599,437785
1063,jmyung,4,0.00091,26166,5.97691,437785
1064,johnstudarus,4,0.00091,26170,5.97782,437785
1065,jqlu,4,0.00091,26174,5.97873,437785
1066,jwenz723,4,0.00091,26178,5.97965,437785
1067,jwzl,4,0.00091,26182,5.98056,437785
1068,jygastaud,4,0.00091,26186,5.98147,437785
1069,jyotima,4,0.00091,26190,5.98239,437785
1070,kbacha,4,0.00091,26194,5.98330,437785
1071,kcwu,4,0.00091,26198,5.98422,437785
1072,KealanM,4,0.00091,26202,5.98513,437785
1073,khushmeen,4,0.00091,26206,5.98604,437785
1074,kmjayadeep,4,0.00091,26210,5.98696,437785
1075,Korijn,4,0.00091,26214,5.98787,437785
1076,ktpv,4,0.00091,26218,5.98878,437785
1077,kxxoling,4,0.00091,26222,5.98970,437785
1078,larhauga,4,0.00091,26226,5.99061,437785
1079,lavignes,4,0.00091,26230,5.99153,437785
1080,leeeboo,4,0.00091,26234,5.99244,437785
1081,LenardLee,4,0.00091,26238,5.99335,437785
1082,leogr,4,0.00091,26242,5.99427,437785
1083,lindhe,4,0.00091,26246,5.99518,437785
1084,linxiulei,4,0.00091,26250,5.99609,437785
1085,liuxu623,4,0.00091,26254,5.99701,437785
1086,lkpdn,4,0.00091,26258,5.99792,437785
1087,lorenzo-david,4,0.00091,26262,5.99884,437785
1088,luvtechno,4,0.00091,26266,5.99975,437785
1089,m15o,4,0.00091,26270,6.00066,437785
1090,m3ngyang,4,0.00091,26274,6.00158,437785
1091,m4r10k,4,0.00091,26278,6.00249,437785
1092,maabou512,4,0.00091,26282,6.00340,437785
1093,mariusv,4,0.00091,26286,6.00432,437785
1094,MartinLeedotOrg,4,0.00091,26290,6.00523,437785
1095,maximsnezhkov,4,0.00091,26294,6.00614,437785
1096,MaxKam,4,0.00091,26298,6.00706,437785
1097,mbyczkowski,4,0.00091,26302,6.00797,437785
1098,meirlaker,4,0.00091,26306,6.00889,437785
1099,mfcripps,4,0.00091,26310,6.00980,437785
1100,mfrister,4,0.00091,26314,6.01071,437785
1101,michal-hudy,4,0.00091,26318,6.01163,437785
1102,micnncim,4,0.00091,26322,6.01254,437785
1103,mikegrass,4,0.00091,26326,6.01345,437785
1104,mittalyashu,4,0.00091,26330,6.01437,437785
1105,mjhopkins,4,0.00091,26334,6.01528,437785
1106,mknapik1,4,0.00091,26338,6.01620,437785
1107,mlgibbons,4,0.00091,26342,6.01711,437785
1108,mlycore,4,0.00091,26346,6.01802,437785
1109,m-masataka,4,0.00091,26350,6.01894,437785
1110,mmumshad,4,0.00091,26354,6.01985,437785
1111,mnm678,4,0.00091,26358,6.02076,437785
1112,moonek,4,0.00091,26362,6.02168,437785
1113,morrisonlevi,4,0.00091,26366,6.02259,437785
1114,mos3abof,4,0.00091,26370,6.02350,437785
1115,mpalmer,4,0.00091,26374,6.02442,437785
1116,ms32035,4,0.00091,26378,6.02533,437785
1117,nanshi2016,4,0.00091,26382,6.02625,437785
1118,natereid72,4,0.00091,26386,6.02716,437785
1119,nehagup,4,0.00091,26390,6.02807,437785
1120,nelcy,4,0.00091,26394,6.02899,437785
1121,nelvadas,4,0.00091,26398,6.02990,437785
1122,nhlfr,4,0.00091,26402,6.03081,437785
1123,nikita-mk,4,0.00091,26406,6.03173,437785
1124,nonly,4,0.00091,26410,6.03264,437785
1125,ntk148v,4,0.00091,26414,6.03356,437785
1126,nudgegoonies,4,0.00091,26418,6.03447,437785
1127,null93,4,0.00091,26422,6.03538,437785
1128,obiesmans,4,0.00091,26426,6.03630,437785
1129,omonnier,4,0.00091,26430,6.03721,437785
1130,osoriano,4,0.00091,26434,6.03812,437785
1131,ota42y,4,0.00091,26438,6.03904,437785
1132,PaladinTyrion,4,0.00091,26442,6.03995,437785
1133,paroxp,4,0.00091,26446,6.04086,437785
1134,PascalBourdier,4,0.00091,26450,6.04178,437785
1135,peterfroehlich,4,0.00091,26454,6.04269,437785
1136,peterj,4,0.00091,26458,6.04361,437785
1137,pjbgf,4,0.00091,26462,6.04452,437785
1138,pjferrell,4,0.00091,26466,6.04543,437785
1139,poochwashere,4,0.00091,26470,6.04635,437785
1140,poweroftrue,4,0.00091,26474,6.04726,437785
1141,praveensastry,4,0.00091,26478,6.04817,437785
1142,puckpuck,4,0.00091,26482,6.04909,437785
1143,qingkunl,4,0.00091,26486,6.05000,437785
1144,qlikcoe,4,0.00091,26490,6.05092,437785
1145,qudongfang,4,0.00091,26494,6.05183,437785
1146,r0b2g1t,4,0.00091,26498,6.05274,437785
1147,ralight,4,0.00091,26502,6.05366,437785
1148,rasikakale,4,0.00091,26506,6.05457,437785
1149,rbo13,4,0.00091,26510,6.05548,437785
1150,rewanth1997,4,0.00091,26514,6.05640,437785
1151,rillig,4,0.00091,26518,6.05731,437785
1152,Rishabh570,4,0.00091,26522,6.05822,437785
1153,rlisagor,4,0.00091,26526,6.05914,437785
1154,rohit01,4,0.00091,26530,6.06005,437785
1155,ror6ax,4,0.00091,26534,6.06097,437785
1156,rowanruseler,4,0.00091,26538,6.06188,437785
1157,roymiloh,4,0.00091,26542,6.06279,437785
1158,rralcala,4,0.00091,26546,6.06371,437785
1159,rustycl0ck,4,0.00091,26550,6.06462,437785
1160,rytswd,4,0.00091,26554,6.06553,437785
1161,sachet-mittal,4,0.00091,26558,6.06645,437785
1162,samc24,4,0.00091,26562,6.06736,437785
1163,SamuAlfageme,4,0.00091,26566,6.06828,437785
1164,SamWhited,4,0.00091,26570,6.06919,437785
1165,sandhose,4,0.00091,26574,6.07010,437785
1166,savitharaghunathan,4,0.00091,26578,6.07102,437785
1167,sayak119,4,0.00091,26582,6.07193,437785
1168,schantaraud,4,0.00091,26586,6.07284,437785
1169,schrodit,4,0.00091,26590,6.07376,437785
1170,scw00,4,0.00091,26594,6.07467,437785
1171,sdarwin,4,0.00091,26598,6.07559,437785
1172,SergeyKaydalov,4,0.00091,26602,6.07650,437785
1173,seriousben,4,0.00091,26606,6.07741,437785
1174,sfabel,4,0.00091,26610,6.07833,437785
1175,shaardie,4,0.00091,26614,6.07924,437785
1176,shaikatz,4,0.00091,26618,6.08015,437785
1177,sharon-vendrov,4,0.00091,26622,6.08107,437785
1178,sh-miyoshi,4,0.00091,26626,6.08198,437785
1179,shrinandj,4,0.00091,26630,6.08289,437785
1180,si74,4,0.00091,26634,6.08381,437785
1181,silentpete,4,0.00091,26638,6.08472,437785
1182,singhmeghna79,4,0.00091,26642,6.08564,437785
1183,smallyard,4,0.00091,26646,6.08655,437785
1184,smcavallo,4,0.00091,26650,6.08746,437785
1185,SneakyFish5,4,0.00091,26654,6.08838,437785
1186,SpencerMalone,4,0.00091,26658,6.08929,437785
1187,spyros87,4,0.00091,26662,6.09020,437785
1188,sriduth,4,0.00091,26666,6.09112,437785
1189,stepyu,4,0.00091,26670,6.09203,437785
1190,stuartgrice,4,0.00091,26674,6.09295,437785
1191,SweetOps,4,0.00091,26678,6.09386,437785
1192,swhsiang,4,0.00091,26682,6.09477,437785
1193,tabern,4,0.00091,26686,6.09569,437785
1194,tanuck,4,0.00091,26690,6.09660,437785
1195,TAvardit,4,0.00091,26694,6.09751,437785
1196,taylorsilva,4,0.00091,26698,6.09843,437785
1197,technicianted,4,0.00091,26702,6.09934,437785
1198,teq0,4,0.00091,26706,6.10025,437785
1199,tequilarista,4,0.00091,26710,6.10117,437785
1200,thebouv,4,0.00091,26714,6.10208,437785
1201,theimpostor,4,0.00091,26718,6.10300,437785
1202,TigerInYourDream,4,0.00091,26722,6.10391,437785
1203,Timer,4,0.00091,26726,6.10482,437785
1204,tobald,4,0.00091,26730,6.10574,437785
1205,tobegit3hub,4,0.00091,26734,6.10665,437785
1206,Tom-Fawcett,4,0.00091,26738,6.10756,437785
1207,Toper2035,4,0.00091,26742,6.10848,437785
1208,towolf,4,0.00091,26746,6.10939,437785
1209,travail,4,0.00091,26750,6.11031,437785
1210,tw666,4,0.00091,26754,6.11122,437785
1211,twiedenbein,4,0.00091,26758,6.11213,437785
1212,tylersouthard,4,0.00091,26762,6.11305,437785
1213,tzz,4,0.00091,26766,6.11396,437785
1214,utkarsh2102,4,0.00091,26770,6.11487,437785
1215,vetal4444,4,0.00091,26774,6.11579,437785
1216,vgarcia-te,4,0.00091,26778,6.11670,437785
1217,vishakhanihore,4,0.00091,26782,6.11761,437785
1218,vkhromov,4,0.00091,26786,6.11853,437785
1219,vladvasiliu,4,0.00091,26790,6.11944,437785
1220,vlvasilev,4,0.00091,26794,6.12036,437785
1221,vn-ki,4,0.00091,26798,6.12127,437785
1222,vvbogdanov87,4,0.00091,26802,6.12218,437785
1223,w00204372,4,0.00091,26806,6.12310,437785
1224,wangwangwar,4,0.00091,26810,6.12401,437785
1225,wangyx1992,4,0.00091,26814,6.12492,437785
1226,war-turtle,4,0.00091,26818,6.12584,437785
1227,wccsama,4,0.00091,26822,6.12675,437785
1228,weeco,4,0.00091,26826,6.12767,437785
1229,weixiao-huang,4,0.00091,26830,6.12858,437785
1230,woernfl,4,0.00091,26834,6.12949,437785
1231,Xenwar,4,0.00091,26838,6.13041,437785
1232,xhh1989,4,0.00091,26842,6.13132,437785
1233,xiao-lix,4,0.00091,26846,6.13223,437785
1234,xkeyideal,4,0.00091,26850,6.13315,437785
1235,xrstf,4,0.00091,26854,6.13406,437785
1236,yegoratpinterest,4,0.00091,26858,6.13497,437785
1237,yqwang-ms,4,0.00091,26862,6.13589,437785
1238,yunxji,4,0.00091,26866,6.13680,437785
1239,yuribit,4,0.00091,26870,6.13772,437785
1240,yuzhiquan,4,0.00091,26874,6.13863,437785
1241,zablvit,4,0.00091,26878,6.13954,437785
1242,zhanghongtong,4,0.00091,26882,6.14046,437785
1243,ZhiqinYang,4,0.00091,26886,6.14137,437785
1244,ZhuPeng,4,0.00091,26890,6.14228,437785
1245,zkanda,4,0.00091,26894,6.14320,437785
1246,zyh-hust,4,0.00091,26898,6.14411,437785
1247,010akv,3,0.00069,26901,6.14480,437785
1248,0mp,3,0.00069,26904,6.14548,437785
1249,0robustus1,3,0.00069,26907,6.14617,437785
1250,a4099181,3,0.00069,26910,6.14685,437785
1251,aackerman,3,0.00069,26913,6.14754,437785
1252,aaparmeggiani,3,0.00069,26916,6.14822,437785
1253,AarshiyaGuneja,3,0.00069,26919,6.14891,437785
1254,AbdullahBM,3,0.00069,26922,6.14959,437785
1255,abejide001,3,0.00069,26925,6.15028,437785
1256,acca,3,0.00069,26928,6.15096,437785
1257,admoriarty,3,0.00069,26931,6.15165,437785
1258,adrianlzt,3,0.00069,26934,6.15234,437785
1259,aegershman,3,0.00069,26937,6.15302,437785
1260,aeneasr,3,0.00069,26940,6.15371,437785
1261,Aidamina,3,0.00069,26943,6.15439,437785
1262,airadier,3,0.00069,26946,6.15508,437785
1263,akopytov,3,0.00069,26949,6.15576,437785
1264,aladjadj,3,0.00069,26952,6.15645,437785
1265,alanctgardner,3,0.00069,26955,6.15713,437785
1266,alevitter,3,0.00069,26958,6.15782,437785
1267,alexander-lloyd,3,0.00069,26961,6.15850,437785
1268,alexandrul,3,0.00069,26964,6.15919,437785
1269,alexjx,3,0.00069,26967,6.15987,437785
1270,alex-libre,3,0.00069,26970,6.16056,437785
1271,alexnguyen91,3,0.00069,26973,6.16124,437785
1272,AlexNPavel,3,0.00069,26976,6.16193,437785
1273,alkar,3,0.00069,26979,6.16261,437785
1274,almalki,3,0.00069,26982,6.16330,437785
1275,amouat,3,0.00069,26985,6.16398,437785
1276,amritanshu-pandey,3,0.00069,26988,6.16467,437785
1277,amuraru,3,0.00069,26991,6.16536,437785
1278,anbarium,3,0.00069,26994,6.16604,437785
1279,andir,3,0.00069,26997,6.16673,437785
1280,andrewjjenkins,3,0.00069,27000,6.16741,437785
1281,andrey-ko,3,0.00069,27003,6.16810,437785
1282,andrsp,3,0.00069,27006,6.16878,437785
1283,andrzejwaw,3,0.00069,27009,6.16947,437785
1284,andsens,3,0.00069,27012,6.17015,437785
1285,anyscoding,3,0.00069,27015,6.17084,437785
1286,aramisjohnson,3,0.00069,27018,6.17152,437785
1287,arindamnayak,3,0.00069,27021,6.17221,437785
1288,armab,3,0.00069,27024,6.17289,437785
1289,arshadkazmi42,3,0.00069,27027,6.17358,437785
1290,arthurvanduynhoven,3,0.00069,27030,6.17426,437785
1291,arvindsv,3,0.00069,27033,6.17495,437785
1292,asauber,3,0.00069,27036,6.17563,437785
1293,ashishbharthi,3,0.00069,27039,6.17632,437785
1294,ashmere,3,0.00069,27042,6.17700,437785
1295,astroza,3,0.00069,27045,6.17769,437785
1296,at-k,3,0.00069,27048,6.17838,437785
1297,Avni-Sharma,3,0.00069,27051,6.17906,437785
1298,avorima,3,0.00069,27054,6.17975,437785
1299,awaddiz,3,0.00069,27057,6.18043,437785
1300,azhelev,3,0.00069,27060,6.18112,437785
1301,azmelanar,3,0.00069,27063,6.18180,437785
1302,baboune,3,0.00069,27066,6.18249,437785
1303,bagrat,3,0.00069,27069,6.18317,437785
1304,balduncle,3,0.00069,27072,6.18386,437785
1305,bandesz,3,0.00069,27075,6.18454,437785
1306,barryib,3,0.00069,27078,6.18523,437785
1307,BeHappyF,3,0.00069,27081,6.18591,437785
1308,benjaminp,3,0.00069,27084,6.18660,437785
1309,bergemalm,3,0.00069,27087,6.18728,437785
1310,BertrandGouny,3,0.00069,27090,6.18797,437785
1311,bharathpgp,3,0.00069,27093,6.18865,437785
1312,bhaskarhc,3,0.00069,27096,6.18934,437785
1313,bhegazy,3,0.00069,27099,6.19002,437785
1314,bigMacro,3,0.00069,27102,6.19071,437785
1315,binoue,3,0.00069,27105,6.19140,437785
1316,bismarck,3,0.00069,27108,6.19208,437785
1317,blingwang,3,0.00069,27111,6.19277,437785
1318,blitline-dev,3,0.00069,27114,6.19345,437785
1319,bluebenno,3,0.00069,27117,6.19414,437785
1320,bogard1203,3,0.00069,27120,6.19482,437785
1321,boosty,3,0.00069,27123,6.19551,437785
1322,bootstraponline,3,0.00069,27126,6.19619,437785
1323,braderhart,3,0.00069,27129,6.19688,437785
1324,breedx-nr,3,0.00069,27132,6.19756,437785
1325,brendanjryan,3,0.00069,27135,6.19825,437785
1326,briandealwis,3,0.00069,27138,6.19893,437785
1327,bripkens,3,0.00069,27141,6.19962,437785
1328,bsingr,3,0.00069,27144,6.20030,437785
1329,bswinnerton,3,0.00069,27147,6.20099,437785
1330,burningion,3,0.00069,27150,6.20167,437785
1331,CameronLonsdale,3,0.00069,27153,6.20236,437785
1332,CasualSuperman,3,0.00069,27156,6.20304,437785
1333,cebernardi,3,0.00069,27159,6.20373,437785
1334,chandanbn,3,0.00069,27162,6.20442,437785
1335,Charles546,3,0.00069,27165,6.20510,437785
1336,CharlieC3,3,0.00069,27168,6.20579,437785
1337,chemicL,3,0.00069,27171,6.20647,437785
1338,chenquanzhao,3,0.00069,27174,6.20716,437785
1339,chicken231,3,0.00069,27177,6.20784,437785
1340,chirauki,3,0.00069,27180,6.20853,437785
1341,chlins,3,0.00069,27183,6.20921,437785
1342,cjbradfield,3,0.00069,27186,6.20990,437785
1343,ckcd,3,0.00069,27189,6.21058,437785
1344,clickyotomy,3,0.00069,27192,6.21127,437785
1345,clintmoyer,3,0.00069,27195,6.21195,437785
1346,clumsy456,3,0.00069,27198,6.21264,437785
1347,cmendible,3,0.00069,27201,6.21332,437785
1348,cmingxu,3,0.00069,27204,6.21401,437785
1349,colmbuckley,3,0.00069,27207,6.21469,437785
1350,comicmuse,3,0.00069,27210,6.21538,437785
1351,copa2,3,0.00069,27213,6.21606,437785
1352,corvus-ch,3,0.00069,27216,6.21675,437785
1353,CristianHenzel,3,0.00069,27219,6.21744,437785
1354,cryptk,3,0.00069,27222,6.21812,437785
1355,CSTDev,3,0.00069,27225,6.21881,437785
1356,cTxplorer,3,0.00069,27228,6.21949,437785
1357,cusri-admin,3,0.00069,27231,6.22018,437785
1358,cwl233,3,0.00069,27234,6.22086,437785
1359,cyberh0me,3,0.00069,27237,6.22155,437785
1360,damianpumar,3,0.00069,27240,6.22223,437785
1361,danacr,3,0.00069,27243,6.22292,437785
1362,danajp,3,0.00069,27246,6.22360,437785
1363,darwin67,3,0.00069,27249,6.22429,437785
1364,das-peter,3,0.00069,27252,6.22497,437785
1365,datianshi,3,0.00069,27255,6.22566,437785
1366,david476,3,0.00069,27258,6.22634,437785
1367,DavidZisky,3,0.00069,27261,6.22703,437785
1368,dayglojesus,3,0.00069,27264,6.22771,437785
1369,DaytonG,3,0.00069,27267,6.22840,437785
1370,dazuma,3,0.00069,27270,6.22909,437785
1371,dboenig,3,0.00069,27273,6.22977,437785
1372,ddelbondio,3,0.00069,27276,6.23046,437785
1373,debojitkakoti,3,0.00069,27279,6.23114,437785
1374,DebugSteven,3,0.00069,27282,6.23183,437785
1375,deepakpunjabi,3,0.00069,27285,6.23251,437785
1376,Defilan,3,0.00069,27288,6.23320,437785
1377,der-eismann,3,0.00069,27291,6.23388,437785
1378,desimone,3,0.00069,27294,6.23457,437785
1379,detailyang,3,0.00069,27297,6.23525,437785
1380,devinrsmith,3,0.00069,27300,6.23594,437785
1381,devlware,3,0.00069,27303,6.23662,437785
1382,dfredell,3,0.00069,27306,6.23731,437785
1383,dgl,3,0.00069,27309,6.23799,437785
1384,dichen16,3,0.00069,27312,6.23868,437785
1385,disigma,3,0.00069,27315,6.23936,437785
1386,divyam3897,3,0.00069,27318,6.24005,437785
1387,djalal,3,0.00069,27321,6.24073,437785
1388,djmgit,3,0.00069,27324,6.24142,437785
1389,dmitrytokarev,3,0.00069,27327,6.24211,437785
1390,dobesv,3,0.00069,27330,6.24279,437785
1391,dougEfresh,3,0.00069,27333,6.24348,437785
1392,durp,3,0.00069,27336,6.24416,437785
1393,dzeban,3,0.00069,27339,6.24485,437785
1394,egagala,3,0.00069,27342,6.24553,437785
1395,eik3,3,0.00069,27345,6.24622,437785
1396,ekirmayer,3,0.00069,27348,6.24690,437785
1397,eknudtson,3,0.00069,27351,6.24759,437785
1398,elsesiy,3,0.00069,27354,6.24827,437785
1399,emaincourt,3,0.00069,27357,6.24896,437785
1400,EmandM,3,0.00069,27360,6.24964,437785
1401,emas80,3,0.00069,27363,6.25033,437785
1402,emwalker,3,0.00069,27366,6.25101,437785
1403,enrichman,3,0.00069,27369,6.25170,437785
1404,enudler,3,0.00069,27372,6.25238,437785
1405,ermitovski,3,0.00069,27375,6.25307,437785
1406,evantorrie,3,0.00069,27378,6.25375,437785
1407,eviln1,3,0.00069,27381,6.25444,437785
1408,eyenx,3,0.00069,27384,6.25513,437785
1409,F21,3,0.00069,27387,6.25581,437785
1410,fabianvf,3,0.00069,27390,6.25650,437785
1411,falcon78921,3,0.00069,27393,6.25718,437785
1412,fancyuan,3,0.00069,27396,6.25787,437785
1413,fazalmajid,3,0.00069,27399,6.25855,437785
1414,fcrisciani,3,0.00069,27402,6.25924,437785
1415,fediazgon,3,0.00069,27405,6.25992,437785
1416,FelixWang1994,3,0.00069,27408,6.26061,437785
1417,Ferenc-,3,0.00069,27411,6.26129,437785
1418,ffd2subroutine,3,0.00069,27414,6.26198,437785
1419,filipochnik,3,0.00069,27417,6.26266,437785
1420,fipped,3,0.00069,27420,6.26335,437785
1421,fllaca,3,0.00069,27423,6.26403,437785
1422,fnmeissner,3,0.00069,27426,6.26472,437785
1423,foo0x29a,3,0.00069,27429,6.26540,437785
1424,fooka03,3,0.00069,27432,6.26609,437785
1425,frbimo,3,0.00069,27435,6.26677,437785
1426,fredmtyro,3,0.00069,27438,6.26746,437785
1427,gab-satchi,3,0.00069,27441,6.26815,437785
1428,gaohuag,3,0.00069,27444,6.26883,437785
1429,gautamdivgi,3,0.00069,27447,6.26952,437785
1430,geekgonecrazy,3,0.00069,27450,6.27020,437785
1431,GeertJohan,3,0.00069,27453,6.27089,437785
1432,gentryx,3,0.00069,27456,6.27157,437785
1433,gfelixc,3,0.00069,27459,6.27226,437785
1434,ghouscht,3,0.00069,27462,6.27294,437785
1435,giovanism,3,0.00069,27465,6.27363,437785
1436,git001,3,0.00069,27468,6.27431,437785
1437,gitfred,3,0.00069,27471,6.27500,437785
1438,gnustavo,3,0.00069,27474,6.27568,437785
1439,grahamar,3,0.00069,27477,6.27637,437785
1440,gregeinfrank,3,0.00069,27480,6.27705,437785
1441,Griesbacher,3,0.00069,27483,6.27774,437785
1442,Gsantomaggio,3,0.00069,27486,6.27842,437785
1443,gtamas,3,0.00069,27489,6.27911,437785
1444,guidoiaquinti,3,0.00069,27492,6.27979,437785
1445,hacst,3,0.00069,27495,6.28048,437785
1446,hangpark,3,0.00069,27498,6.28117,437785
1447,hangxie,3,0.00069,27501,6.28185,437785
1448,hasancelik,3,0.00069,27504,6.28254,437785
1449,hase1128,3,0.00069,27507,6.28322,437785
1450,haySwim,3,0.00069,27510,6.28391,437785
1451,heartsucker,3,0.00069,27513,6.28459,437785
1452,heppu,3,0.00069,27516,6.28528,437785
1453,hightoxicity,3,0.00069,27519,6.28596,437785
1454,HighwayofLife,3,0.00069,27522,6.28665,437785
1455,hintss,3,0.00069,27525,6.28733,437785
1456,hippolin,3,0.00069,27528,6.28802,437785
1457,hjwsm1989,3,0.00069,27531,6.28870,437785
1458,hmwenchen,3,0.00069,27534,6.28939,437785
1459,Horgix,3,0.00069,27537,6.29007,437785
1460,htkuan,3,0.00069,27540,6.29076,437785
1461,huangqg,3,0.00069,27543,6.29144,437785
1462,hunterlxt,3,0.00069,27546,6.29213,437785
1463,Hyzhou,3,0.00069,27549,6.29281,437785
1464,iamjarvo,3,0.00069,27552,6.29350,437785
1465,ibrf,3,0.00069,27555,6.29419,437785
1466,ickymettle,3,0.00069,27558,6.29487,437785
1467,ifosch,3,0.00069,27561,6.29556,437785
1468,ikoevska,3,0.00069,27564,6.29624,437785
1469,ildukim,3,0.00069,27567,6.29693,437785
1470,imcheck,3,0.00069,27570,6.29761,437785
1471,inferno-chromium,3,0.00069,27573,6.29830,437785
1472,initcron,3,0.00069,27576,6.29898,437785
1473,irajdeep,3,0.00069,27579,6.29967,437785
1474,irozet,3,0.00069,27582,6.30035,437785
1475,ishitatsuyuki,3,0.00069,27585,6.30104,437785
1476,jack0,3,0.00069,27588,6.30172,437785
1477,JackDrogon,3,0.00069,27591,6.30241,437785
1478,JakeC1020,3,0.00069,27594,6.30309,437785
1479,Jakeeyturner,3,0.00069,27597,6.30378,437785
1480,janickic,3,0.00069,27600,6.30446,437785
1481,janitha09,3,0.00069,27603,6.30515,437785
1482,jan-schumacher,3,0.00069,27606,6.30584,437785
1483,JaredTan95,3,0.00069,27609,6.30652,437785
1484,JasonHaley,3,0.00069,27612,6.30721,437785
1485,jawabuu,3,0.00069,27615,6.30789,437785
1486,jbdelpech,3,0.00069,27618,6.30858,437785
1487,jbovet,3,0.00069,27621,6.30926,437785
1488,jcezarms,3,0.00069,27624,6.30995,437785
1489,jeffsaelens,3,0.00069,27627,6.31063,437785
1490,JeremyWx,3,0.00069,27630,6.31132,437785
1491,jeremyxu2010,3,0.00069,27633,6.31200,437785
1492,jerrycmh,3,0.00069,27636,6.31269,437785
1493,jeyglk,3,0.00069,27639,6.31337,437785
1494,jgleonard,3,0.00069,27642,6.31406,437785
1495,jgriffiths1993,3,0.00069,27645,6.31474,437785
1496,jhernandezb,3,0.00069,27648,6.31543,437785
1497,jihoon-seo,3,0.00069,27651,6.31611,437785
1498,JiHyunSong,3,0.00069,27654,6.31680,437785
1499,JimBugwadia,3,0.00069,27657,6.31748,437785
1500,Jimmy-Xu,3,0.00069,27660,6.31817,437785
1501,jitran,3,0.00069,27663,6.31886,437785
1502,jjwilcoxson,3,0.00069,27666,6.31954,437785
1503,jnaulty,3,0.00069,27669,6.32023,437785
1504,JoaoBraveCoding,3,0.00069,27672,6.32091,437785
1505,John-Lin,3,0.00069,27675,6.32160,437785
1506,joker234,3,0.00069,27678,6.32228,437785
1507,jonasrmichel,3,0.00069,27681,6.32297,437785
1508,jonasrutishauser,3,0.00069,27684,6.32365,437785
1509,jon-walton,3,0.00069,27687,6.32434,437785
1510,jordanwilson230,3,0.00069,27690,6.32502,437785
1511,jordo1138,3,0.00069,27693,6.32571,437785
1512,josephtaylor,3,0.00069,27696,6.32639,437785
1513,joshbranham,3,0.00069,27699,6.32708,437785
1514,joshpmcghee,3,0.00069,27702,6.32776,437785
1515,jovizhangwei,3,0.00069,27705,6.32845,437785
1516,jraby,3,0.00069,27708,6.32913,437785
1517,jritchieBAE,3,0.00069,27711,6.32982,437785
1518,jrthrawny,3,0.00069,27714,6.33050,437785
1519,jsecchiero,3,0.00069,27717,6.33119,437785
1520,jswitzer,3,0.00069,27720,6.33188,437785
1521,juandiegopalomino,3,0.00069,27723,6.33256,437785
1522,julianhille,3,0.00069,27726,6.33325,437785
1523,justinnaldzin,3,0.00069,27729,6.33393,437785
1524,jutley,3,0.00069,27732,6.33462,437785
1525,j-vizcaino,3,0.00069,27735,6.33530,437785
1526,jyizheng,3,0.00069,27738,6.33599,437785
1527,k1-hedayati,3,0.00069,27741,6.33667,437785
1528,KalivarapuReshma,3,0.00069,27744,6.33736,437785
1529,kamijin-fanta,3,0.00069,27747,6.33804,437785
1530,kaoet,3,0.00069,27750,6.33873,437785
1531,keglevich3,3,0.00069,27753,6.33941,437785
1532,KeisukeYamashita,3,0.00069,27756,6.34010,437785
1533,kenjikaneda,3,0.00069,27759,6.34078,437785
1534,kevintchan,3,0.00069,27762,6.34147,437785
1535,KevinTHU,3,0.00069,27765,6.34215,437785
1536,kfr2,3,0.00069,27768,6.34284,437785
1537,khappucino,3,0.00069,27771,6.34352,437785
1538,kien-truong,3,0.00069,27774,6.34421,437785
1539,kimsaabyepedersen,3,0.00069,27777,6.34490,437785
1540,kinghuang,3,0.00069,27780,6.34558,437785
1541,kinzhao,3,0.00069,27783,6.34627,437785
1542,kir4h,3,0.00069,27786,6.34695,437785
1543,knqyf263,3,0.00069,27789,6.34764,437785
1544,knrt10,3,0.00069,27792,6.34832,437785
1545,KobayashiD27,3,0.00069,27795,6.34901,437785
1546,kpucynski,3,0.00069,27798,6.34969,437785
1547,kuramal,3,0.00069,27801,6.35038,437785
1548,kurktchiev,3,0.00069,27804,6.35106,437785
1549,Kyrremann,3,0.00069,27807,6.35175,437785
1550,L3n41c,3,0.00069,27810,6.35243,437785
1551,lang710,3,0.00069,27813,6.35312,437785
1552,langecode,3,0.00069,27816,6.35380,437785
1553,le-michael,3,0.00069,27819,6.35449,437785
1554,liaojh1998,3,0.00069,27822,6.35517,437785
1555,LilyAndLily,3,0.00069,27825,6.35586,437785
1556,liwenhe1993,3,0.00069,27828,6.35654,437785
1557,lizebang,3,0.00069,27831,6.35723,437785
1558,lkburns,3,0.00069,27834,6.35792,437785
1559,locmai,3,0.00069,27837,6.35860,437785
1560,Lord-Y,3,0.00069,27840,6.35929,437785
1561,LucasBoisserie,3,0.00069,27843,6.35997,437785
1562,lundbird,3,0.00069,27846,6.36066,437785
1563,lvht,3,0.00069,27849,6.36134,437785
1564,lvlv,3,0.00069,27852,6.36203,437785
1565,lvuch,3,0.00069,27855,6.36271,437785
1566,lyonlai,3,0.00069,27858,6.36340,437785
1567,mangchiandjjoe,3,0.00069,27861,6.36408,437785
1568,manish-404,3,0.00069,27864,6.36477,437785
1569,manohar9999,3,0.00069,27867,6.36545,437785
1570,marctc,3,0.00069,27870,6.36614,437785
1571,markronquillo,3,0.00069,27873,6.36682,437785
1572,marrrvin,3,0.00069,27876,6.36751,437785
1573,MarS919,3,0.00069,27879,6.36819,437785
1574,MartinForReal,3,0.00069,27882,6.36888,437785
1575,MaruHyl,3,0.00069,27885,6.36956,437785
1576,maruina,3,0.00069,27888,6.37025,437785
1577,matej-g,3,0.00069,27891,6.37094,437785
1578,matejzero,3,0.00069,27894,6.37162,437785
1579,mateuszlos,3,0.00069,27897,6.37231,437785
1580,mathagician,3,0.00069,27900,6.37299,437785
1581,matti,3,0.00069,27903,6.37368,437785
1582,Mattzr,3,0.00069,27906,6.37436,437785
1583,maxgolov,3,0.00069,27909,6.37505,437785
1584,mcwienczek,3,0.00069,27912,6.37573,437785
1585,medzin,3,0.00069,27915,6.37642,437785
1586,megastef,3,0.00069,27918,6.37710,437785
1587,meldafrawi,3,0.00069,27921,6.37779,437785
1588,mensi,3,0.00069,27924,6.37847,437785
1589,meowfaceman,3,0.00069,27927,6.37916,437785
1590,mfoo,3,0.00069,27930,6.37984,437785
1591,mgazza,3,0.00069,27933,6.38053,437785
1592,MiaoZhou,3,0.00069,27936,6.38121,437785
1593,micw,3,0.00069,27939,6.38190,437785
1594,MihaiAnei,3,0.00069,27942,6.38259,437785
1595,mikecann,3,0.00069,27945,6.38327,437785
1596,mikejoh,3,0.00069,27948,6.38396,437785
1597,MMeent,3,0.00069,27951,6.38464,437785
1598,monaka,3,0.00069,27954,6.38533,437785
1599,moorara,3,0.00069,27957,6.38601,437785
1600,mostrows2,3,0.00069,27960,6.38670,437785
1601,MrWako,3,0.00069,27963,6.38738,437785
1602,msg555,3,0.00069,27966,6.38807,437785
1603,MVrachev,3,0.00069,27969,6.38875,437785
1604,nerdatmath,3,0.00069,27972,6.38944,437785
1605,Nessex,3,0.00069,27975,6.39012,437785
1606,neumayer,3,0.00069,27978,6.39081,437785
1607,nickbabcock,3,0.00069,27981,6.39149,437785
1608,NickMRamirez,3,0.00069,27984,6.39218,437785
1609,novice81,3,0.00069,27987,6.39286,437785
1610,Ntr0,3,0.00069,27990,6.39355,437785
1611,ocelotl,3,0.00069,27993,6.39423,437785
1612,offzale,3,0.00069,27996,6.39492,437785
1613,omung-g,3,0.00069,27999,6.39561,437785
1614,opera443399,3,0.00069,28002,6.39629,437785
1615,optnfast,3,0.00069,28005,6.39698,437785
1616,orisano,3,0.00069,28008,6.39766,437785
1617,orymate,3,0.00069,28011,6.39835,437785
1618,otzoran,3,0.00069,28014,6.39903,437785
1619,paha,3,0.00069,28017,6.39972,437785
1620,palcoberro,3,0.00069,28020,6.40040,437785
1621,pam-,3,0.00069,28023,6.40109,437785
1622,Pancongwen,3,0.00069,28026,6.40177,437785
1623,papanito,3,0.00069,28029,6.40246,437785
1624,paralika,3,0.00069,28032,6.40314,437785
1625,parammittal16,3,0.00069,28035,6.40383,437785
1626,paulopontesm,3,0.00069,28038,6.40451,437785
1627,pbudds,3,0.00069,28041,6.40520,437785
1628,penguingao,3,0.00069,28044,6.40588,437785
1629,picadoh,3,0.00069,28047,6.40657,437785
1630,pierDipi,3,0.00069,28050,6.40725,437785
1631,piotrooo,3,0.00069,28053,6.40794,437785
1632,plallin,3,0.00069,28056,6.40863,437785
1633,Pluies,3,0.00069,28059,6.40931,437785
1634,plus-,3,0.00069,28062,6.41000,437785
1635,pmallory,3,0.00069,28065,6.41068,437785
1636,polarbizzle,3,0.00069,28068,6.41137,437785
1637,ponypaver,3,0.00069,28071,6.41205,437785
1638,prabangkoro,3,0.00069,28074,6.41274,437785
1639,prasadkatti,3,0.00069,28077,6.41342,437785
1640,preslavmihaylov,3,0.00069,28080,6.41411,437785
1641,PrismaPhonic,3,0.00069,28083,6.41479,437785
1642,ProfMoo,3,0.00069,28086,6.41548,437785
1643,purple-force,3,0.00069,28089,6.41616,437785
1644,qbast,3,0.00069,28092,6.41685,437785
1645,qingwave,3,0.00069,28095,6.41753,437785
1646,qingyunha,3,0.00069,28098,6.41822,437785
1647,qqbuby,3,0.00069,28101,6.41890,437785
1648,quaff,3,0.00069,28104,6.41959,437785
1649,qw1mb0,3,0.00069,28107,6.42027,437785
1650,rafatio,3,0.00069,28110,6.42096,437785
1651,raghavarora16,3,0.00069,28113,6.42165,437785
1652,ramitsurana,3,0.00069,28116,6.42233,437785
1653,ranasheel2000,3,0.00069,28119,6.42302,437785
1654,ranbochen,3,0.00069,28122,6.42370,437785
1655,randomswdev,3,0.00069,28125,6.42439,437785
1656,raphael-messner,3,0.00069,28128,6.42507,437785
1657,raunaqgupta,3,0.00069,28131,6.42576,437785
1658,remcohaszing,3,0.00069,28134,6.42644,437785
1659,renan,3,0.00069,28137,6.42713,437785
1660,rficcaglia,3,0.00069,28140,6.42781,437785
1661,ribbybibby,3,0.00069,28143,6.42850,437785
1662,richerve,3,0.00069,28146,6.42918,437785
1663,rigtorp,3,0.00069,28149,6.42987,437785
1664,rjbez17,3,0.00069,28152,6.43055,437785
1665,robertdebock,3,0.00069,28155,6.43124,437785
1666,robertjsullivan,3,0.00069,28158,6.43192,437785
1667,rockydcoder,3,0.00069,28161,6.43261,437785
1668,rohansingh,3,0.00069,28164,6.43329,437785
1669,RomanKrasavtsev,3,0.00069,28167,6.43398,437785
1670,rongjiecomputer,3,0.00069,28170,6.43467,437785
1671,rosteroster,3,0.00069,28173,6.43535,437785
1672,rsotnychenko,3,0.00069,28176,6.43604,437785
1673,ryaneorth,3,0.00069,28179,6.43672,437785
1674,ryan-stephen,3,0.00069,28182,6.43741,437785
1675,sachinkagarwal,3,0.00069,28185,6.43809,437785
1676,sachinmukherjee,3,0.00069,28188,6.43878,437785
1677,Sai-Adarsh,3,0.00069,28191,6.43946,437785
1678,samuel-hawker,3,0.00069,28194,6.44015,437785
1679,sancyx,3,0.00069,28197,6.44083,437785
1680,sandeep3119,3,0.00069,28200,6.44152,437785
1681,sandersn,3,0.00069,28203,6.44220,437785
1682,sarcasticadmin,3,0.00069,28206,6.44289,437785
1683,sa-spag,3,0.00069,28209,6.44357,437785
1684,sateffen,3,0.00069,28212,6.44426,437785
1685,scheeles,3,0.00069,28215,6.44494,437785
1686,schweizerbolzonello,3,0.00069,28218,6.44563,437785
1687,sco11morgan,3,0.00069,28221,6.44631,437785
1688,sconover,3,0.00069,28224,6.44700,437785
1689,scrothers,3,0.00069,28227,6.44769,437785
1690,sdodsley,3,0.00069,28230,6.44837,437785
1691,semyonslepov,3,0.00069,28233,6.44906,437785
1692,seperry53test,3,0.00069,28236,6.44974,437785
1693,sevagh,3,0.00069,28239,6.45043,437785
1694,sgi-tschaller,3,0.00069,28242,6.45111,437785
1695,sgolightly,3,0.00069,28245,6.45180,437785
1696,Shashwatsh,3,0.00069,28248,6.45248,437785
1697,shawnzhu,3,0.00069,28251,6.45317,437785
1698,shenshouer,3,0.00069,28254,6.45385,437785
1699,shir22,3,0.00069,28257,6.45454,437785
1700,shirhatti,3,0.00069,28260,6.45522,437785
1701,simt2,3,0.00069,28263,6.45591,437785
1702,Sing-Li,3,0.00069,28266,6.45659,437785
1703,sishydishy,3,0.00069,28269,6.45728,437785
1704,sitepodmatt,3,0.00069,28272,6.45796,437785
1705,siying,3,0.00069,28275,6.45865,437785
1706,sjkaris,3,0.00069,28278,6.45934,437785
1707,skizot722,3,0.00069,28281,6.46002,437785
1708,skomma,3,0.00069,28284,6.46071,437785
1709,Slayv,3,0.00069,28287,6.46139,437785
1710,smcquay,3,0.00069,28290,6.46208,437785
1711,Snnappie,3,0.00069,28293,6.46276,437785
1712,soupdiver,3,0.00069,28296,6.46345,437785
1713,splashx,3,0.00069,28299,6.46413,437785
1714,squall0gd,3,0.00069,28302,6.46482,437785
1715,srinivasrk,3,0.00069,28305,6.46550,437785
1716,sshahinco,3,0.00069,28308,6.46619,437785
1717,staff0rd,3,0.00069,28311,6.46687,437785
1718,ST-DDT,3,0.00069,28314,6.46756,437785
1719,steffengy,3,0.00069,28317,6.46824,437785
1720,stgleb,3,0.00069,28320,6.46893,437785
1721,stszap,3,0.00069,28323,6.46961,437785
1722,summerwind,3,0.00069,28326,6.47030,437785
1723,suztomo,3,0.00069,28329,6.47098,437785
1724,syscll,3,0.00069,28332,6.47167,437785
1725,szubster,3,0.00069,28335,6.47236,437785
1726,tahmmee,3,0.00069,28338,6.47304,437785
1727,takasek,3,0.00069,28341,6.47373,437785
1728,takonomura,3,0.00069,28344,6.47441,437785
1729,tan-chao,3,0.00069,28347,6.47510,437785
1730,tatsu-yam,3,0.00069,28350,6.47578,437785
1731,tbalthazar,3,0.00069,28353,6.47647,437785
1732,tbarrella,3,0.00069,28356,6.47715,437785
1733,teraflik,3,0.00069,28359,6.47784,437785
1734,thachmai,3,0.00069,28362,6.47852,437785
1735,thomasjfox1,3,0.00069,28365,6.47921,437785
1736,ThomWright,3,0.00069,28368,6.47989,437785
1737,tjamet,3,0.00069,28371,6.48058,437785
1738,tkporter,3,0.00069,28374,6.48126,437785
1739,TLadd,3,0.00069,28377,6.48195,437785
1740,tmestdagh,3,0.00069,28380,6.48263,437785
1741,tom1299,3,0.00069,28383,6.48332,437785
1742,tomislater,3,0.00069,28386,6.48400,437785
1743,translucens,3,0.00069,28389,6.48469,437785
1744,turbobuick,3,0.00069,28392,6.48538,437785
1745,umemotoryo,3,0.00069,28395,6.48606,437785
1746,useidel,3,0.00069,28398,6.48675,437785
1747,uvd,3,0.00069,28401,6.48743,437785
1748,vadasambar,3,0.00069,28404,6.48812,437785
1749,vbfox,3,0.00069,28407,6.48880,437785
1750,vdavidoff,3,0.00069,28410,6.48949,437785
1751,venkatsc,3,0.00069,28413,6.49017,437785
1752,vigohe,3,0.00069,28416,6.49086,437785
1753,vinayak42,3,0.00069,28419,6.49154,437785
1754,vitt-bagal,3,0.00069,28422,6.49223,437785
1755,vkropotko,3,0.00069,28425,6.49291,437785
1756,Vlaaaaaaad,3,0.00069,28428,6.49360,437785
1757,vmartsynovskyy,3,0.00069,28431,6.49428,437785
1758,vmax,3,0.00069,28434,6.49497,437785
1759,voor,3,0.00069,28437,6.49565,437785
1760,vrutkovs,3,0.00069,28440,6.49634,437785
1761,vthriller,3,0.00069,28443,6.49702,437785
1762,wahyuoi,3,0.00069,28446,6.49771,437785
1763,wanghanlin,3,0.00069,28449,6.49840,437785
1764,waseem-h,3,0.00069,28452,6.49908,437785
1765,weibeld,3,0.00069,28455,6.49977,437785
1766,weipeng1213,3,0.00069,28458,6.50045,437785
1767,wenerme,3,0.00069,28461,6.50114,437785
1768,whoiscc,3,0.00069,28464,6.50182,437785
1769,wiggzz,3,0.00069,28467,6.50251,437785
1770,Wing924,3,0.00069,28470,6.50319,437785
1771,wingyplus,3,0.00069,28473,6.50388,437785
1772,winjer,3,0.00069,28476,6.50456,437785
1773,WisWang,3,0.00069,28479,6.50525,437785
1774,wjhuang2016,3,0.00069,28482,6.50593,437785
1775,wjywbs,3,0.00069,28485,6.50662,437785
1776,wujy-cs,3,0.00069,28488,6.50730,437785
1777,wybzju,3,0.00069,28491,6.50799,437785
1778,xasor,3,0.00069,28494,6.50867,437785
1779,xavfernandez,3,0.00069,28497,6.50936,437785
1780,xiangyuf,3,0.00069,28500,6.51004,437785
1781,xiexiaojing,3,0.00069,28503,6.51073,437785
1782,xqxiao,3,0.00069,28506,6.51142,437785
1783,xujieasd,3,0.00069,28509,6.51210,437785
1784,xuliker,3,0.00069,28512,6.51279,437785
1785,y2kenny,3,0.00069,28515,6.51347,437785
1786,yashsriv,3,0.00069,28518,6.51416,437785
1787,yasongxu,3,0.00069,28521,6.51484,437785
1788,yayaboring,3,0.00069,28524,6.51553,437785
1789,yinzara,3,0.00069,28527,6.51621,437785
1790,yiyuanliu,3,0.00069,28530,6.51690,437785
1791,yjl-lgx,3,0.00069,28533,6.51758,437785
1792,YKlausz,3,0.00069,28536,6.51827,437785
1793,YLonely,3,0.00069,28539,6.51895,437785
1794,ymlong,3,0.00069,28542,6.51964,437785
1795,yossisegev,3,0.00069,28545,6.52032,437785
1796,You-NeverKnow,3,0.00069,28548,6.52101,437785
1797,ysma500,3,0.00069,28551,6.52169,437785
1798,ytinirt,3,0.00069,28554,6.52238,437785
1799,yui-knk,3,0.00069,28557,6.52306,437785
1800,yuyulei,3,0.00069,28560,6.52375,437785
1801,Zefool,3,0.00069,28563,6.52444,437785
1802,zerkms,3,0.00069,28566,6.52512,437785
1803,zexi,3,0.00069,28569,6.52581,437785
1804,zoharm,3,0.00069,28572,6.52649,437785
1805,zoncoen,3,0.00069,28575,6.52718,437785
1806,zozo123,3,0.00069,28578,6.52786,437785
1807,zufardhiyaulhaq,3,0.00069,28581,6.52855,437785
1808,zulandar,3,0.00069,28584,6.52923,437785
1809,0verc1ocker,2,0.00046,28586,6.52969,437785
1810,1032120121,2,0.00046,28588,6.53015,437785
1811,110y,2,0.00046,28590,6.53060,437785
1812,2n3906,2,0.00046,28592,6.53106,437785
1813,2pai,2,0.00046,28594,6.53152,437785
1814,375gnu,2,0.00046,28596,6.53197,437785
1815,70data,2,0.00046,28598,6.53243,437785
1816,7CHANHO,2,0.00046,28600,6.53289,437785
1817,a1dutch,2,0.00046,28602,6.53334,437785
1818,a8uhnf,2,0.00046,28604,6.53380,437785
1819,AaronFriel,2,0.00046,28606,6.53426,437785
1820,aba182,2,0.00046,28608,6.53471,437785
1821,abelharisov,2,0.00046,28610,6.53517,437785
1822,abhijitio,2,0.00046,28612,6.53563,437785
1823,abhinav,2,0.00046,28614,6.53609,437785
1824,abhinavsinha001,2,0.00046,28616,6.53654,437785
1825,abhishek-19,2,0.00046,28618,6.53700,437785
1826,abhisheklakra007,2,0.00046,28620,6.53746,437785
1827,abraithwaite,2,0.00046,28622,6.53791,437785
1828,achiuBAE,2,0.00046,28624,6.53837,437785
1829,ackintosh,2,0.00046,28626,6.53883,437785
1830,actgardner,2,0.00046,28628,6.53928,437785
1831,adnxn,2,0.00046,28630,6.53974,437785
1832,adtenn,2,0.00046,28632,6.54020,437785
1833,aeber,2,0.00046,28634,6.54065,437785
1834,aerialls,2,0.00046,28636,6.54111,437785
1835,aerotog,2,0.00046,28638,6.54157,437785
1836,aespejel,2,0.00046,28640,6.54202,437785
1837,afefelov,2,0.00046,28642,6.54248,437785
1838,af-inet,2,0.00046,28644,6.54294,437785
1839,afking,2,0.00046,28646,6.54339,437785
1840,agadabanka,2,0.00046,28648,6.54385,437785
1841,agamdua,2,0.00046,28650,6.54431,437785
1842,agrimmer,2,0.00046,28652,6.54477,437785
1843,aguibert,2,0.00046,28654,6.54522,437785
1844,A-Hilaly,2,0.00046,28656,6.54568,437785
1845,ahsan-storm,2,0.00046,28658,6.54614,437785
1846,ahurtaud,2,0.00046,28660,6.54659,437785
1847,ajaygm,2,0.00046,28662,6.54705,437785
1848,ajeetj,2,0.00046,28664,6.54751,437785
1849,AJEETRAI707,2,0.00046,28666,6.54796,437785
1850,ajoubertza,2,0.00046,28668,6.54842,437785
1851,akermu,2,0.00046,28670,6.54888,437785
1852,akhfa,2,0.00046,28672,6.54933,437785
1853,akolb1,2,0.00046,28674,6.54979,437785
1854,akshatnitd,2,0.00046,28676,6.55025,437785
1855,akshitsarin,2,0.00046,28678,6.55070,437785
1856,alaypatel07,2,0.00046,28680,6.55116,437785
1857,alazarev,2,0.00046,28682,6.55162,437785
1858,albertogviana,2,0.00046,28684,6.55207,437785
1859,alexandrevilain,2,0.00046,28686,6.55253,437785
1860,alexbarcelo,2,0.00046,28688,6.55299,437785
1861,alexeykudinkin,2,0.00046,28690,6.55345,437785
1862,alexey-medvedchikov,2,0.00046,28692,6.55390,437785
1863,alexlry,2,0.00046,28694,6.55436,437785
1864,alexnederlof,2,0.00046,28696,6.55482,437785
1865,AlexsJones,2,0.00046,28698,6.55527,437785
1866,alicek106,2,0.00046,28700,6.55573,437785
1867,aligthart,2,0.00046,28702,6.55619,437785
1868,alisondy,2,0.00046,28704,6.55664,437785
1869,alitoufighi,2,0.00046,28706,6.55710,437785
1870,ameier38,2,0.00046,28708,6.55756,437785
1871,amerghazal,2,0.00046,28710,6.55801,437785
1872,ameseee,2,0.00046,28712,6.55847,437785
1873,ameyag,2,0.00046,28714,6.55893,437785
1874,amit-o,2,0.00046,28716,6.55938,437785
1875,amiya-1998,2,0.00046,28718,6.55984,437785
1876,ammarn911,2,0.00046,28720,6.56030,437785
1877,amonetta,2,0.00046,28722,6.56075,437785
1878,ampsingram,2,0.00046,28724,6.56121,437785
1879,amsierra,2,0.00046,28726,6.56167,437785
1880,a-musing-moose,2,0.00046,28728,6.56213,437785
1881,ananya7,2,0.00046,28730,6.56258,437785
1882,anbestephen,2,0.00046,28732,6.56304,437785
1883,andjelx,2,0.00046,28734,6.56350,437785
1884,andrewmyhre,2,0.00046,28736,6.56395,437785
1885,andrisak,2,0.00046,28738,6.56441,437785
1886,andyrhee,2,0.00046,28740,6.56487,437785
1887,anitgandhi,2,0.00046,28742,6.56532,437785
1888,ankitgoelcmu,2,0.00046,28744,6.56578,437785
1889,anlunas,2,0.00046,28746,6.56624,437785
1890,Annamaliakal,2,0.00046,28748,6.56669,437785
1891,anoop-sysd,2,0.00046,28750,6.56715,437785
1892,anthonyrisinger,2,0.00046,28752,6.56761,437785
1893,antonlindstrom,2,0.00046,28754,6.56806,437785
1894,antoooks,2,0.00046,28756,6.56852,437785
1895,anupambasak,2,0.00046,28758,6.56898,437785
1896,aochagavia,2,0.00046,28760,6.56943,437785
1897,apghero,2,0.00046,28762,6.56989,437785
1898,apigirl,2,0.00046,28764,6.57035,437785
1899,apollocse,2,0.00046,28766,6.57081,437785
1900,aramalipoor,2,0.00046,28768,6.57126,437785
1901,aravindvalkodaiqlik,2,0.00046,28770,6.57172,437785
1902,arekkas,2,0.00046,28772,6.57218,437785
1903,arekkusu,2,0.00046,28774,6.57263,437785
1904,argeas,2,0.00046,28776,6.57309,437785
1905,ariskou,2,0.00046,28778,6.57355,437785
1906,arisu1000,2,0.00046,28780,6.57400,437785
1907,arjuncomar,2,0.00046,28782,6.57446,437785
1908,Ark-kun,2,0.00046,28784,6.57492,437785
1909,arosspope,2,0.00046,28786,6.57537,437785
1910,arpitpandey0209,2,0.00046,28788,6.57583,437785
1911,arshbot,2,0.00046,28790,6.57629,437785
1912,arsidada,2,0.00046,28792,6.57674,437785
1913,arthtux,2,0.00046,28794,6.57720,437785
1914,arugaki,2,0.00046,28796,6.57766,437785
1915,arvan-pritchard,2,0.00046,28798,6.57811,437785
1916,ASaiun,2,0.00046,28800,6.57857,437785
1917,asandnes,2,0.00046,28802,6.57903,437785
1918,ashishknitcs,2,0.00046,28804,6.57949,437785
1919,ashishpatelcs,2,0.00046,28806,6.57994,437785
1920,ashutoshgngwr,2,0.00046,28808,6.58040,437785
1921,asm72,2,0.00046,28810,6.58086,437785
1922,asoorm,2,0.00046,28812,6.58131,437785
1923,aspacca,2,0.00046,28814,6.58177,437785
1924,asterite,2,0.00046,28816,6.58223,437785
1925,asv,2,0.00046,28818,6.58268,437785
1926,atetubou,2,0.00046,28820,6.58314,437785
1927,atkrad,2,0.00046,28822,6.58360,437785
1928,ATolkachev,2,0.00046,28824,6.58405,437785
1929,atopuzov,2,0.00046,28826,6.58451,437785
1930,atrifan,2,0.00046,28828,6.58497,437785
1931,atze234,2,0.00046,28830,6.58542,437785
1932,aude,2,0.00046,28832,6.58588,437785
1933,autocracy,2,0.00046,28834,6.58634,437785
1934,avidLearnerInProgress,2,0.00046,28836,6.58679,437785
1935,avivace,2,0.00046,28838,6.58725,437785
1936,awalker125,2,0.00046,28840,6.58771,437785
1937,AWKIF,2,0.00046,28842,6.58817,437785
1938,axozoid,2,0.00046,28844,6.58862,437785
1939,ayan-b,2,0.00046,28846,6.58908,437785
1940,Azadehkhojandi,2,0.00046,28848,6.58954,437785
1941,azman0101,2,0.00046,28850,6.58999,437785
1942,b0r1sp,2,0.00046,28852,6.59045,437785
1943,baconalot,2,0.00046,28854,6.59091,437785
1944,baelish,2,0.00046,28856,6.59136,437785
1945,bamarni,2,0.00046,28858,6.59182,437785
1946,banks,2,0.00046,28860,6.59228,437785
1947,Baoqiang-Zhang,2,0.00046,28862,6.59273,437785
1948,bartelsielski,2,0.00046,28864,6.59319,437785
1949,battlemidget,2,0.00046,28866,6.59365,437785
1950,bchess,2,0.00046,28868,6.59410,437785
1951,bclermont,2,0.00046,28870,6.59456,437785
1952,beberlei,2,0.00046,28872,6.59502,437785
1953,BeDeBaMu,2,0.00046,28874,6.59547,437785
1954,beezz,2,0.00046,28876,6.59593,437785
1955,belm0,2,0.00046,28878,6.59639,437785
1956,benbuzbee,2,0.00046,28880,6.59685,437785
1957,benedictflorance,2,0.00046,28882,6.59730,437785
1958,benkim0414,2,0.00046,28884,6.59776,437785
1959,benpigchu,2,0.00046,28886,6.59822,437785
1960,berlincount,2,0.00046,28888,6.59867,437785
1961,berlinsaint,2,0.00046,28890,6.59913,437785
1962,bgagnon,2,0.00046,28892,6.59959,437785
1963,bg-chun,2,0.00046,28894,6.60004,437785
1964,bgilmore,2,0.00046,28896,6.60050,437785
1965,biglovisa,2,0.00046,28898,6.60096,437785
1966,bilal-mk,2,0.00046,28900,6.60141,437785
1967,biluohc,2,0.00046,28902,6.60187,437785
1968,BingGuanqi,2,0.00046,28904,6.60233,437785
1969,bjakubski,2,0.00046,28906,6.60278,437785
1970,bjpaul,2,0.00046,28908,6.60324,437785
1971,blockloop,2,0.00046,28910,6.60370,437785
1972,blopker,2,0.00046,28912,6.60416,437785
1973,bmarkons,2,0.00046,28914,6.60461,437785
1974,bnopne,2,0.00046,28916,6.60507,437785
1975,boaz0,2,0.00046,28918,6.60553,437785
1976,bobahspb,2,0.00046,28920,6.60598,437785
1977,bocharovf,2,0.00046,28922,6.60644,437785
1978,bombless,2,0.00046,28924,6.60690,437785
1979,bookmoons,2,0.00046,28926,6.60735,437785
1980,Bosmak,2,0.00046,28928,6.60781,437785
1981,BowlingX,2,0.00046,28930,6.60827,437785
1982,bpownow,2,0.00046,28932,6.60872,437785
1983,branden,2,0.00046,28934,6.60918,437785
1984,brant4test,2,0.00046,28936,6.60964,437785
1985,brasilikum,2,0.00046,28938,6.61009,437785
1986,BrendanSChang,2,0.00046,28940,6.61055,437785
1987,brendanwr,2,0.00046,28942,6.61101,437785
1988,brooksgarrett,2,0.00046,28944,6.61146,437785
1989,bruce-au,2,0.00046,28946,6.61192,437785
1990,brute4s99,2,0.00046,28948,6.61238,437785
1991,bryangunn,2,0.00046,28950,6.61284,437785
1992,bryanl,2,0.00046,28952,6.61329,437785
1993,bs-github,2,0.00046,28954,6.61375,437785
1994,bsradcliffe,2,0.00046,28956,6.61421,437785
1995,bugfest,2,0.00046,28958,6.61466,437785
1996,buzzedword,2,0.00046,28960,6.61512,437785
1997,byplayer,2,0.00046,28962,6.61558,437785
1998,c314,2,0.00046,28964,6.61603,437785
1999,c3y1huang,2,0.00046,28966,6.61649,437785
2000,cademarkegard,2,0.00046,28968,6.61695,437785
2001,caishan2018,2,0.00046,28970,6.61740,437785
2002,calaniz,2,0.00046,28972,6.61786,437785
2003,camh-,2,0.00046,28974,6.61832,437785
2004,caosiyang,2,0.00046,28976,6.61877,437785
2005,CapOM,2,0.00046,28978,6.61923,437785
2006,carloszuluaga,2,0.00046,28980,6.61969,437785
2007,cbaumler,2,0.00046,28982,6.62014,437785
2008,cbenhagen,2,0.00046,28984,6.62060,437785
2009,cbstewart9393,2,0.00046,28986,6.62106,437785
2010,cclerget,2,0.00046,28988,6.62152,437785
2011,cdambo,2,0.00046,28990,6.62197,437785
2012,ceason,2,0.00046,28992,6.62243,437785
2013,cedrickring,2,0.00046,28994,6.62289,437785
2014,cesaralbloz,2,0.00046,28996,6.62334,437785
2015,cgetzen,2,0.00046,28998,6.62380,437785
2016,cgmcintyr,2,0.00046,29000,6.62426,437785
2017,ChanderG,2,0.00046,29002,6.62471,437785
2018,changyaowei,2,0.00046,29004,6.62517,437785
2019,Charliekenney23,2,0.00046,29006,6.62563,437785
2020,cheeseandcereal,2,0.00046,29008,6.62608,437785
2021,chengyu-l,2,0.00046,29010,6.62654,437785
2022,chetanyakan,2,0.00046,29012,6.62700,437785
2023,chiehmin,2,0.00046,29014,6.62745,437785
2024,Chihoon-Sung,2,0.00046,29016,6.62791,437785
2025,ChimeraCoder,2,0.00046,29018,6.62837,437785
2026,chi-xu,2,0.00046,29020,6.62882,437785
2027,chotiwat,2,0.00046,29022,6.62928,437785
2028,chriskim06,2,0.00046,29024,6.62974,437785
2029,chrisleck,2,0.00046,29026,6.63020,437785
2030,ChrisRx,2,0.00046,29028,6.63065,437785
2031,ChristianMoesl,2,0.00046,29030,6.63111,437785
2032,Chrisupbound,2,0.00046,29032,6.63157,437785
2033,chrkaatz,2,0.00046,29034,6.63202,437785
2034,cilerler,2,0.00046,29036,6.63248,437785
2035,circa10a,2,0.00046,29038,6.63294,437785
2036,cizixs,2,0.00046,29040,6.63339,437785
2037,cnorthwood,2,0.00046,29042,6.63385,437785
2038,code-chris,2,0.00046,29044,6.63431,437785
2039,codependent,2,0.00046,29046,6.63476,437785
2040,conqerAtapple,2,0.00046,29048,6.63522,437785
2041,cormachogan,2,0.00046,29050,6.63568,437785
2042,cosmopetrich,2,0.00046,29052,6.63613,437785
2043,costela,2,0.00046,29054,6.63659,437785
2044,Cougar,2,0.00046,29056,6.63705,437785
2045,cparedes,2,0.00046,29058,6.63750,437785
2046,cpedro,2,0.00046,29060,6.63796,437785
2047,craftone,2,0.00046,29062,6.63842,437785
2048,CrazyJvm,2,0.00046,29064,6.63888,437785
2049,cristian04,2,0.00046,29066,6.63933,437785
2050,crweiner,2,0.00046,29068,6.63979,437785
2051,cscetbon,2,0.00046,29070,6.64025,437785
2052,cschockaert,2,0.00046,29072,6.64070,437785
2053,cshenton,2,0.00046,29074,6.64116,437785
2054,csssuf,2,0.00046,29076,6.64162,437785
2055,ctang1989,2,0.00046,29078,6.64207,437785
2056,cthiebault,2,0.00046,29080,6.64253,437785
2057,ctoomey,2,0.00046,29082,6.64299,437785
2058,cvila84,2,0.00046,29084,6.64344,437785
2059,cxhiano,2,0.00046,29086,6.64390,437785
2060,cxong,2,0.00046,29088,6.64436,437785
2061,CyrusNajmabadi,2,0.00046,29090,6.64481,437785
2062,czhanacek,2,0.00046,29092,6.64527,437785
2063,daanemanz,2,0.00046,29094,6.64573,437785
2064,dabde,2,0.00046,29096,6.64618,437785
2065,dafyddcrosby,2,0.00046,29098,6.64664,437785
2066,dahefanteng,2,0.00046,29100,6.64710,437785
2067,dalance,2,0.00046,29102,6.64756,437785
2068,danakatz,2,0.00046,29104,6.64801,437785
2069,dandersondavidp,2,0.00046,29106,6.64847,437785
2070,daneharrigan,2,0.00046,29108,6.64893,437785
2071,danielbryantuk,2,0.00046,29110,6.64938,437785
2072,danielefranceschi,2,0.00046,29112,6.64984,437785
2073,danielllek,2,0.00046,29114,6.65030,437785
2074,danielsdeleo,2,0.00046,29116,6.65075,437785
2075,dankegel,2,0.00046,29118,6.65121,437785
2076,dankomiocevic,2,0.00046,29120,6.65167,437785
2077,dansible,2,0.00046,29122,6.65212,437785
2078,darkgerm,2,0.00046,29124,6.65258,437785
2079,DarrienG,2,0.00046,29126,6.65304,437785
2080,davbo,2,0.00046,29128,6.65349,437785
2081,davemcphee,2,0.00046,29130,6.65395,437785
2082,davidB,2,0.00046,29132,6.65441,437785
2083,daviddetorres,2,0.00046,29134,6.65486,437785
2084,davidorbelian,2,0.00046,29136,6.65532,437785
2085,davlloyd,2,0.00046,29138,6.65578,437785
2086,dbachrach,2,0.00046,29140,6.65624,437785
2087,dbalan,2,0.00046,29142,6.65669,437785
2088,dbarboza,2,0.00046,29144,6.65715,437785
2089,dbkegley,2,0.00046,29146,6.65761,437785
2090,dbonatto,2,0.00046,29148,6.65806,437785
2091,db-pj,2,0.00046,29150,6.65852,437785
2092,dbuchhorn,2,0.00046,29152,6.65898,437785
2093,dcarley,2,0.00046,29154,6.65943,437785
2094,dclausen,2,0.00046,29156,6.65989,437785
2095,dcoles,2,0.00046,29158,6.66035,437785
2096,dctrwatson,2,0.00046,29160,6.66080,437785
2097,dczombera,2,0.00046,29162,6.66126,437785
2098,ddgenome,2,0.00046,29164,6.66172,437785
2099,deathowl,2,0.00046,29166,6.66217,437785
2100,deatondg,2,0.00046,29168,6.66263,437785
2101,defstream,2,0.00046,29170,6.66309,437785
2102,DEGoodman,2,0.00046,29172,6.66354,437785
2103,delhage,2,0.00046,29174,6.66400,437785
2104,den-is,2,0.00046,29176,6.66446,437785
2105,denis111,2,0.00046,29178,6.66492,437785
2106,denis256,2,0.00046,29180,6.66537,437785
2107,dennisgove,2,0.00046,29182,6.66583,437785
2108,derberg,2,0.00046,29184,6.66629,437785
2109,derekbekoe,2,0.00046,29186,6.66674,437785
2110,devasat,2,0.00046,29188,6.66720,437785
2111,devenney,2,0.00046,29190,6.66766,437785
2112,deviantony,2,0.00046,29192,6.66811,437785
2113,devigned,2,0.00046,29194,6.66857,437785
2114,dgervais,2,0.00046,29196,6.66903,437785
2115,dgonzalezruiz,2,0.00046,29198,6.66948,437785
2116,dholt,2,0.00046,29200,6.66994,437785
2117,dhuh,2,0.00046,29202,6.67040,437785
2118,didorothy,2,0.00046,29204,6.67085,437785
2119,diegous,2,0.00046,29206,6.67131,437785
2120,Dieken,2,0.00046,29208,6.67177,437785
2121,dieswaytoofast,2,0.00046,29210,6.67222,437785
2122,dimberman,2,0.00046,29212,6.67268,437785
2123,Dirc,2,0.00046,29214,6.67314,437785
2124,dirkgomez,2,0.00046,29216,6.67360,437785
2125,DisDis,2,0.00046,29218,6.67405,437785
2126,DizTortion,2,0.00046,29220,6.67451,437785
2127,djcass44,2,0.00046,29222,6.67497,437785
2128,dkarnutsch,2,0.00046,29224,6.67542,437785
2129,dlazerka,2,0.00046,29226,6.67588,437785
2130,dminca,2,0.00046,29228,6.67634,437785
2131,dmitshur,2,0.00046,29230,6.67679,437785
2132,d-mo,2,0.00046,29232,6.67725,437785
2133,dmrub,2,0.00046,29234,6.67771,437785
2134,dms1lva,2,0.00046,29236,6.67816,437785
2135,dnesting,2,0.00046,29238,6.67862,437785
2136,DocEmmetBrown,2,0.00046,29240,6.67908,437785
2137,domcar,2,0.00046,29242,6.67953,437785
2138,doochik,2,0.00046,29244,6.67999,437785
2139,dorukhanguloz,2,0.00046,29246,6.68045,437785
2140,dosentmatter,2,0.00046,29248,6.68091,437785
2141,drao9,2,0.00046,29250,6.68136,437785
2142,dread-uo,2,0.00046,29252,6.68182,437785
2143,dreamerHarshit,2,0.00046,29254,6.68228,437785
2144,DReigada,2,0.00046,29256,6.68273,437785
2145,drGrove,2,0.00046,29258,6.68319,437785
2146,dricoco,2,0.00046,29260,6.68365,437785
2147,drlukeangel,2,0.00046,29262,6.68410,437785
2148,drzero42,2,0.00046,29264,6.68456,437785
2149,dseebacher,2,0.00046,29266,6.68502,437785
2150,dsnet,2,0.00046,29268,6.68547,437785
2151,dtomcej,2,0.00046,29270,6.68593,437785
2152,dtoubelis,2,0.00046,29272,6.68639,437785
2153,dt-rush,2,0.00046,29274,6.68684,437785
2154,ducksecops,2,0.00046,29276,6.68730,437785
2155,duffn,2,0.00046,29278,6.68776,437785
2156,dujiulun,2,0.00046,29280,6.68821,437785
2157,durandom,2,0.00046,29282,6.68867,437785
2158,dustinspecker,2,0.00046,29284,6.68913,437785
2159,duyanghao,2,0.00046,29286,6.68959,437785
2160,dvavili,2,0.00046,29288,6.69004,437785
2161,dylan-cooper,2,0.00046,29290,6.69050,437785
2162,Dysproz,2,0.00046,29292,6.69096,437785
2163,eapolinario,2,0.00046,29294,6.69141,437785
2164,eaydogan,2,0.00046,29296,6.69187,437785
2165,ebauman,2,0.00046,29298,6.69233,437785
2166,ecliptik,2,0.00046,29300,6.69278,437785
2167,eddieramirez,2,0.00046,29302,6.69324,437785
2168,ederst,2,0.00046,29304,6.69370,437785
2169,eduherminio,2,0.00046,29306,6.69415,437785
2170,eetujalonen,2,0.00046,29308,6.69461,437785
2171,efimki,2,0.00046,29310,6.69507,437785
2172,egurnov,2,0.00046,29312,6.69552,437785
2173,ehmm,2,0.00046,29314,6.69598,437785
2174,eightlimbed,2,0.00046,29316,6.69644,437785
2175,eightnoneone,2,0.00046,29318,6.69689,437785
2176,ejwood79,2,0.00046,29320,6.69735,437785
2177,ekeih,2,0.00046,29322,6.69781,437785
2178,ekesken,2,0.00046,29324,6.69827,437785
2179,elandau,2,0.00046,29326,6.69872,437785
2180,elbuo8,2,0.00046,29328,6.69918,437785
2181,eldadcohen1,2,0.00046,29330,6.69964,437785
2182,elemental-lf,2,0.00046,29332,6.70009,437785
2183,elieser1101,2,0.00046,29334,6.70055,437785
2184,elifkus,2,0.00046,29336,6.70101,437785
2185,elithrar,2,0.00046,29338,6.70146,437785
2186,eliza411,2,0.00046,29340,6.70192,437785
2187,elliotfehr,2,0.00046,29342,6.70238,437785
2188,elnappo,2,0.00046,29344,6.70283,437785
2189,elpadrinoIV,2,0.00046,29346,6.70329,437785
2190,elukey,2,0.00046,29348,6.70375,437785
2191,elvizlai,2,0.00046,29350,6.70420,437785
2192,emedvedev,2,0.00046,29352,6.70466,437785
2193,emirozer,2,0.00046,29354,6.70512,437785
2194,emmanuelCarre,2,0.00046,29356,6.70557,437785
2195,EmmEff,2,0.00046,29358,6.70603,437785
2196,eMxyzptlk,2,0.00046,29360,6.70649,437785
2197,entro-pi,2,0.00046,29362,6.70695,437785
2198,enzian,2,0.00046,29364,6.70740,437785
2199,eoftedal,2,0.00046,29366,6.70786,437785
2200,eqrx,2,0.00046,29368,6.70832,437785
2201,equinox1993,2,0.00046,29370,6.70877,437785
2202,eran-levy,2,0.00046,29372,6.70923,437785
2203,erdii,2,0.00046,29374,6.70969,437785
2204,ereckers,2,0.00046,29376,6.71014,437785
2205,eriadam,2,0.00046,29378,6.71060,437785
2206,ericyan,2,0.00046,29380,6.71106,437785
2207,ErmakovDmitriy,2,0.00046,29382,6.71151,437785
2208,ernado,2,0.00046,29384,6.71197,437785
2209,Erouan50,2,0.00046,29386,6.71243,437785
2210,eschrock,2,0.00046,29388,6.71288,437785
2211,esloho,2,0.00046,29390,6.71334,437785
2212,eswets,2,0.00046,29392,6.71380,437785
2213,etcd,2,0.00046,29394,6.71425,437785
2214,evenh,2,0.00046,29396,6.71471,437785
2215,Evesy,2,0.00046,29398,6.71517,437785
2216,ewtang,2,0.00046,29400,6.71563,437785
2217,eyablokov,2,0.00046,29402,6.71608,437785
2218,f0,2,0.00046,29404,6.71654,437785
2219,f110,2,0.00046,29406,6.71700,437785
2220,f9n,2,0.00046,29408,6.71745,437785
2221,fahlke,2,0.00046,29410,6.71791,437785
2222,faizshukri,2,0.00046,29412,6.71837,437785
2223,FaKod,2,0.00046,29414,6.71882,437785
2224,fcami,2,0.00046,29416,6.71928,437785
2225,fdimuccio,2,0.00046,29418,6.71974,437785
2226,felippe-mendonca,2,0.00046,29420,6.72019,437785
2227,fenggw-fnst,2,0.00046,29422,6.72065,437785
2228,fernandino143,2,0.00046,29424,6.72111,437785
2229,ferozbaig96,2,0.00046,29426,6.72156,437785
2230,fhalim,2,0.00046,29428,6.72202,437785
2231,flouthoc,2,0.00046,29430,6.72248,437785
2232,foobaar,2,0.00046,29432,6.72293,437785
2233,foosinn,2,0.00046,29434,6.72339,437785
2234,fowles,2,0.00046,29436,6.72385,437785
2235,Foxboron,2,0.00046,29438,6.72431,437785
2236,frabar-lancom,2,0.00046,29440,6.72476,437785
2237,frankh,2,0.00046,29442,6.72522,437785
2238,franzbeltran,2,0.00046,29444,6.72568,437785
2239,frazenshtein,2,0.00046,29446,6.72613,437785
2240,frederiko,2,0.00046,29448,6.72659,437785
2241,fredrkl,2,0.00046,29450,6.72705,437785
2242,FrenchBen,2,0.00046,29452,6.72750,437785
2243,friism,2,0.00046,29454,6.72796,437785
2244,frincon,2,0.00046,29456,6.72842,437785
2245,frittentheke,2,0.00046,29458,6.72887,437785
2246,fr-ser,2,0.00046,29460,6.72933,437785
2247,fschlag,2,0.00046,29462,6.72979,437785
2248,fuergaosi233,2,0.00046,29464,6.73024,437785
2249,fujipi270,2,0.00046,29466,6.73070,437785
2250,fungusakafungus,2,0.00046,29468,6.73116,437785
2251,Funk66,2,0.00046,29470,6.73161,437785
2252,g0blin79,2,0.00046,29472,6.73207,437785
2253,gadinaor,2,0.00046,29474,6.73253,437785
2254,gak,2,0.00046,29476,6.73299,437785
2255,galihmelon,2,0.00046,29478,6.73344,437785
2256,gambrose,2,0.00046,29480,6.73390,437785
2257,gandazgul,2,0.00046,29482,6.73436,437785
2258,gary-lo,2,0.00046,29484,6.73481,437785
2259,gauravano,2,0.00046,29486,6.73527,437785
2260,geezyx,2,0.00046,29488,6.73573,437785
2261,georgekaz,2,0.00046,29490,6.73618,437785
2262,GeorgeSen,2,0.00046,29492,6.73664,437785
2263,GeunhoKim,2,0.00046,29494,6.73710,437785
2264,gflarity,2,0.00046,29496,6.73755,437785
2265,gfleury,2,0.00046,29498,6.73801,437785
2266,ggarg2906sumo,2,0.00046,29500,6.73847,437785
2267,ggwpp,2,0.00046,29502,6.73892,437785
2268,ghostbuster91,2,0.00046,29504,6.73938,437785
2269,ghostylee,2,0.00046,29506,6.73984,437785
2270,giannello,2,0.00046,29508,6.74029,437785
2271,gjflsl,2,0.00046,29510,6.74075,437785
2272,glutamatt,2,0.00046,29512,6.74121,437785
2273,gocho1,2,0.00046,29514,6.74167,437785
2274,golopot,2,0.00046,29516,6.74212,437785
2275,gonfva,2,0.00046,29518,6.74258,437785
2276,gonzalesraul,2,0.00046,29520,6.74304,437785
2277,gordcorp,2,0.00046,29522,6.74349,437785
2278,grachevko,2,0.00046,29524,6.74395,437785
2279,grahamawelch,2,0.00046,29526,6.74441,437785
2280,grampajoe,2,0.00046,29528,6.74486,437785
2281,gravelg,2,0.00046,29530,6.74532,437785
2282,greenrd,2,0.00046,29532,6.74578,437785
2283,gregnr,2,0.00046,29534,6.74623,437785
2284,grimmy,2,0.00046,29536,6.74669,437785
2285,groodt,2,0.00046,29538,6.74715,437785
2286,gtseres-workable,2,0.00046,29540,6.74760,437785
2287,guiguan,2,0.00046,29542,6.74806,437785
2288,guoweikuang,2,0.00046,29544,6.74852,437785
2289,gupta2140,2,0.00046,29546,6.74897,437785
2290,guymguym,2,0.00046,29548,6.74943,437785
2291,hacfi,2,0.00046,29550,6.74989,437785
2292,hacor,2,0.00046,29552,6.75035,437785
2293,hadrien-toma,2,0.00046,29554,6.75080,437785
2294,hajowieland,2,0.00046,29556,6.75126,437785
2295,hakoerber,2,0.00046,29558,6.75172,437785
2296,hallie,2,0.00046,29560,6.75217,437785
2297,HannahShiSFB,2,0.00046,29562,6.75263,437785
2298,hansbogert,2,0.00046,29564,6.75309,437785
2299,hareku,2,0.00046,29566,6.75354,437785
2300,harmw,2,0.00046,29568,6.75400,437785
2301,harpratap,2,0.00046,29570,6.75446,437785
2302,Harshagarwal19,2,0.00046,29572,6.75491,437785
2303,HatsuneMiku3939,2,0.00046,29574,6.75537,437785
2304,haugene,2,0.00046,29576,6.75583,437785
2305,HavardLine,2,0.00046,29578,6.75628,437785
2306,heartrobotninja,2,0.00046,29580,6.75674,437785
2307,Heldroe,2,0.00046,29582,6.75720,437785
2308,helena-r,2,0.00046,29584,6.75766,437785
2309,heliodor,2,0.00046,29586,6.75811,437785
2310,henrykhadass,2,0.00046,29588,6.75857,437785
2311,hetile-ssense,2,0.00046,29590,6.75903,437785
2312,hharnisc,2,0.00046,29592,6.75948,437785
2313,Himer,2,0.00046,29594,6.75994,437785
2314,hirsim,2,0.00046,29596,6.76040,437785
2315,hkolvenbach,2,0.00046,29598,6.76085,437785
2316,hlascelles,2,0.00046,29600,6.76131,437785
2317,hnicke,2,0.00046,29602,6.76177,437785
2318,hobochild,2,0.00046,29604,6.76222,437785
2319,hoeghh,2,0.00046,29606,6.76268,437785
2320,holger-wg2,2,0.00046,29608,6.76314,437785
2321,homma-takamasa,2,0.00046,29610,6.76359,437785
2322,horazont,2,0.00046,29612,6.76405,437785
2323,hossainemruz,2,0.00046,29614,6.76451,437785
2324,hossambarakat,2,0.00046,29616,6.76496,437785
2325,hrishike,2,0.00046,29618,6.76542,437785
2326,huikaihoo,2,0.00046,29620,6.76588,437785
2327,husterxsp,2,0.00046,29622,6.76634,437785
2328,huxiaoliang,2,0.00046,29624,6.76679,437785
2329,IamPrvn,2,0.00046,29626,6.76725,437785
2330,iandyh,2,0.00046,29628,6.76771,437785
2331,ianthehat,2,0.00046,29630,6.76816,437785
2332,icalF,2,0.00046,29632,6.76862,437785
2333,ichylinux,2,0.00046,29634,6.76908,437785
2334,idobry,2,0.00046,29636,6.76953,437785
2335,idsvandermolen,2,0.00046,29638,6.76999,437785
2336,ieugen,2,0.00046,29640,6.77045,437785
2337,IgLiv,2,0.00046,29642,6.77090,437785
2338,igno,2,0.00046,29644,6.77136,437785
2339,ijt,2,0.00046,29646,6.77182,437785
2340,ikoutras-epages,2,0.00046,29648,6.77227,437785
2341,imaemo,2,0.00046,29650,6.77273,437785
2342,imbsky,2,0.00046,29652,6.77319,437785
2343,imrtfm,2,0.00046,29654,6.77364,437785
2344,infews,2,0.00046,29656,6.77410,437785
2345,inthecloud247,2,0.00046,29658,6.77456,437785
2346,ioandr,2,0.00046,29660,6.77502,437785
2347,iokill,2,0.00046,29662,6.77547,437785
2348,iori-yja,2,0.00046,29664,6.77593,437785
2349,ipylypiv,2,0.00046,29666,6.77639,437785
2350,ishantanu,2,0.00046,29668,6.77684,437785
2351,ismailbaskin,2,0.00046,29670,6.77730,437785
2352,isobit,2,0.00046,29672,6.77776,437785
2353,iss0,2,0.00046,29674,6.77821,437785
2354,issyl0,2,0.00046,29676,6.77867,437785
2355,itsuugo,2,0.00046,29678,6.77913,437785
2356,ivanmp91,2,0.00046,29680,6.77958,437785
2357,ivan-section-io,2,0.00046,29682,6.78004,437785
2358,iwaffles,2,0.00046,29684,6.78050,437785
2359,iwasakims,2,0.00046,29686,6.78095,437785
2360,izeye,2,0.00046,29688,6.78141,437785
2361,j0sh3rs,2,0.00046,29690,6.78187,437785
2362,jacobstr,2,0.00046,29692,6.78232,437785
2363,jadireddi,2,0.00046,29694,6.78278,437785
2364,JakeBjorke,2,0.00046,29696,6.78324,437785
2365,jakowicz,2,0.00046,29698,6.78370,437785
2366,jalev,2,0.00046,29700,6.78415,437785
2367,jamesadarich,2,0.00046,29702,6.78461,437785
2368,jamesgoodhouse,2,0.00046,29704,6.78507,437785
2369,JamesLaverack,2,0.00046,29706,6.78552,437785
2370,jamessharp,2,0.00046,29708,6.78598,437785
2371,jamessthompson,2,0.00046,29710,6.78644,437785
2372,jamonation,2,0.00046,29712,6.78689,437785
2373,JanBerktold,2,0.00046,29714,6.78735,437785
2374,janisz,2,0.00046,29716,6.78781,437785
2375,janoszen,2,0.00046,29718,6.78826,437785
2376,jarifibrahim,2,0.00046,29720,6.78872,437785
2377,jarst,2,0.00046,29722,6.78918,437785
2378,jason-magnetic-io,2,0.00046,29724,6.78963,437785
2379,javierprovecho,2,0.00046,29726,6.79009,437785
2380,jawn,2,0.00046,29728,6.79055,437785
2381,jayeve,2,0.00046,29730,6.79100,437785
2382,jbernardo95,2,0.00046,29732,6.79146,437785
2383,jbingham-google,2,0.00046,29734,6.79192,437785
2384,jcassee,2,0.00046,29736,6.79238,437785
2385,jchv,2,0.00046,29738,6.79283,437785
2386,jcordasc,2,0.00046,29740,6.79329,437785
2387,jde1,2,0.00046,29742,6.79375,437785
2388,jdforsythe,2,0.00046,29744,6.79420,437785
2389,jebbench,2,0.00046,29746,6.79466,437785
2390,jeevb,2,0.00046,29748,6.79512,437785
2391,jeeyoungk,2,0.00046,29750,6.79557,437785
2392,jeffwubj,2,0.00046,29752,6.79603,437785
2393,jennydickinson,2,0.00046,29754,6.79649,437785
2394,jensenbox,2,0.00046,29756,6.79694,437785
2395,jerrytrieu,2,0.00046,29758,6.79740,437785
2396,jesk78,2,0.00046,29760,6.79786,437785
2397,jhedev,2,0.00046,29762,6.79831,437785
2398,jheidbrink,2,0.00046,29764,6.79877,437785
2399,jheyduk,2,0.00046,29766,6.79923,437785
2400,jiahuif,2,0.00046,29768,6.79968,437785
2401,jiangfengbing,2,0.00046,29770,6.80014,437785
2402,jianzhangbjz,2,0.00046,29772,6.80060,437785
2403,jianzzha,2,0.00046,29774,6.80106,437785
2404,jinh574,2,0.00046,29776,6.80151,437785
2405,jirenius,2,0.00046,29778,6.80197,437785
2406,JishanXing,2,0.00046,29780,6.80243,437785
2407,jjteo74,2,0.00046,29782,6.80288,437785
2408,jkassemi,2,0.00046,29784,6.80334,437785
2409,jlacoline,2,0.00046,29786,6.80380,437785
2410,jmzwcn,2,0.00046,29788,6.80425,437785
2411,jnummelin,2,0.00046,29790,6.80471,437785
2412,joazvsoares,2,0.00046,29792,6.80517,437785
2413,Joe8Bit,2,0.00046,29794,6.80562,437785
2414,joec4i,2,0.00046,29796,6.80608,437785
2415,joelhy,2,0.00046,29798,6.80654,437785
2416,johannesfrey,2,0.00046,29800,6.80699,437785
2417,johannes-gehrs,2,0.00046,29802,6.80745,437785
2418,JohnDittmar,2,0.00046,29804,6.80791,437785
2419,JohnONeill,2,0.00046,29806,6.80836,437785
2420,jolson490,2,0.00046,29808,6.80882,437785
2421,jonahgeorge,2,0.00046,29810,6.80928,437785
2422,JonasVerhofste,2,0.00046,29812,6.80974,437785
2423,joncwong,2,0.00046,29814,6.81019,437785
2424,jonhadfield,2,0.00046,29816,6.81065,437785
2425,jonKSA,2,0.00046,29818,6.81111,437785
2426,jonnydford,2,0.00046,29820,6.81156,437785
2427,jonton11,2,0.00046,29822,6.81202,437785
2428,jorenhehe,2,0.00046,29824,6.81248,437785
2429,josephgorse,2,0.00046,29826,6.81293,437785
2430,joshphp,2,0.00046,29828,6.81339,437785
2431,joshuacox,2,0.00046,29830,6.81385,437785
2432,jremond,2,0.00046,29832,6.81430,437785
2433,jsalinas29,2,0.00046,29834,6.81476,437785
2434,jsen-,2,0.00046,29836,6.81522,437785
2435,jseppi,2,0.00046,29838,6.81567,437785
2436,jstallard,2,0.00046,29840,6.81613,437785
2437,jswh,2,0.00046,29842,6.81659,437785
2438,jtlowe,2,0.00046,29844,6.81704,437785
2439,jubobs,2,0.00046,29846,6.81750,437785
2440,j-u-e-f,2,0.00046,29848,6.81796,437785
2441,Jukie,2,0.00046,29850,6.81842,437785
2442,julienc23,2,0.00046,29852,6.81887,437785
2443,Juliens,2,0.00046,29854,6.81933,437785
2444,justachetan,2,0.00046,29856,6.81979,437785
2445,jvitor83,2,0.00046,29858,6.82024,437785
2446,jwalker343,2,0.00046,29860,6.82070,437785
2447,jwoglom,2,0.00046,29862,6.82116,437785
2448,jyaworski,2,0.00046,29864,6.82161,437785
2449,Jyrno42,2,0.00046,29866,6.82207,437785
2450,K7king,2,0.00046,29868,6.82253,437785
2451,KadenLNelson,2,0.00046,29870,6.82298,437785
2452,kahinton,2,0.00046,29872,6.82344,437785
2453,kaisen,2,0.00046,29874,6.82390,437785
2454,kaitoy,2,0.00046,29876,6.82435,437785
2455,kaiwalyajoshi,2,0.00046,29878,6.82481,437785
2456,kamirendawkins,2,0.00046,29880,6.82527,437785
2457,kanatohodets,2,0.00046,29882,6.82572,437785
2458,kaos,2,0.00046,29884,6.82618,437785
2459,karlhumma,2,0.00046,29886,6.82664,437785
2460,karolflont,2,0.00046,29888,6.82710,437785
2461,kaskavalci,2,0.00046,29890,6.82755,437785
2462,katiewasnothere,2,0.00046,29892,6.82801,437785
2463,kaustumbh7,2,0.00046,29894,6.82847,437785
2464,kaxap,2,0.00046,29896,6.82892,437785
2465,kbatuigas,2,0.00046,29898,6.82938,437785
2466,kbreit,2,0.00046,29900,6.82984,437785
2467,kbrockhoff,2,0.00046,29902,6.83029,437785
2468,KeepCaim,2,0.00046,29904,6.83075,437785
2469,keijiyoshida,2,0.00046,29906,6.83121,437785
2470,kenmaglio,2,0.00046,29908,6.83166,437785
2471,kennyballou,2,0.00046,29910,6.83212,437785
2472,kensipe,2,0.00046,29912,6.83258,437785
2473,kenveski,2,0.00046,29914,6.83303,437785
2474,Keralin,2,0.00046,29916,6.83349,437785
2475,keramiozsoy,2,0.00046,29918,6.83395,437785
2476,kersten,2,0.00046,29920,6.83441,437785
2477,kesor,2,0.00046,29922,6.83486,437785
2478,kevinscholz,2,0.00046,29924,6.83532,437785
2479,kevin-zhaoshuai,2,0.00046,29926,6.83578,437785
2480,keweilu,2,0.00046,29928,6.83623,437785
2481,kharunsamuel1,2,0.00046,29930,6.83669,437785
2482,khauser,2,0.00046,29932,6.83715,437785
2483,khilman,2,0.00046,29934,6.83760,437785
2484,khorshuheng,2,0.00046,29936,6.83806,437785
2485,killmeplz,2,0.00046,29938,6.83852,437785
2486,kilya11,2,0.00046,29940,6.83897,437785
2487,kirbyclover,2,0.00046,29942,6.83943,437785
2488,kmerker,2,0.00046,29944,6.83989,437785
2489,kminehart,2,0.00046,29946,6.84034,437785
2490,knarfeh,2,0.00046,29948,6.84080,437785
2491,knittingdev,2,0.00046,29950,6.84126,437785
2492,koneko096,2,0.00046,29952,6.84171,437785
2493,konradgaluszka,2,0.00046,29954,6.84217,437785
2494,koorgoo,2,0.00046,29956,6.84263,437785
2495,KoryNunn,2,0.00046,29958,6.84309,437785
2496,kostyrev,2,0.00046,29960,6.84354,437785
2497,kpschuck,2,0.00046,29962,6.84400,437785
2498,kpurdon,2,0.00046,29964,6.84446,437785
2499,krisis,2,0.00046,29966,6.84491,437785
2500,krlooss,2,0.00046,29968,6.84537,437785
2501,kron4eg,2,0.00046,29970,6.84583,437785
2502,kruc,2,0.00046,29972,6.84628,437785
2503,Krukov,2,0.00046,29974,6.84674,437785
2504,kschinck,2,0.00046,29976,6.84720,437785
2505,kvokka,2,0.00046,29978,6.84765,437785
2506,kylegoch,2,0.00046,29980,6.84811,437785
2507,kzmrv,2,0.00046,29982,6.84857,437785
2508,L3o-pold,2,0.00046,29984,6.84902,437785
2509,langesven,2,0.00046,29986,6.84948,437785
2510,languitar,2,0.00046,29988,6.84994,437785
2511,larrywest,2,0.00046,29990,6.85039,437785
2512,LaurentGoderre,2,0.00046,29992,6.85085,437785
2513,layog,2,0.00046,29994,6.85131,437785
2514,lcostea,2,0.00046,29996,6.85177,437785
2515,ldx,2,0.00046,29998,6.85222,437785
2516,lee-byeoksan,2,0.00046,30000,6.85268,437785
2517,leewalter,2,0.00046,30002,6.85314,437785
2518,legendtang,2,0.00046,30004,6.85359,437785
2519,leifg,2,0.00046,30006,6.85405,437785
2520,leki75,2,0.00046,30008,6.85451,437785
2521,lentil1016,2,0.00046,30010,6.85496,437785
2522,leslie-lei,2,0.00046,30012,6.85542,437785
2523,lewiscowper,2,0.00046,30014,6.85588,437785
2524,lex111,2,0.00046,30016,6.85633,437785
2525,lgo,2,0.00046,30018,6.85679,437785
2526,lht,2,0.00046,30020,6.85725,437785
2527,lightof410,2,0.00046,30022,6.85770,437785
2528,LihuaWu,2,0.00046,30024,6.85816,437785
2529,linzhaoming,2,0.00046,30026,6.85862,437785
2530,liqiang-fit2cloud,2,0.00046,30028,6.85907,437785
2531,listepo,2,0.00046,30030,6.85953,437785
2532,listonb,2,0.00046,30032,6.85999,437785
2533,liuhengloveyou,2,0.00046,30034,6.86045,437785
2534,liupeng0518,2,0.00046,30036,6.86090,437785
2535,lixuefeng2,2,0.00046,30038,6.86136,437785
2536,lkaybob,2,0.00046,30040,6.86182,437785
2537,lnattrass,2,0.00046,30042,6.86227,437785
2538,lnmei,2,0.00046,30044,6.86273,437785
2539,LoganSteinberg,2,0.00046,30046,6.86319,437785
2540,logicbomb421,2,0.00046,30048,6.86364,437785
2541,logicfox,2,0.00046,30050,6.86410,437785
2542,loicbourgois,2,0.00046,30052,6.86456,437785
2543,lolimjake,2,0.00046,30054,6.86501,437785
2544,lominorama,2,0.00046,30056,6.86547,437785
2545,lon-io,2,0.00046,30058,6.86593,437785
2546,loomsen,2,0.00046,30060,6.86638,437785
2547,lopezator,2,0.00046,30062,6.86684,437785
2548,lorenmh,2,0.00046,30064,6.86730,437785
2549,lorenz,2,0.00046,30066,6.86775,437785
2550,lrills,2,0.00046,30068,6.86821,437785
2551,luantranminh,2,0.00046,30070,6.86867,437785
2552,LuboVarga,2,0.00046,30072,6.86913,437785
2553,Lucaber,2,0.00046,30074,6.86958,437785
2554,luguanglong,2,0.00046,30076,6.87004,437785
2555,lukasmalkmus,2,0.00046,30078,6.87050,437785
2556,lukassup,2,0.00046,30080,6.87095,437785
2557,Lunik,2,0.00046,30082,6.87141,437785
2558,lushndm,2,0.00046,30084,6.87187,437785
2559,lvjiangzhao,2,0.00046,30086,6.87232,437785
2560,lvxin1986,2,0.00046,30088,6.87278,437785
2561,lx223,2,0.00046,30090,6.87324,437785
2562,lyveng,2,0.00046,30092,6.87369,437785
2563,Maaryaams,2,0.00046,30094,6.87415,437785
2564,maeserichar,2,0.00046,30096,6.87461,437785
2565,magicwang-cn,2,0.00046,30098,6.87506,437785
2566,MaheshIBM,2,0.00046,30100,6.87552,437785
2567,majolo,2,0.00046,30102,6.87598,437785
2568,malcolmholmes,2,0.00046,30104,6.87643,437785
2569,Malinskiy,2,0.00046,30106,6.87689,437785
2570,manabusakai,2,0.00046,30108,6.87735,437785
2571,ManavpreetSingh,2,0.00046,30110,6.87781,437785
2572,mangotron,2,0.00046,30112,6.87826,437785
2573,mantissahz,2,0.00046,30114,6.87872,437785
2574,manuelbuil,2,0.00046,30116,6.87918,437785
2575,manyatripathi,2,0.00046,30118,6.87963,437785
2576,maraino,2,0.00046,30120,6.88009,437785
2577,marceliwac,2,0.00046,30122,6.88055,437785
2578,marcinbudny,2,0.00046,30124,6.88100,437785
2579,marcstreeter,2,0.00046,30126,6.88146,437785
2580,marcushyungseoklee,2,0.00046,30128,6.88192,437785
2581,marcusl,2,0.00046,30130,6.88237,437785
2582,marcusolsson,2,0.00046,30132,6.88283,437785
2583,marekschwarz,2,0.00046,30134,6.88329,437785
2584,mariomac,2,0.00046,30136,6.88374,437785
2585,mariomarin,2,0.00046,30138,6.88420,437785
2586,MarkDeckert,2,0.00046,30140,6.88466,437785
2587,MarkusJais,2,0.00046,30142,6.88511,437785
2588,markvdw4,2,0.00046,30144,6.88557,437785
2589,marsishandsome,2,0.00046,30146,6.88603,437785
2590,martinlindhe,2,0.00046,30148,6.88649,437785
2591,MartinWeindel,2,0.00046,30150,6.88694,437785
2592,MashaNemt,2,0.00046,30152,6.88740,437785
2593,mateuszrapacz,2,0.00046,30154,6.88786,437785
2594,mathspanda,2,0.00046,30156,6.88831,437785
2595,matlec,2,0.00046,30158,6.88877,437785
2596,mattbailey,2,0.00046,30160,6.88923,437785
2597,matt-christiansen-exa,2,0.00046,30162,6.88968,437785
2598,matthewmichihara,2,0.00046,30164,6.89014,437785
2599,matthias-k,2,0.00046,30166,6.89060,437785
2600,matthoey-okta,2,0.00046,30168,6.89105,437785
2601,Mattias-,2,0.00046,30170,6.89151,437785
2602,mattreyuk,2,0.00046,30172,6.89197,437785
2603,mattupstate,2,0.00046,30174,6.89242,437785
2604,maxd,2,0.00046,30176,6.89288,437785
2605,maxfunke,2,0.00046,30178,6.89334,437785
2606,maximesong,2,0.00046,30180,6.89379,437785
2607,Maxpain177,2,0.00046,30182,6.89425,437785
2608,maysamyabandeh,2,0.00046,30184,6.89471,437785
2609,mboglesby,2,0.00046,30186,6.89517,437785
2610,mc0,2,0.00046,30188,6.89562,437785
2611,mcalunod-olm,2,0.00046,30190,6.89608,437785
2612,mcatalancid,2,0.00046,30192,6.89654,437785
2613,mccare,2,0.00046,30194,6.89699,437785
2614,McCoyAle,2,0.00046,30196,6.89745,437785
2615,mcculloughsco,2,0.00046,30198,6.89791,437785
2616,mccullya,2,0.00046,30200,6.89836,437785
2617,mcfedr,2,0.00046,30202,6.89882,437785
2618,mdavidsen,2,0.00046,30204,6.89928,437785
2619,medvednikov,2,0.00046,30206,6.89973,437785
2620,membphis,2,0.00046,30208,6.90019,437785
2621,mentos1386,2,0.00046,30210,6.90065,437785
2622,mervynzhang,2,0.00046,30212,6.90110,437785
2623,metazool,2,0.00046,30214,6.90156,437785
2624,MeteorKL,2,0.00046,30216,6.90202,437785
2625,methodx,2,0.00046,30218,6.90247,437785
2626,mf-lit,2,0.00046,30220,6.90293,437785
2627,mflorea,2,0.00046,30222,6.90339,437785
2628,mfvitale,2,0.00046,30224,6.90385,437785
2629,mhaunolder,2,0.00046,30226,6.90430,437785
2630,mhorioka,2,0.00046,30228,6.90476,437785
2631,miaoshixuan,2,0.00046,30230,6.90522,437785
2632,michaelbeaumont,2,0.00046,30232,6.90567,437785
2633,michaelc0n,2,0.00046,30234,6.90613,437785
2634,michal-franc,2,0.00046,30236,6.90659,437785
2635,michallula,2,0.00046,30238,6.90704,437785
2636,micheleangioni,2,0.00046,30240,6.90750,437785
2637,mickymiek,2,0.00046,30242,6.90796,437785
2638,mihaipopescu,2,0.00046,30244,6.90841,437785
2639,mijajasinski,2,0.00046,30246,6.90887,437785
2640,mike1808,2,0.00046,30248,6.90933,437785
2641,mikelorant,2,0.00046,30250,6.90978,437785
2642,mikhailadvani,2,0.00046,30252,6.91024,437785
2643,millar,2,0.00046,30254,6.91070,437785
2644,mingfengwuye,2,0.00046,30256,6.91116,437785
2645,minherz,2,0.00046,30258,6.91161,437785
2646,minhlongdo,2,0.00046,30260,6.91207,437785
2647,mithrandi,2,0.00046,30262,6.91253,437785
2648,mitnk,2,0.00046,30264,6.91298,437785
2649,mkenigs,2,0.00046,30266,6.91344,437785
2650,mkibbe1993,2,0.00046,30268,6.91390,437785
2651,mkilchhofer,2,0.00046,30270,6.91435,437785
2652,mkjaer,2,0.00046,30272,6.91481,437785
2653,mkoledoye,2,0.00046,30274,6.91527,437785
2654,ml-,2,0.00046,30276,6.91572,437785
2655,mlauter,2,0.00046,30278,6.91618,437785
2656,mllab-nl,2,0.00046,30280,6.91664,437785
2657,mllu,2,0.00046,30282,6.91709,437785
2658,MMartyn,2,0.00046,30284,6.91755,437785
2659,mmiller1,2,0.00046,30286,6.91801,437785
2660,mmorejon,2,0.00046,30288,6.91846,437785
2661,mnogu,2,0.00046,30290,6.91892,437785
2662,Mockery-Li,2,0.00046,30292,6.91938,437785
2663,moduspwnens,2,0.00046,30294,6.91984,437785
2664,mogol,2,0.00046,30296,6.92029,437785
2665,mohannadbanayosi,2,0.00046,30298,6.92075,437785
2666,mohdshakir,2,0.00046,30300,6.92121,437785
2667,mohsen0,2,0.00046,30302,6.92166,437785
2668,moitias,2,0.00046,30304,6.92212,437785
2669,moleskin-smile,2,0.00046,30306,6.92258,437785
2670,montyz,2,0.00046,30308,6.92303,437785
2671,moooofly,2,0.00046,30310,6.92349,437785
2672,MordantWastrel,2,0.00046,30312,6.92395,437785
2673,morimoto-cybozu,2,0.00046,30314,6.92440,437785
2674,morsok,2,0.00046,30316,6.92486,437785
2675,mosesyou,2,0.00046,30318,6.92532,437785
2676,moskitone,2,0.00046,30320,6.92577,437785
2677,moxiegirl,2,0.00046,30322,6.92623,437785
2678,mprasil,2,0.00046,30324,6.92669,437785
2679,mpzhjin,2,0.00046,30326,6.92714,437785
2680,MrAlias,2,0.00046,30328,6.92760,437785
2681,mrfelton,2,0.00046,30330,6.92806,437785
2682,MRoci,2,0.00046,30332,6.92852,437785
2683,mrtndwrd,2,0.00046,30334,6.92897,437785
2684,mschoch,2,0.00046,30336,6.92943,437785
2685,msfuko,2,0.00046,30338,6.92989,437785
2686,mshaverdo,2,0.00046,30340,6.93034,437785
2687,mstoskus,2,0.00046,30342,6.93080,437785
2688,mudverma,2,0.00046,30344,6.93126,437785
2689,mulbc,2,0.00046,30346,6.93171,437785
2690,mumrau,2,0.00046,30348,6.93217,437785
2691,musaprg,2,0.00046,30350,6.93263,437785
2692,muya-zj,2,0.00046,30352,6.93308,437785
2693,naiduarvind,2,0.00046,30354,6.93354,437785
2694,naphta,2,0.00046,30356,6.93400,437785
2695,narayanan,2,0.00046,30358,6.93445,437785
2696,natarajaya,2,0.00046,30360,6.93491,437785
2697,natefox,2,0.00046,30362,6.93537,437785
2698,natronq,2,0.00046,30364,6.93582,437785
2699,nberlee,2,0.00046,30366,6.93628,437785
2700,ncalibey,2,0.00046,30368,6.93674,437785
2701,ndimitry,2,0.00046,30370,6.93720,437785
2702,neezgee,2,0.00046,30372,6.93765,437785
2703,Negashev,2,0.00046,30374,6.93811,437785
2704,neiledgar,2,0.00046,30376,6.93857,437785
2705,nekufa,2,0.00046,30378,6.93902,437785
2706,NerdyPepper,2,0.00046,30380,6.93948,437785
2707,nerro,2,0.00046,30382,6.93994,437785
2708,netshade,2,0.00046,30384,6.94039,437785
2709,newtoncorp,2,0.00046,30386,6.94085,437785
2710,nexeck,2,0.00046,30388,6.94131,437785
2711,Ngob,2,0.00046,30390,6.94176,437785
2712,nguyenlamlll,2,0.00046,30392,6.94222,437785
2713,nhanpc,2,0.00046,30394,6.94268,437785
2714,nicoaragon,2,0.00046,30396,6.94313,437785
2715,niklasravnsborg,2,0.00046,30398,6.94359,437785
2716,nikolay-pshenichny,2,0.00046,30400,6.94405,437785
2717,ningning54321,2,0.00046,30402,6.94450,437785
2718,NixM0nk3y,2,0.00046,30404,6.94496,437785
2719,nmeessen,2,0.00046,30406,6.94542,437785
2720,nmengin,2,0.00046,30408,6.94588,437785
2721,nomis2k,2,0.00046,30410,6.94633,437785
2722,noony,2,0.00046,30412,6.94679,437785
2723,nordligulv,2,0.00046,30414,6.94725,437785
2724,nowprovision,2,0.00046,30416,6.94770,437785
2725,nromanetti,2,0.00046,30418,6.94816,437785
2726,ntavares,2,0.00046,30420,6.94862,437785
2727,ntimo,2,0.00046,30422,6.94907,437785
2728,nussjustin,2,0.00046,30424,6.94953,437785
2729,nuwang,2,0.00046,30426,6.94999,437785
2730,nw31304,2,0.00046,30428,6.95044,437785
2731,nyanshak,2,0.00046,30430,6.95090,437785
2732,oblalex,2,0.00046,30432,6.95136,437785
2733,Observer42,2,0.00046,30434,6.95181,437785
2734,odavid,2,0.00046,30436,6.95227,437785
2735,ofcourseican,2,0.00046,30438,6.95273,437785
2736,olberger,2,0.00046,30440,6.95318,437785
2737,olegsu,2,0.00046,30442,6.95364,437785
2738,olivr70,2,0.00046,30444,6.95410,437785
2739,onemanbucket,2,0.00046,30446,6.95456,437785
2740,onokatio,2,0.00046,30448,6.95501,437785
2741,Op3n4M3,2,0.00046,30450,6.95547,437785
2742,opensourcegeek,2,0.00046,30452,6.95593,437785
2743,OpenSourceZombie,2,0.00046,30454,6.95638,437785
2744,opsnull,2,0.00046,30456,6.95684,437785
2745,OrthoDex,2,0.00046,30458,6.95730,437785
2746,OwenTuz,2,0.00046,30460,6.95775,437785
2747,oWX619547,2,0.00046,30462,6.95821,437785
2748,oxyno-zeta,2,0.00046,30464,6.95867,437785
2749,pambrose,2,0.00046,30466,6.95912,437785
2750,panage,2,0.00046,30468,6.95958,437785
2751,panicstevenson,2,0.00046,30470,6.96004,437785
2752,paradxum,2,0.00046,30472,6.96049,437785
2753,parndt,2,0.00046,30474,6.96095,437785
2754,particledecay,2,0.00046,30476,6.96141,437785
2755,pas2k,2,0.00046,30478,6.96186,437785
2756,pashok2398,2,0.00046,30480,6.96232,437785
2757,pasqualet,2,0.00046,30482,6.96278,437785
2758,pastukhov,2,0.00046,30484,6.96324,437785
2759,pathcl,2,0.00046,30486,6.96369,437785
2760,Patil2099,2,0.00046,30488,6.96415,437785
2761,patricio78,2,0.00046,30490,6.96461,437785
2762,patrickmslatteryvt,2,0.00046,30492,6.96506,437785
2763,paudirac,2,0.00046,30494,6.96552,437785
2764,paulgear,2,0.00046,30496,6.96598,437785
2765,pauloancheta,2,0.00046,30498,6.96643,437785
2766,payesanand,2,0.00046,30500,6.96689,437785
2767,Pc6,2,0.00046,30502,6.96735,437785
2768,PCaponetti,2,0.00046,30504,6.96780,437785
2769,pcfrabbitmq-concourse-ci,2,0.00046,30506,6.96826,437785
2770,pdf,2,0.00046,30508,6.96872,437785
2771,peerapach,2,0.00046,30510,6.96917,437785
2772,Pehesi97,2,0.00046,30512,6.96963,437785
2773,pengsrc,2,0.00046,30514,6.97009,437785
2774,peterfich,2,0.00046,30516,6.97054,437785
2775,peterloeffler,2,0.00046,30518,6.97100,437785
2776,petermbenjamin,2,0.00046,30520,6.97146,437785
2777,petermikitsh,2,0.00046,30522,6.97192,437785
2778,petr-k,2,0.00046,30524,6.97237,437785
2779,pgmillon,2,0.00046,30526,6.97283,437785
2780,pH14,2,0.00046,30528,6.97329,437785
2781,PhilGrayson,2,0.00046,30530,6.97374,437785
2782,philippgille,2,0.00046,30532,6.97420,437785
2783,phoefflin,2,0.00046,30534,6.97466,437785
2784,phyrog,2,0.00046,30536,6.97511,437785
2785,pierreprinetti,2,0.00046,30538,6.97557,437785
2786,pietervogelaar,2,0.00046,30540,6.97603,437785
2787,ping40,2,0.00046,30542,6.97648,437785
2788,piotrnosek,2,0.00046,30544,6.97694,437785
2789,pirxthepilot,2,0.00046,30546,6.97740,437785
2790,pj42,2,0.00046,30548,6.97785,437785
2791,plasticbox,2,0.00046,30550,6.97831,437785
2792,plumenator,2,0.00046,30552,6.97877,437785
2793,pmundt,2,0.00046,30554,6.97922,437785
2794,pocke,2,0.00046,30556,6.97968,437785
2795,podoco,2,0.00046,30558,6.98014,437785
2796,polskikiel,2,0.00046,30560,6.98060,437785
2797,PONOUBA,2,0.00046,30562,6.98105,437785
2798,ppadmavilasom,2,0.00046,30564,6.98151,437785
2799,ppcololo,2,0.00046,30566,6.98197,437785
2800,ppeble,2,0.00046,30568,6.98242,437785
2801,pperzyna,2,0.00046,30570,6.98288,437785
2802,ppggff,2,0.00046,30572,6.98334,437785
2803,ppietrasa,2,0.00046,30574,6.98379,437785
2804,Pradip-Khakurel,2,0.00046,30576,6.98425,437785
2805,prannayk,2,0.00046,30578,6.98471,437785
2806,praveen-kg,2,0.00046,30580,6.98516,437785
2807,premkumar-gg,2,0.00046,30582,6.98562,437785
2808,previ,2,0.00046,30584,6.98608,437785
2809,procyclinsur,2,0.00046,30586,6.98653,437785
2810,progrhyme,2,0.00046,30588,6.98699,437785
2811,prratadiya,2,0.00046,30590,6.98745,437785
2812,PS-EGHornbostel,2,0.00046,30592,6.98791,437785
2813,psycho-ir,2,0.00046,30594,6.98836,437785
2814,ptravers,2,0.00046,30596,6.98882,437785
2815,ptzianos,2,0.00046,30598,6.98928,437785
2816,puerco,2,0.00046,30600,6.98973,437785
2817,pumano,2,0.00046,30602,6.99019,437785
2818,PureWhiteWu,2,0.00046,30604,6.99065,437785
2819,pwillie,2,0.00046,30606,6.99110,437785
2820,Pwpon500,2,0.00046,30608,6.99156,437785
2821,pyama86,2,0.00046,30610,6.99202,437785
2822,qiannawang,2,0.00046,30612,6.99247,437785
2823,qiqizjl,2,0.00046,30614,6.99293,437785
2824,qiuyuzhou,2,0.00046,30616,6.99339,437785
2825,qoops-1,2,0.00046,30618,6.99384,437785
2826,qrpike,2,0.00046,30620,6.99430,437785
2827,Quarky9,2,0.00046,30622,6.99476,437785
2828,quasoft,2,0.00046,30624,6.99521,437785
2829,radumazi,2,0.00046,30626,6.99567,437785
2830,raeesbhatti,2,0.00046,30628,6.99613,437785
2831,rahulchheda,2,0.00046,30630,6.99659,437785
2832,rahulkrishnanfs,2,0.00046,30632,6.99704,437785
2833,raja-anbazhagan,2,0.00046,30634,6.99750,437785
2834,RajuKalidindi,2,0.00046,30636,6.99796,437785
2835,rakeshv1,2,0.00046,30638,6.99841,437785
2836,rammantripragada,2,0.00046,30640,6.99887,437785
2837,Ramzi-Alqrainy,2,0.00046,30642,6.99933,437785
2838,raphaelquati,2,0.00046,30644,6.99978,437785
2839,ratanboddu,2,0.00046,30646,7.00024,437785
2840,raunyoliveira-hotmart,2,0.00046,30648,7.00070,437785
2841,rayfoss,2,0.00046,30650,7.00115,437785
2842,rbmrclo,2,0.00046,30652,7.00161,437785
2843,rchernobelskiy,2,0.00046,30654,7.00207,437785
2844,ReadmeCritic,2,0.00046,30656,7.00252,437785
2845,realark,2,0.00046,30658,7.00298,437785
2846,realshuting,2,0.00046,30660,7.00344,437785
2847,rektide,2,0.00046,30662,7.00389,437785
2848,renekalff,2,0.00046,30664,7.00435,437785
2849,renich,2,0.00046,30666,7.00481,437785
2850,renjikari,2,0.00046,30668,7.00527,437785
2851,rgembalik,2,0.00046,30670,7.00572,437785
2852,rhysemmas,2,0.00046,30672,7.00618,437785
2853,ricardo-larosa,2,0.00046,30674,7.00664,437785
2854,richardburakowski,2,0.00046,30676,7.00709,437785
2855,richardxia,2,0.00046,30678,7.00755,437785
2856,rinormaloku,2,0.00046,30680,7.00801,437785
2857,rishgh,2,0.00046,30682,7.00846,437785
2858,rjstyles,2,0.00046,30684,7.00892,437785
2859,rklabs,2,0.00046,30686,7.00938,437785
2860,robertwb,2,0.00046,30688,7.00983,437785
2861,RoelVanNyen,2,0.00046,30690,7.01029,437785
2862,roganartu,2,0.00046,30692,7.01075,437785
2863,rolandhawk,2,0.00046,30694,7.01120,437785
2864,rolandjohann,2,0.00046,30696,7.01166,437785
2865,romainjanvier,2,0.00046,30698,7.01212,437785
2866,romainr,2,0.00046,30700,7.01257,437785
2867,roramirez,2,0.00046,30702,7.01303,437785
2868,roura356a,2,0.00046,30704,7.01349,437785
2869,royeectu,2,0.00046,30706,7.01395,437785
2870,royels,2,0.00046,30708,7.01440,437785
2871,rpahli,2,0.00046,30710,7.01486,437785
2872,ruehowl,2,0.00046,30712,7.01532,437785
2873,rufoa,2,0.00046,30714,7.01577,437785
2874,ruig2,2,0.00046,30716,7.01623,437785
2875,runiq,2,0.00046,30718,7.01669,437785
2876,ruoshan,2,0.00046,30720,7.01714,437785
2877,Rustin-Liu,2,0.00046,30722,7.01760,437785
2878,Sagar2366,2,0.00046,30724,7.01806,437785
2879,sagaranand015,2,0.00046,30726,7.01851,437785
2880,Saint1991,2,0.00046,30728,7.01897,437785
2881,saksham93,2,0.00046,30730,7.01943,437785
2882,sakshamtaneja21,2,0.00046,30732,7.01988,437785
2883,samabed-firehose,2,0.00046,30734,7.02034,437785
2884,samber,2,0.00046,30736,7.02080,437785
2885,samifruit514,2,0.00046,30738,7.02125,437785
2886,samkulkarni20,2,0.00046,30740,7.02171,437785
2887,samuela,2,0.00046,30742,7.02217,437785
2888,samwyma,2,0.00046,30744,7.02263,437785
2889,sanchezl,2,0.00046,30746,7.02308,437785
2890,sandromodarelli,2,0.00046,30748,7.02354,437785
2891,sanket0896,2,0.00046,30750,7.02400,437785
2892,SanSYS,2,0.00046,30752,7.02445,437785
2893,santhosh-tekuri,2,0.00046,30754,7.02491,437785
2894,santinoncs,2,0.00046,30756,7.02537,437785
2895,SantoDE,2,0.00046,30758,7.02582,437785
2896,santoshankr,2,0.00046,30760,7.02628,437785
2897,sarath-p,2,0.00046,30762,7.02674,437785
2898,sark01,2,0.00046,30764,7.02719,437785
2899,Sarke,2,0.00046,30766,7.02765,437785
2900,sashaPM,2,0.00046,30768,7.02811,437785
2901,sashayakovtseva,2,0.00046,30770,7.02856,437785
2902,saurabh9495,2,0.00046,30772,7.02902,437785
2903,saward,2,0.00046,30774,7.02948,437785
2904,sayrer,2,0.00046,30776,7.02993,437785
2905,schnipseljagd,2,0.00046,30778,7.03039,437785
2906,scottnuma,2,0.00046,30780,7.03085,437785
2907,sdementen,2,0.00046,30782,7.03131,437785
2908,sdwolfz,2,0.00046,30784,7.03176,437785
2909,seanhoughton,2,0.00046,30786,7.03222,437785
2910,sebastianvoss,2,0.00046,30788,7.03268,437785
2911,sebdoido,2,0.00046,30790,7.03313,437785
2912,sebosp,2,0.00046,30792,7.03359,437785
2913,sebsandberg,2,0.00046,30794,7.03405,437785
2914,selfmanagingresource,2,0.00046,30796,7.03450,437785
2915,sel-vcc,2,0.00046,30798,7.03496,437785
2916,senior7515,2,0.00046,30800,7.03542,437785
2917,serdarosmanonur,2,0.00046,30802,7.03587,437785
2918,sergiipopov,2,0.00046,30804,7.03633,437785
2919,serrien,2,0.00046,30806,7.03679,437785
2920,seruman,2,0.00046,30808,7.03724,437785
2921,sethwklein,2,0.00046,30810,7.03770,437785
2922,SevaSafris,2,0.00046,30812,7.03816,437785
2923,sevki,2,0.00046,30814,7.03861,437785
2924,sfriberg,2,0.00046,30816,7.03907,437785
2925,sgandon,2,0.00046,30818,7.03953,437785
2926,shahinus,2,0.00046,30820,7.03999,437785
2927,ShalomCohen,2,0.00046,30822,7.04044,437785
2928,shaloulcy,2,0.00046,30824,7.04090,437785
2929,shane-kearns,2,0.00046,30826,7.04136,437785
2930,Shanica,2,0.00046,30828,7.04181,437785
2931,sharjeelaziz,2,0.00046,30830,7.04227,437785
2932,shaunmansell,2,0.00046,30832,7.04273,437785
2933,shavo007,2,0.00046,30834,7.04318,437785
2934,shawndellysse,2,0.00046,30836,7.04364,437785
2935,shendrekbharath,2,0.00046,30838,7.04410,437785
2936,shentaosky,2,0.00046,30840,7.04455,437785
2937,shewless,2,0.00046,30842,7.04501,437785
2938,shibataka000,2,0.00046,30844,7.04547,437785
2939,shindakun,2,0.00046,30846,7.04592,437785
2940,shivamerla,2,0.00046,30848,7.04638,437785
2941,shlevy,2,0.00046,30850,7.04684,437785
2942,Shnatsel,2,0.00046,30852,7.04729,437785
2943,Shruti9520,2,0.00046,30854,7.04775,437785
2944,shutefan,2,0.00046,30856,7.04821,437785
2945,shyamjalan,2,0.00046,30858,7.04867,437785
2946,silenceper,2,0.00046,30860,7.04912,437785
2947,siliangxifeng1988,2,0.00046,30862,7.04958,437785
2948,silkeh,2,0.00046,30864,7.05004,437785
2949,Simon3,2,0.00046,30866,7.05049,437785
2950,simonasr,2,0.00046,30868,7.05095,437785
2951,simplesteph,2,0.00046,30870,7.05141,437785
2952,sirao,2,0.00046,30872,7.05186,437785
2953,sitkevij,2,0.00046,30874,7.05232,437785
2954,sixeyed,2,0.00046,30876,7.05278,437785
2955,sjentzsch,2,0.00046,30878,7.05323,437785
2956,skaji,2,0.00046,30880,7.05369,437785
2957,skidder,2,0.00046,30882,7.05415,437785
2958,skoef,2,0.00046,30884,7.05460,437785
2959,smatyas,2,0.00046,30886,7.05506,437785
2960,smileusd,2,0.00046,30888,7.05552,437785
2961,smon,2,0.00046,30890,7.05597,437785
2962,smulikHakipod,2,0.00046,30892,7.05643,437785
2963,smyrman,2,0.00046,30894,7.05689,437785
2964,snago,2,0.00046,30896,7.05735,437785
2965,snakescott,2,0.00046,30898,7.05780,437785
2966,sNathan13,2,0.00046,30900,7.05826,437785
2967,solodynamo,2,0.00046,30902,7.05872,437785
2968,sonapraneeth-a,2,0.00046,30904,7.05917,437785
2969,songjiayang,2,0.00046,30906,7.05963,437785
2970,sonoroot,2,0.00046,30908,7.06009,437785
2971,soultemple,2,0.00046,30910,7.06054,437785
2972,Soundharyaam,2,0.00046,30912,7.06100,437785
2973,soymo,2,0.00046,30914,7.06146,437785
2974,spacejam,2,0.00046,30916,7.06191,437785
2975,spinside,2,0.00046,30918,7.06237,437785
2976,SpiralOutDotEu,2,0.00046,30920,7.06283,437785
2977,splack,2,0.00046,30922,7.06328,437785
2978,sp-manuel-jurado,2,0.00046,30924,7.06374,437785
2979,SQiShER,2,0.00046,30926,7.06420,437785
2980,squee1945,2,0.00046,30928,7.06466,437785
2981,sshukun,2,0.00046,30930,7.06511,437785
2982,st1t,2,0.00046,30932,7.06557,437785
2983,starmaker-dev,2,0.00046,30934,7.06603,437785
2984,StephenBrown2,2,0.00046,30936,7.06648,437785
2985,stephenprater,2,0.00046,30938,7.06694,437785
2986,sterjoski,2,0.00046,30940,7.06740,437785
2987,stevehipwell,2,0.00046,30942,7.06785,437785
2988,stevemns,2,0.00046,30944,7.06831,437785
2989,steven-aerts,2,0.00046,30946,7.06877,437785
2990,stigok,2,0.00046,30948,7.06922,437785
2991,StiviiK,2,0.00046,30950,7.06968,437785
2992,stobias123,2,0.00046,30952,7.07014,437785
2993,stoshiya,2,0.00046,30954,7.07059,437785
2994,strajansebastian,2,0.00046,30956,7.07105,437785
2995,StrongMonkey,2,0.00046,30958,7.07151,437785
2996,stsui-ctech,2,0.00046,30960,7.07196,437785
2997,stuart-mclaren-hpe,2,0.00046,30962,7.07242,437785
2998,stuffandthings,2,0.00046,30964,7.07288,437785
2999,stuvie,2,0.00046,30966,7.07334,437785
3000,styshoo,2,0.00046,30968,7.07379,437785
3001,sudermanjr,2,0.00046,30970,7.07425,437785
3002,sugi,2,0.00046,30972,7.07471,437785
3003,SuhwanCha,2,0.00046,30974,7.07516,437785
3004,sumeer,2,0.00046,30976,7.07562,437785
3005,sumitsaiwal,2,0.00046,30978,7.07608,437785
3006,sunnykrGupta,2,0.00046,30980,7.07653,437785
3007,supersandra,2,0.00046,30982,7.07699,437785
3008,surya474,2,0.00046,30984,7.07745,437785
3009,sushma-priyadharssini,2,0.00046,30986,7.07790,437785
3010,sv2,2,0.00046,30988,7.07836,437785
3011,swamymsft,2,0.00046,30990,7.07882,437785
3012,swarkentin,2,0.00046,30992,7.07927,437785
3013,Sweta271097,2,0.00046,30994,7.07973,437785
3014,syedimam0012,2,0.00046,30996,7.08019,437785
3015,syjabri,2,0.00046,30998,7.08064,437785
3016,sylwekb,2,0.00046,31000,7.08110,437785
3017,syohex,2,0.00046,31002,7.08156,437785
3018,tacigar,2,0.00046,31004,7.08202,437785
3019,tagatac,2,0.00046,31006,7.08247,437785
3020,taherbohari,2,0.00046,31008,7.08293,437785
3021,tall49er,2,0.00046,31010,7.08339,437785
3022,tallaxes,2,0.00046,31012,7.08384,437785
3023,Tapppi,2,0.00046,31014,7.08430,437785
3024,tareks,2,0.00046,31016,7.08476,437785
3025,tatobi,2,0.00046,31018,7.08521,437785
3026,tbregolin,2,0.00046,31020,7.08567,437785
3027,tbuchier,2,0.00046,31022,7.08613,437785
3028,teaguecole,2,0.00046,31024,7.08658,437785
3029,tedder,2,0.00046,31026,7.08704,437785
3030,Teddy-Schmitz,2,0.00046,31028,7.08750,437785
3031,TedGreen,2,0.00046,31030,7.08795,437785
3032,tedgxt,2,0.00046,31032,7.08841,437785
3033,telendt,2,0.00046,31034,7.08887,437785
3034,tenczar,2,0.00046,31036,7.08932,437785
3035,teodor-pripoae,2,0.00046,31038,7.08978,437785
3036,tfheen,2,0.00046,31040,7.09024,437785
3037,thebeefcake,2,0.00046,31042,7.09070,437785
3038,thebsdbox,2,0.00046,31044,7.09115,437785
3039,thegreystone,2,0.00046,31046,7.09161,437785
3040,TheKangaroo,2,0.00046,31048,7.09207,437785
3041,theogravity,2,0.00046,31050,7.09252,437785
3042,thepwagner,2,0.00046,31052,7.09298,437785
3043,theramis,2,0.00046,31054,7.09344,437785
3044,thiagoarrais,2,0.00046,31056,7.09389,437785
3045,thomascooper,2,0.00046,31058,7.09435,437785
3046,thomasem,2,0.00046,31060,7.09481,437785
3047,thomashchan1,2,0.00046,31062,7.09526,437785
3048,thorsteinnth,2,0.00046,31064,7.09572,437785
3049,ThorstenHans,2,0.00046,31066,7.09618,437785
3050,thorwolpert,2,0.00046,31068,7.09663,437785
3051,tiagoReichert,2,0.00046,31070,7.09709,437785
3052,tianyuansun,2,0.00046,31072,7.09755,437785
3053,ticosax,2,0.00046,31074,7.09800,437785
3054,tiggerlee2,2,0.00046,31076,7.09846,437785
3055,tikidunpon,2,0.00046,31078,7.09892,437785
3056,tilosp,2,0.00046,31080,7.09938,437785
3057,timbray,2,0.00046,31082,7.09983,437785
3058,Timmmm,2,0.00046,31084,7.10029,437785
3059,timosellin,2,0.00046,31086,7.10075,437785
3060,tinytub,2,0.00046,31088,7.10120,437785
3061,tiri,2,0.00046,31090,7.10166,437785
3062,TisonKun,2,0.00046,31092,7.10212,437785
3063,tjnicholas,2,0.00046,31094,7.10257,437785
3064,tkimura,2,0.00046,31096,7.10303,437785
3065,tkrausjr,2,0.00046,31098,7.10349,437785
3066,tlvu,2,0.00046,31100,7.10394,437785
3067,tnguyencota,2,0.00046,31102,7.10440,437785
3068,todaywasawesome,2,0.00046,31104,7.10486,437785
3069,t-omas,2,0.00046,31106,7.10531,437785
3070,tomerleib,2,0.00046,31108,7.10577,437785
3071,tommysitu,2,0.00046,31110,7.10623,437785
3072,ton31337,2,0.00046,31112,7.10668,437785
3073,Tony-Hu,2,0.00046,31114,7.10714,437785
3074,toshi0607,2,0.00046,31116,7.10760,437785
3075,toshimaru,2,0.00046,31118,7.10806,437785
3076,toshipp,2,0.00046,31120,7.10851,437785
3077,trebler,2,0.00046,31122,7.10897,437785
3078,TristanPeers,2,0.00046,31124,7.10943,437785
3079,tsakamiya,2,0.00046,31126,7.10988,437785
3080,tschmittni,2,0.00046,31128,7.11034,437785
3081,tt810,2,0.00046,31130,7.11080,437785
3082,ttarczynski,2,0.00046,31132,7.11125,437785
3083,tuananhnguyen-ct,2,0.00046,31134,7.11171,437785
3084,tuki0918,2,0.00046,31136,7.11217,437785
3085,turettn,2,0.00046,31138,7.11262,437785
3086,tw1997,2,0.00046,31140,7.11308,437785
3087,twexler,2,0.00046,31142,7.11354,437785
3088,tylercamp,2,0.00046,31144,7.11399,437785
3089,Tzrlk,2,0.00046,31146,7.11445,437785
3090,unthought,2,0.00046,31148,7.11491,437785
3091,Uzuku,2,0.00046,31150,7.11536,437785
3092,uzxmx,2,0.00046,31152,7.11582,437785
3093,vanto,2,0.00046,31154,7.11628,437785
3094,varunpatro,2,0.00046,31156,7.11674,437785
3095,velcro-ie,2,0.00046,31158,7.11719,437785
3096,venkat-443,2,0.00046,31160,7.11765,437785
3097,vertextao,2,0.00046,31162,7.11811,437785
3098,veshij,2,0.00046,31164,7.11856,437785
3099,VFourneau,2,0.00046,31166,7.11902,437785
3100,VictorAvelar,2,0.00046,31168,7.11948,437785
3101,victoriajyang,2,0.00046,31170,7.11993,437785
3102,viegasdom,2,0.00046,31172,7.12039,437785
3103,vinicyusmacedo,2,0.00046,31174,7.12085,437785
3104,vipulgupta2048,2,0.00046,31176,7.12130,437785
3105,vishaaal,2,0.00046,31178,7.12176,437785
3106,vitaliis,2,0.00046,31180,7.12222,437785
3107,viteksafronov,2,0.00046,31182,7.12267,437785
3108,vivekzhere,2,0.00046,31184,7.12313,437785
3109,VladimirAkopyan,2,0.00046,31186,7.12359,437785
3110,vlandemaine-orange,2,0.00046,31188,7.12404,437785
3111,vmasutin,2,0.00046,31190,7.12450,437785
3112,vncntvandriessche,2,0.00046,31192,7.12496,437785
3113,vnorigoog,2,0.00046,31194,7.12542,437785
3114,volume-ji,2,0.00046,31196,7.12587,437785
3115,vrischmann,2,0.00046,31198,7.12633,437785
3116,vsakhart,2,0.00046,31200,7.12679,437785
3117,vsoutherner,2,0.00046,31202,7.12724,437785
3118,vykulakov,2,0.00046,31204,7.12770,437785
3119,w1ndy,2,0.00046,31206,7.12816,437785
3120,w33dw0r7d,2,0.00046,31208,7.12861,437785
3121,walkafwalka,2,0.00046,31210,7.12907,437785
3122,WalkerGriggs,2,0.00046,31212,7.12953,437785
3123,wangycc,2,0.00046,31214,7.12998,437785
3124,waseem18,2,0.00046,31216,7.13044,437785
3125,wcarlsen,2,0.00046,31218,7.13090,437785
3126,wdhif,2,0.00046,31220,7.13135,437785
3127,WebSpider,2,0.00046,31222,7.13181,437785
3128,weibaohui,2,0.00046,31224,7.13227,437785
3129,weiyongji,2,0.00046,31226,7.13272,437785
3130,werkt,2,0.00046,31228,7.13318,437785
3131,wesraph,2,0.00046,31230,7.13364,437785
3132,westhood,2,0.00046,31232,7.13410,437785
3133,wez470,2,0.00046,31234,7.13455,437785
3134,wgj,2,0.00046,31236,7.13501,437785
3135,while1malloc0,2,0.00046,31238,7.13547,437785
3136,whistlinwilly,2,0.00046,31240,7.13592,437785
3137,white-hat,2,0.00046,31242,7.13638,437785
3138,willnewby,2,0.00046,31244,7.13684,437785
3139,wind0r,2,0.00046,31246,7.13729,437785
3140,Wine93,2,0.00046,31248,7.13775,437785
3141,wjackson,2,0.00046,31250,7.13821,437785
3142,wjeanneau,2,0.00046,31252,7.13866,437785
3143,wleese,2,0.00046,31254,7.13912,437785
3144,wmcg,2,0.00046,31256,7.13958,437785
3145,WoohyungHan,2,0.00046,31258,7.14003,437785
3146,WPH95,2,0.00046,31260,7.14049,437785
3147,wujinhu,2,0.00046,31262,7.14095,437785
3148,wyardley,2,0.00046,31264,7.14141,437785
3149,xander27,2,0.00046,31266,7.14186,437785
3150,xanonid,2,0.00046,31268,7.14232,437785
3151,xaque208,2,0.00046,31270,7.14278,437785
3152,xcelsion,2,0.00046,31272,7.14323,437785
3153,xcudder,2,0.00046,31274,7.14369,437785
3154,xdrop,2,0.00046,31276,7.14415,437785
3155,xiaojingchen,2,0.00046,31278,7.14460,437785
3156,xiechengsheng,2,0.00046,31280,7.14506,437785
3157,xiekeyi98,2,0.00046,31282,7.14552,437785
3158,xinau,2,0.00046,31284,7.14597,437785
3159,xtreme-sameer-vohra,2,0.00046,31286,7.14643,437785
3160,xuhz,2,0.00046,31288,7.14689,437785
3161,xujihui1985,2,0.00046,31290,7.14734,437785
3162,xuto2,2,0.00046,31292,7.14780,437785
3163,yamenk,2,0.00046,31294,7.14826,437785
3164,yangjian,2,0.00046,31296,7.14871,437785
3165,yaron-idan,2,0.00046,31298,7.14917,437785
3166,yasensim,2,0.00046,31300,7.14963,437785
3167,yathi-sysdig,2,0.00046,31302,7.15009,437785
3168,yevgeny-z,2,0.00046,31304,7.15054,437785
3169,YEXINGZHE54,2,0.00046,31306,7.15100,437785
3170,yhyddr,2,0.00046,31308,7.15146,437785
3171,yinonavraham,2,0.00046,31310,7.15191,437785
3172,YKG,2,0.00046,31312,7.15237,437785
3173,ymalen,2,0.00046,31314,7.15283,437785
3174,ymotongpoo,2,0.00046,31316,7.15328,437785
3175,yohei1126,2,0.00046,31318,7.15374,437785
3176,yokhahn,2,0.00046,31320,7.15420,437785
3177,Youngcoder,2,0.00046,31322,7.15465,437785
3178,yp28,2,0.00046,31324,7.15511,437785
3179,yuce,2,0.00046,31326,7.15557,437785
3180,yuecong,2,0.00046,31328,7.15602,437785
3181,yuhongwex,2,0.00046,31330,7.15648,437785
3182,yulianedyalkova,2,0.00046,31332,7.15694,437785
3183,yuriipolishchuk,2,0.00046,31334,7.15739,437785
3184,yu-shiba,2,0.00046,31336,7.15785,437785
3185,yverbin,2,0.00046,31338,7.15831,437785
3186,yznima,2,0.00046,31340,7.15877,437785
3187,yzpeninsula,2,0.00046,31342,7.15922,437785
3188,z4ce,2,0.00046,31344,7.15968,437785
3189,ZachGlassman,2,0.00046,31346,7.16014,437785
3190,zackgalbreath,2,0.00046,31348,7.16059,437785
3191,zaibon,2,0.00046,31350,7.16105,437785
3192,zbikmarc,2,0.00046,31352,7.16151,437785
3193,zengyuxing007,2,0.00046,31354,7.16196,437785
3194,zhanggaogong,2,0.00046,31356,7.16242,437785
3195,zhangguoyan,2,0.00046,31358,7.16288,437785
3196,zhangjianweibj,2,0.00046,31360,7.16333,437785
3197,zheng1,2,0.00046,31362,7.16379,437785
3198,zhlhahaha,2,0.00046,31364,7.16425,437785
3199,ZHmao,2,0.00046,31366,7.16470,437785
3200,zhongjun2,2,0.00046,31368,7.16516,437785
3201,zhuochun,2,0.00046,31370,7.16562,437785
3202,zihotki,2,0.00046,31372,7.16607,437785
3203,zimmertr,2,0.00046,31374,7.16653,437785
3204,zknill,2,0.00046,31376,7.16699,437785
3205,zloo,2,0.00046,31378,7.16745,437785
3206,zoetian,2,0.00046,31380,7.16790,437785
3207,zoetrope,2,0.00046,31382,7.16836,437785
3208,zouguangxian,2,0.00046,31384,7.16882,437785
3209,zozzz,2,0.00046,31386,7.16927,437785
3210,zqzzq,2,0.00046,31388,7.16973,437785
3211,zuiurs,2,0.00046,31390,7.17019,437785
