rank_number,actor,contributions,percent,cumulative_sum,cumulative_percent,all_contributions
1,alexec,6934,16.89736,6934,16.89736,41036
2,jessesuen,5701,13.89268,12635,30.79004,41036
3,VaibhavPage,1949,4.74949,14584,35.53953,41036
4,dthomson25,1791,4.36446,16375,39.90399,41036
5,simster7,1425,3.47256,17800,43.37655,41036
6,jannfis,782,1.90564,18582,45.28219,41036
7,sarabala1979,729,1.77649,19311,47.05868,41036
8,shrinandj,631,1.53767,19942,48.59635,41036
9,merenbach,472,1.15021,20414,49.74656,41036
10,CLAassistant,446,1.08685,20860,50.83341,41036
11,edlee2121,320,0.77980,21180,51.61322,41036
12,whynowy,246,0.59947,21426,52.21269,41036
13,seanson,199,0.48494,21625,52.69763,41036
14,wokeGit,196,0.47763,21821,53.17526,41036
15,claassistantio,147,0.35822,21968,53.53348,41036
16,peterbosalliandercom,143,0.34847,22111,53.88196,41036
17,sytianhe,142,0.34604,22253,54.22799,41036
18,Ark-kun,132,0.32167,22385,54.54966,41036
19,mark9white,124,0.30217,22509,54.85184,41036
20,abhinavdas,118,0.28755,22627,55.13939,41036
21,adamjohnson01,113,0.27537,22740,55.41476,41036
22,roofi07,107,0.26075,22847,55.67550,41036
23,lcostea,101,0.24613,22948,55.92163,41036
24,mukulikak,101,0.24613,23049,56.16776,41036
25,gaganapplatix,100,0.24369,23149,56.41144,41036
26,cyee88,99,0.24125,23248,56.65270,41036
27,sandeepbhojwani,98,0.23881,23346,56.89151,41036
28,NikeNano,95,0.23150,23441,57.12301,41036
29,ddseapy,86,0.20957,23527,57.33259,41036
30,vicaire,71,0.17302,23598,57.50560,41036
31,thundergolfer,63,0.15352,23661,57.65913,41036
32,emichaf,58,0.14134,23719,57.80047,41036
33,mac9416,58,0.14134,23777,57.94181,41036
34,saradhis,58,0.14134,23835,58.08315,41036
35,francis-ax,56,0.13647,23891,58.21961,41036
36,rahuldhide,55,0.13403,23946,58.35364,41036
37,CermakM,52,0.12672,23998,58.48036,41036
38,jdeprin,52,0.12672,24050,58.60708,41036
39,mthx,52,0.12672,24102,58.73379,41036
40,bappr,49,0.11941,24151,58.85320,41036
41,danxmoran,48,0.11697,24199,58.97017,41036
42,lcjlcj,46,0.11210,24245,59.08227,41036
43,JazminGonzalez-Rivero,45,0.10966,24290,59.19193,41036
44,moensch,44,0.10722,24334,59.29915,41036
45,gpaul,43,0.10479,24377,59.40394,41036
46,cabrinha,42,0.10235,24419,59.50629,41036
47,kwladyka,42,0.10235,24461,59.60864,41036
48,andreimc,39,0.09504,24500,59.70367,41036
49,KarstenSiemer,39,0.09504,24539,59.79871,41036
50,spencergilbert,39,0.09504,24578,59.89375,41036
51,felixApplatix,38,0.09260,24616,59.98635,41036
52,OmerKahani,38,0.09260,24654,60.07896,41036
53,amarrella,36,0.08773,24690,60.16668,41036
54,AnesBenmerzoug,36,0.08773,24726,60.25441,41036
55,dcherman,36,0.08773,24762,60.34214,41036
56,keaxu-exp,36,0.08773,24798,60.42987,41036
57,arnarg,35,0.08529,24833,60.51516,41036
58,oke-py,35,0.08529,24868,60.60045,41036
59,pratulw,35,0.08529,24903,60.68574,41036
60,samath117,34,0.08285,24937,60.76859,41036
61,zeph,34,0.08285,24971,60.85145,41036
62,jamhed,33,0.08042,25004,60.93186,41036
63,wookasz,33,0.08042,25037,61.01228,41036
64,wanghong230,32,0.07798,25069,61.09026,41036
65,AntoineDao,31,0.07554,25100,61.16581,41036
66,jackywu,30,0.07311,25130,61.23891,41036
67,marcb1,30,0.07311,25160,61.31202,41036
68,paguos,30,0.07311,25190,61.38513,41036
69,tomsanbear,30,0.07311,25220,61.45823,41036
70,masa213f,28,0.06823,25248,61.52646,41036
71,duboisf,27,0.06580,25275,61.59226,41036
72,epa095,27,0.06580,25302,61.65806,41036
73,papanito,27,0.06580,25329,61.72385,41036
74,tomcruise81,27,0.06580,25356,61.78965,41036
75,devstein,26,0.06336,25382,61.85301,41036
76,houz42,26,0.06336,25408,61.91637,41036
77,khhirani,26,0.06336,25434,61.97973,41036
78,kuznero,26,0.06336,25460,62.04308,41036
79,zhujl1991,26,0.06336,25486,62.10644,41036
80,bclermont,25,0.06092,25511,62.16737,41036
81,changhc,25,0.06092,25536,62.22829,41036
82,gaigepr,25,0.06092,25561,62.28921,41036
83,logicfox,25,0.06092,25586,62.35013,41036
84,matt-magaldi,25,0.06092,25611,62.41105,41036
85,stgarf,25,0.06092,25636,62.47198,41036
86,dmizelle,24,0.05849,25660,62.53046,41036
87,fsiegmund,24,0.05849,25684,62.58895,41036
88,igaskin,24,0.05849,25708,62.64743,41036
89,stevesea,24,0.05849,25732,62.70592,41036
90,delwaterman,23,0.05605,25755,62.76197,41036
91,dontreboot,23,0.05605,25778,62.81801,41036
92,elikatsis,23,0.05605,25801,62.87406,41036
93,jutley,23,0.05605,25824,62.93011,41036
94,ptemmer,23,0.05605,25847,62.98616,41036
95,tafkam,23,0.05605,25870,63.04221,41036
96,wecger,23,0.05605,25893,63.09826,41036
97,dvavili,22,0.05361,25915,63.15187,41036
98,johnmarcou,22,0.05361,25937,63.20548,41036
99,l15k4,22,0.05361,25959,63.25909,41036
100,hidekuro,21,0.05117,25980,63.31026,41036
101,LD-Oteemo,21,0.05117,26001,63.36144,41036
102,merlintang,21,0.05117,26022,63.41261,41036
103,disposab1e,20,0.04874,26042,63.46135,41036
104,jbehling,20,0.04874,26062,63.51009,41036
105,Leletir,20,0.04874,26082,63.55883,41036
106,nouseforaname,20,0.04874,26102,63.60756,41036
107,rosscdh,20,0.04874,26122,63.65630,41036
108,teddybearz,20,0.04874,26142,63.70504,41036
109,groodt,19,0.04630,26161,63.75134,41036
110,jaygorrell,19,0.04630,26180,63.79764,41036
111,kclaes,19,0.04630,26199,63.84394,41036
112,leominov,19,0.04630,26218,63.89024,41036
113,pbrit,19,0.04630,26237,63.93654,41036
114,reggie-k,19,0.04630,26256,63.98284,41036
115,tschonnie,19,0.04630,26275,64.02915,41036
116,billyy,18,0.04386,26293,64.07301,41036
117,jpresky,18,0.04386,26311,64.11687,41036
118,marxarelli,18,0.04386,26329,64.16074,41036
119,xubofei1983,18,0.04386,26347,64.20460,41036
120,0xdevalias,17,0.04143,26364,64.24603,41036
121,bencompton,17,0.04143,26381,64.28745,41036
122,mehtadeepen,17,0.04143,26398,64.32888,41036
123,muenchdo,17,0.04143,26415,64.37031,41036
124,narg95,17,0.04143,26432,64.41174,41036
125,rdigiorgio,17,0.04143,26449,64.45316,41036
126,Syps,17,0.04143,26466,64.49459,41036
127,syst0m,17,0.04143,26483,64.53602,41036
128,terev,17,0.04143,26500,64.57744,41036
129,dmayle,16,0.03899,26516,64.61643,41036
130,Downchuck,16,0.03899,26532,64.65542,41036
131,dtjm,16,0.03899,26548,64.69441,41036
132,eroji,16,0.03899,26564,64.73340,41036
133,foobarbecue,16,0.03899,26580,64.77239,41036
134,hnykda,16,0.03899,26596,64.81139,41036
135,pluqueTheLuxe,16,0.03899,26612,64.85038,41036
136,shelby-moore,16,0.03899,26628,64.88937,41036
137,TrevorNodeJS,16,0.03899,26644,64.92836,41036
138,twiechert,16,0.03899,26660,64.96735,41036
139,dove-young,15,0.03655,26675,65.00390,41036
140,essh,15,0.03655,26690,65.04045,41036
141,hongymagic,15,0.03655,26705,65.07701,41036
142,imranismail,15,0.03655,26720,65.11356,41036
143,MrXinWang,15,0.03655,26735,65.15011,41036
144,retnuh,15,0.03655,26750,65.18667,41036
145,robintanner,15,0.03655,26765,65.22322,41036
146,servo1x,15,0.03655,26780,65.25977,41036
147,soupdiver,15,0.03655,26795,65.29633,41036
148,theomessin,15,0.03655,26810,65.33288,41036
149,travisghansen,15,0.03655,26825,65.36943,41036
150,zx8,15,0.03655,26840,65.40598,41036
151,andye2004,14,0.03412,26854,65.44010,41036
152,antoniomo,14,0.03412,26868,65.47422,41036
153,cchanley2003,14,0.03412,26882,65.50833,41036
154,continuum-vikrant-tyagi,14,0.03412,26896,65.54245,41036
155,cscetbon,14,0.03412,26910,65.57657,41036
156,louis-murray,14,0.03412,26924,65.61068,41036
157,milesarmstrong,14,0.03412,26938,65.64480,41036
158,paveq,14,0.03412,26952,65.67892,41036
159,TomHellier,14,0.03412,26966,65.71303,41036
160,toonsevrin,14,0.03412,26980,65.74715,41036
161,vgunapati,14,0.03412,26994,65.78127,41036
162,bbc88ks,13,0.03168,27007,65.81294,41036
163,chaseterry,13,0.03168,27020,65.84462,41036
164,conorfennell,13,0.03168,27033,65.87630,41036
165,drewboswell,13,0.03168,27046,65.90798,41036
166,Erik-Securenative,13,0.03168,27059,65.93966,41036
167,inc0,13,0.03168,27072,65.97134,41036
168,k8sedu,13,0.03168,27085,66.00302,41036
169,pjediny,13,0.03168,27098,66.03470,41036
170,Rayyis,13,0.03168,27111,66.06638,41036
171,akshaychitneni,12,0.02924,27123,66.09562,41036
172,aleeshadawson,12,0.02924,27135,66.12487,41036
173,anarcher,12,0.02924,27147,66.15411,41036
174,chiragthaker,12,0.02924,27159,66.18335,41036
175,fayak,12,0.02924,27171,66.21259,41036
176,gabrielcalderon,12,0.02924,27183,66.24184,41036
177,greenstatic,12,0.02924,27195,66.27108,41036
178,haghabozorgi,12,0.02924,27207,66.30032,41036
179,oboukili,12,0.02924,27219,66.32956,41036
180,WeiTang114,12,0.02924,27231,66.35881,41036
181,workflow,12,0.02924,27243,66.38805,41036
182,aisensiy,11,0.02681,27254,66.41486,41036
183,balchua,11,0.02681,27265,66.44166,41036
184,basvandenbrink,11,0.02681,27276,66.46847,41036
185,bobhenkel,11,0.02681,27287,66.49527,41036
186,bx-julian,11,0.02681,27298,66.52208,41036
187,daanemanz,11,0.02681,27309,66.54888,41036
188,fj-sanchez,11,0.02681,27320,66.57569,41036
189,hongkunyoo,11,0.02681,27331,66.60250,41036
190,jkleinlercher,11,0.02681,27342,66.62930,41036
191,jw3,11,0.02681,27353,66.65611,41036
192,k,11,0.02681,27364,66.68291,41036
193,ken-ie,11,0.02681,27375,66.70972,41036
194,MihaiAnei,11,0.02681,27386,66.73652,41036
195,nfickas,11,0.02681,27397,66.76333,41036
196,niiku,11,0.02681,27408,66.79014,41036
197,PaulVanStaden,11,0.02681,27419,66.81694,41036
198,salanki,11,0.02681,27430,66.84375,41036
199,Sharathmk99,11,0.02681,27441,66.87055,41036
200,wreed4,11,0.02681,27452,66.89736,41036
201,wzhanw,11,0.02681,27463,66.92416,41036
202,zoux86,11,0.02681,27474,66.95097,41036
203,AdityaGupta1,10,0.02437,27484,66.97534,41036
204,chocopowwwa,10,0.02437,27494,66.99971,41036
205,daniyalj,10,0.02437,27504,67.02408,41036
206,donoftime,10,0.02437,27514,67.04845,41036
207,fiftoine,10,0.02437,27524,67.07281,41036
208,hideto0710,10,0.02437,27534,67.09718,41036
209,jbmcfarlin31,10,0.02437,27544,67.12155,41036
210,kzadorozhny,10,0.02437,27554,67.14592,41036
211,mathetake,10,0.02437,27564,67.17029,41036
212,mduarte,10,0.02437,27574,67.19466,41036
213,mojtabacazi,10,0.02437,27584,67.21903,41036
214,mura-s,10,0.02437,27594,67.24340,41036
215,nirav24,10,0.02437,27604,67.26776,41036
216,phillebaba,10,0.02437,27614,67.29213,41036
217,taharah,10,0.02437,27624,67.31650,41036
218,uipo78,10,0.02437,27634,67.34087,41036
219,amarruedo,9,0.02193,27643,67.36280,41036
220,brushmate,9,0.02193,27652,67.38474,41036
221,clelange,9,0.02193,27661,67.40667,41036
222,cooktheryan,9,0.02193,27670,67.42860,41036
223,danielhelfand,9,0.02193,27679,67.45053,41036
224,decarboxy,9,0.02193,27688,67.47246,41036
225,dimitarKiryakov,9,0.02193,27697,67.49440,41036
226,donaldrauscher,9,0.02193,27706,67.51633,41036
227,empath,9,0.02193,27715,67.53826,41036
228,genebean,9,0.02193,27724,67.56019,41036
229,gevalter,9,0.02193,27733,67.58212,41036
230,gregdurham,9,0.02193,27742,67.60405,41036
231,gupash,9,0.02193,27751,67.62599,41036
232,jl431,9,0.02193,27760,67.64792,41036
233,jpugliesi,9,0.02193,27769,67.66985,41036
234,kivio,9,0.02193,27778,67.69178,41036
235,mckjhd,9,0.02193,27787,67.71371,41036
236,mjasion,9,0.02193,27796,67.73565,41036
237,mukulika-applatix,9,0.02193,27805,67.75758,41036
238,niqdev,9,0.02193,27814,67.77951,41036
239,vosmith,9,0.02193,27823,67.80144,41036
240,clementlecorre,8,0.01950,27831,67.82094,41036
241,David-Development,8,0.01950,27839,67.84043,41036
242,devlounge,8,0.01950,27847,67.85993,41036
243,dfarr,8,0.01950,27855,67.87942,41036
244,DSchmidtDev,8,0.01950,27863,67.89892,41036
245,Elgarni,8,0.01950,27871,67.91841,41036
246,elyzov-plesk,8,0.01950,27879,67.93791,41036
247,gregfriedland,8,0.01950,27887,67.95740,41036
248,hayorov,8,0.01950,27895,67.97690,41036
249,ilyasotkov,8,0.01950,27903,67.99639,41036
250,jaimejorge,8,0.01950,27911,68.01589,41036
251,jdu,8,0.01950,27919,68.03538,41036
252,jessebye,8,0.01950,27927,68.05488,41036
253,julienstroheker,8,0.01950,27935,68.07437,41036
254,kabilan6,8,0.01950,27943,68.09387,41036
255,leoxiongideahq,8,0.01950,27951,68.11336,41036
256,lorenanicole,8,0.01950,27959,68.13286,41036
257,micahlmartin,8,0.01950,27967,68.15235,41036
258,naiduasn,8,0.01950,27975,68.17185,41036
259,Oduig,8,0.01950,27983,68.19134,41036
260,pisymbol,8,0.01950,27991,68.21084,41036
261,rocketspacer,8,0.01950,27999,68.23033,41036
262,shimmerjs,8,0.01950,28007,68.24983,41036
263,Sicaine,8,0.01950,28015,68.26932,41036
264,suzuki-shunsuke,8,0.01950,28023,68.28882,41036
265,theeltahir,8,0.01950,28031,68.30831,41036
266,tigerwings,8,0.01950,28039,68.32781,41036
267,tolko,8,0.01950,28047,68.34730,41036
268,aime1,7,0.01706,28054,68.36436,41036
269,akranga,7,0.01706,28061,68.38142,41036
270,alexandrfox,7,0.01706,28068,68.39848,41036
271,alnsantosh,7,0.01706,28075,68.41554,41036
272,athornton,7,0.01706,28082,68.43260,41036
273,augabet,7,0.01706,28089,68.44965,41036
274,brabster,7,0.01706,28096,68.46671,41036
275,brunowego,7,0.01706,28103,68.48377,41036
276,catalinvr,7,0.01706,28110,68.50083,41036
277,chrisjohnson,7,0.01706,28117,68.51789,41036
278,chrissng,7,0.01706,28124,68.53494,41036
279,cuericlee,7,0.01706,28131,68.55200,41036
280,DungLai,7,0.01706,28138,68.56906,41036
281,Duske,7,0.01706,28145,68.58612,41036
282,eramirez51,7,0.01706,28152,68.60318,41036
283,FaKod,7,0.01706,28159,68.62024,41036
284,gerdos82,7,0.01706,28166,68.63729,41036
285,hemildesai,7,0.01706,28173,68.65435,41036
286,jamesgunnfiveai,7,0.01706,28180,68.67141,41036
287,javierbq,7,0.01706,28187,68.68847,41036
288,jewel77,7,0.01706,28194,68.70553,41036
289,jtmiclat,7,0.01706,28201,68.72259,41036
290,lanmarti,7,0.01706,28208,68.73964,41036
291,LinAnt,7,0.01706,28215,68.75670,41036
292,mitsutaka,7,0.01706,28222,68.77376,41036
293,mostaphaRoudsari,7,0.01706,28229,68.79082,41036
294,ObeA,7,0.01706,28236,68.80788,41036
295,sathyatvrcbe,7,0.01706,28243,68.82493,41036
296,se-jaeger,7,0.01706,28250,68.84199,41036
297,sokoow,7,0.01706,28257,68.85905,41036
298,sshkel,7,0.01706,28264,68.87611,41036
299,TekTimmy,7,0.01706,28271,68.89317,41036
300,tkilpela,7,0.01706,28278,68.91023,41036
301,ttelfer,7,0.01706,28285,68.92728,41036
302,vadasambar,7,0.01706,28292,68.94434,41036
303,vilmosnagy,7,0.01706,28299,68.96140,41036
304,wmedlar,7,0.01706,28306,68.97846,41036
305,XiangChen666,7,0.01706,28313,68.99552,41036
306,xiechengsheng,7,0.01706,28320,69.01257,41036
307,alexcapras,6,0.01462,28326,69.02720,41036
308,alexmojo,6,0.01462,28332,69.04182,41036
309,apoorvprecisely,6,0.01462,28338,69.05644,41036
310,Azza292,6,0.01462,28344,69.07106,41036
311,bartse,6,0.01462,28350,69.08568,41036
312,BobLiu20,6,0.01462,28356,69.10030,41036
313,bvwells,6,0.01462,28362,69.11492,41036
314,carlosdoordash,6,0.01462,28368,69.12954,41036
315,c-dante,6,0.01462,28374,69.14417,41036
316,danieldabate,6,0.01462,28380,69.15879,41036
317,danilorsilva,6,0.01462,28386,69.17341,41036
318,dave08,6,0.01462,28392,69.18803,41036
319,davidboren,6,0.01462,28398,69.20265,41036
320,descrepes,6,0.01462,28404,69.21727,41036
321,dmegyesi,6,0.01462,28410,69.23189,41036
322,EDGsheryl,6,0.01462,28416,69.24652,41036
323,elibixby,6,0.01462,28422,69.26114,41036
324,eSamS,6,0.01462,28428,69.27576,41036
325,evaneaston,6,0.01462,28434,69.29038,41036
326,evgf,6,0.01462,28440,69.30500,41036
327,eytanhanig,6,0.01462,28446,69.31962,41036
328,fenghejingchi,6,0.01462,28452,69.33424,41036
329,fscnick,6,0.01462,28458,69.34886,41036
330,gaussianblurs,6,0.01462,28464,69.36349,41036
331,gengu,6,0.01462,28470,69.37811,41036
332,ghostsquad,6,0.01462,28476,69.39273,41036
333,HugoRh,6,0.01462,28482,69.40735,41036
334,ibiqlik,6,0.01462,28488,69.42197,41036
335,Itfly,6,0.01462,28494,69.43659,41036
336,jaydipdave,6,0.01462,28500,69.45121,41036
337,jdmulloy,6,0.01462,28506,69.46583,41036
338,jshearer,6,0.01462,28512,69.48046,41036
339,kevincantu,6,0.01462,28518,69.49508,41036
340,kornesh,6,0.01462,28524,69.50970,41036
341,kristofarkas,6,0.01462,28530,69.52432,41036
342,lbrictson,6,0.01462,28536,69.53894,41036
343,lfdversluis,6,0.01462,28542,69.55356,41036
344,limnick,6,0.01462,28548,69.56818,41036
345,locona,6,0.01462,28554,69.58281,41036
346,m86194,6,0.01462,28560,69.59743,41036
347,mak-454,6,0.01462,28566,69.61205,41036
348,mdvorakramboll,6,0.01462,28572,69.62667,41036
349,mhumeSF,6,0.01462,28578,69.64129,41036
350,mildewey,6,0.01462,28584,69.65591,41036
351,minhpq331,6,0.01462,28590,69.67053,41036
352,naynasiddharth,6,0.01462,28596,69.68515,41036
353,nexus49,6,0.01462,28602,69.69978,41036
354,ozankabak,6,0.01462,28608,69.71440,41036
355,perbu,6,0.01462,28614,69.72902,41036
356,raftAtGit,6,0.01462,28620,69.74364,41036
357,reasonthearchitect,6,0.01462,28626,69.75826,41036
358,rojopolis,6,0.01462,28632,69.77288,41036
359,rossedman,6,0.01462,28638,69.78750,41036
360,sanoojm,6,0.01462,28644,69.80212,41036
361,scbizu,6,0.01462,28650,69.81675,41036
362,Shreyam,6,0.01462,28656,69.83137,41036
363,Sjord,6,0.01462,28662,69.84599,41036
364,sjtindell,6,0.01462,28668,69.86061,41036
365,StoneRelax,6,0.01462,28674,69.87523,41036
366,sungy2014,6,0.01462,28680,69.88985,41036
367,tgauweiler,6,0.01462,28686,69.90447,41036
368,thejmazz,6,0.01462,28692,69.91910,41036
369,unblee,6,0.01462,28698,69.93372,41036
370,unikzforce,6,0.01462,28704,69.94834,41036
371,vaibhavjain882,6,0.01462,28710,69.96296,41036
372,veera2019,6,0.01462,28716,69.97758,41036
373,viggeh,6,0.01462,28722,69.99220,41036
374,adamresson,5,0.01218,28727,70.00439,41036
375,a-hat,5,0.01218,28732,70.01657,41036
376,alex1989hu,5,0.01218,28737,70.02876,41036
377,alexfrieden,5,0.01218,28742,70.04094,41036
378,anhdat,5,0.01218,28747,70.05312,41036
379,anshumanbh,5,0.01218,28752,70.06531,41036
380,archnode,5,0.01218,28757,70.07749,41036
381,arctiqtim,5,0.01218,28762,70.08968,41036
382,bbesser,5,0.01218,28767,70.10186,41036
383,bbortt,5,0.01218,28772,70.11405,41036
384,bikramgupta,5,0.01218,28777,70.12623,41036
385,bladerunner512,5,0.01218,28782,70.13842,41036
386,bnouvelbmll,5,0.01218,28787,70.15060,41036
387,crobby,5,0.01218,28792,70.16278,41036
388,devops-42,5,0.01218,28797,70.17497,41036
389,dguendisch,5,0.01218,28802,70.18715,41036
390,dnascimento,5,0.01218,28807,70.19934,41036
391,dorsany,5,0.01218,28812,70.21152,41036
392,dougsc,5,0.01218,28817,70.22371,41036
393,entone,5,0.01218,28822,70.23589,41036
394,fikriauliya,5,0.01218,28827,70.24807,41036
395,Fitzse,5,0.01218,28832,70.26026,41036
396,gaetansnl,5,0.01218,28837,70.27244,41036
397,humbledude,5,0.01218,28842,70.28463,41036
398,ianamunoz,5,0.01218,28847,70.29681,41036
399,jackfengji,5,0.01218,28852,70.30900,41036
400,jaysiee,5,0.01218,28857,70.32118,41036
401,jgbaum,5,0.01218,28862,70.33337,41036
402,JGroselle,5,0.01218,28867,70.34555,41036
403,jsiegele,5,0.01218,28872,70.35773,41036
404,kanapuli,5,0.01218,28877,70.36992,41036
405,kshamajain99,5,0.01218,28882,70.38210,41036
406,lr-carmichael,5,0.01218,28887,70.39429,41036
407,michael-ax,5,0.01218,28892,70.40647,41036
408,mousavian,5,0.01218,28897,70.41866,41036
409,MrShaddix,5,0.01218,28902,70.43084,41036
410,nkhare,5,0.01218,28907,70.44303,41036
411,nutchalum,5,0.01218,28912,70.45521,41036
412,ofaz,5,0.01218,28917,70.46739,41036
413,rafalbigaj,5,0.01218,28922,70.47958,41036
414,rayanebel,5,0.01218,28927,70.49176,41036
415,ryan-maus,5,0.01218,28932,70.50395,41036
416,sahil87,5,0.01218,28937,70.51613,41036
417,samuelmak,5,0.01218,28942,70.52832,41036
418,Scott-Wallace-ConnectedLab,5,0.01218,28947,70.54050,41036
419,SeriousSem,5,0.01218,28952,70.55269,41036
420,SHRJA,5,0.01218,28957,70.56487,41036
421,StefanMadsen,5,0.01218,28962,70.57705,41036
422,stevef1uk,5,0.01218,28967,70.58924,41036
423,Sturgelose,5,0.01218,28972,70.60142,41036
424,sumitnagal,5,0.01218,28977,70.61361,41036
425,Tazminia,5,0.01218,28982,70.62579,41036
426,tralexa,5,0.01218,28987,70.63798,41036
427,tunaaksoy,5,0.01218,28992,70.65016,41036
428,vboulineau,5,0.01218,28997,70.66235,41036
429,vdinesh2461990,5,0.01218,29002,70.67453,41036
430,wadeholler,5,0.01218,29007,70.68671,41036
431,zmunro,5,0.01218,29012,70.69890,41036
432,1337andre,4,0.00975,29016,70.70865,41036
433,16yuki0702,4,0.00975,29020,70.71839,41036
434,AalokAhluwalia,4,0.00975,29024,70.72814,41036
435,adrienjt,4,0.00975,29028,70.73789,41036
436,afanrasool,4,0.00975,29032,70.74764,41036
437,amitgilad3,4,0.00975,29036,70.75738,41036
438,aoi1,4,0.00975,29040,70.76713,41036
439,Arkanayan,4,0.00975,29044,70.77688,41036
440,ashishkoho,4,0.00975,29048,70.78663,41036
441,astein-te,4,0.00975,29052,70.79637,41036
442,astrajohn,4,0.00975,29056,70.80612,41036
443,automagic,4,0.00975,29060,70.81587,41036
444,bakennedy,4,0.00975,29064,70.82562,41036
445,bergur88,4,0.00975,29068,70.83536,41036
446,brunopadz,4,0.00975,29072,70.84511,41036
447,chris-chambers,4,0.00975,29076,70.85486,41036
448,cloud-on-prem,4,0.00975,29080,70.86461,41036
449,codenio,4,0.00975,29084,70.87435,41036
450,DaspawnW,4,0.00975,29088,70.88410,41036
451,DimitarKapashikov,4,0.00975,29092,70.89385,41036
452,dinesh-rajaveeran,4,0.00975,29096,70.90360,41036
453,dmaciel,4,0.00975,29100,70.91334,41036
454,dseapy,4,0.00975,29104,70.92309,41036
455,ecurtin2,4,0.00975,29108,70.93284,41036
456,e-mon,4,0.00975,29112,70.94259,41036
457,eug48,4,0.00975,29116,70.95233,41036
458,fabio-rigato,4,0.00975,29120,70.96208,41036
459,fernandocarletti,4,0.00975,29124,70.97183,41036
460,geoL86,4,0.00975,29128,70.98158,41036
461,giorgioazzinnaro,4,0.00975,29132,70.99132,41036
462,gobengo,4,0.00975,29136,71.00107,41036
463,guohenghaha,4,0.00975,29140,71.01082,41036
464,haimberger,4,0.00975,29144,71.02057,41036
465,hden,4,0.00975,29148,71.03031,41036
466,hphsu,4,0.00975,29152,71.04006,41036
467,i300543,4,0.00975,29156,71.04981,41036
468,ianCambrio,4,0.00975,29160,71.05956,41036
469,ichtestemalwieder,4,0.00975,29164,71.06931,41036
470,igobypenn,4,0.00975,29168,71.07905,41036
471,ishii-masayuki,4,0.00975,29172,71.08880,41036
472,janhicken,4,0.00975,29176,71.09855,41036
473,janvdvegt,4,0.00975,29180,71.10830,41036
474,jimbeck,4,0.00975,29184,71.11804,41036
475,jiuchongxiao,4,0.00975,29188,71.12779,41036
476,jlpnetworx,4,0.00975,29192,71.13754,41036
477,jomach,4,0.00975,29196,71.14729,41036
478,jselleck,4,0.00975,29200,71.15703,41036
479,jsolbrig,4,0.00975,29204,71.16678,41036
480,Jude188,4,0.00975,29208,71.17653,41036
481,julienp,4,0.00975,29212,71.18628,41036
482,Kampe,4,0.00975,29216,71.19602,41036
483,kossak,4,0.00975,29220,71.20577,41036
484,krithiva,4,0.00975,29224,71.21552,41036
485,ldue,4,0.00975,29228,71.22527,41036
486,ljos,4,0.00975,29232,71.23501,41036
487,llamerada-jp,4,0.00975,29236,71.24476,41036
488,lorengordon,4,0.00975,29240,71.25451,41036
489,machida1971,4,0.00975,29244,71.26426,41036
490,marcadella,4,0.00975,29248,71.27400,41036
491,Matt-Dee,4,0.00975,29252,71.28375,41036
492,maxkramer,4,0.00975,29256,71.29350,41036
493,meftasadat,4,0.00975,29260,71.30325,41036
494,mkue,4,0.00975,29264,71.31299,41036
495,mlarrousse,4,0.00975,29268,71.32274,41036
496,Mohjive,4,0.00975,29272,71.33249,41036
497,monsiper,4,0.00975,29276,71.34224,41036
498,Myafq,4,0.00975,29280,71.35198,41036
499,mysteryHJJ,4,0.00975,29284,71.36173,41036
500,nelsonfassis,4,0.00975,29288,71.37148,41036
501,Neroroms,4,0.00975,29292,71.38123,41036
502,nHurD,4,0.00975,29296,71.39097,41036
503,ntwrkguru,4,0.00975,29300,71.40072,41036
504,opyh,4,0.00975,29304,71.41047,41036
505,Oskoss,4,0.00975,29308,71.42022,41036
506,pkaramol,4,0.00975,29312,71.42996,41036
507,Rahul2929,4,0.00975,29316,71.43971,41036
508,Rajpratik71,4,0.00975,29320,71.44946,41036
509,rkusmierek,4,0.00975,29324,71.45921,41036
510,rpahli,4,0.00975,29328,71.46895,41036
511,runonautomation,4,0.00975,29332,71.47870,41036
512,sachsbl,4,0.00975,29336,71.48845,41036
513,sano307,4,0.00975,29340,71.49820,41036
514,santasub,4,0.00975,29344,71.50794,41036
515,savujevi,4,0.00975,29348,71.51769,41036
516,searsaw,4,0.00975,29352,71.52744,41036
517,shahin,4,0.00975,29356,71.53719,41036
518,Sherwoodwt,4,0.00975,29360,71.54693,41036
519,ShotaKitazawa,4,0.00975,29364,71.55668,41036
520,sll552,4,0.00975,29368,71.56643,41036
521,spacez320,4,0.00975,29372,71.57618,41036
522,ssbtn,4,0.00975,29376,71.58592,41036
523,strin,4,0.00975,29380,71.59567,41036
524,terrytangyuan,4,0.00975,29384,71.60542,41036
525,thefirstofthe300,4,0.00975,29388,71.61517,41036
526,tinyzimmer,4,0.00975,29392,71.62491,41036
527,tmxak,4,0.00975,29396,71.63466,41036
528,tomdurrant,4,0.00975,29400,71.64441,41036
529,tommyknows,4,0.00975,29404,71.65416,41036
530,vanhtuan0409,4,0.00975,29408,71.66390,41036
531,venkat-kayo,4,0.00975,29412,71.67365,41036
532,volodyad,4,0.00975,29416,71.68340,41036
533,wktmeow,4,0.00975,29420,71.69315,41036
534,yrosaguiar,4,0.00975,29424,71.70290,41036
535,yujingz,4,0.00975,29428,71.71264,41036
536,aarongorka,3,0.00731,29431,71.71995,41036
537,adelbertc,3,0.00731,29434,71.72726,41036
538,afausti,3,0.00731,29437,71.73457,41036
539,akhilputhiry,3,0.00731,29440,71.74189,41036
540,alexcreek,3,0.00731,29443,71.74920,41036
541,Aliabbask08,3,0.00731,29446,71.75651,41036
542,amalic,3,0.00731,29449,71.76382,41036
543,AndiDog,3,0.00731,29452,71.77113,41036
544,Ant59,3,0.00731,29455,71.77844,41036
545,arush0,3,0.00731,29458,71.78575,41036
546,asim0984,3,0.00731,29461,71.79306,41036
547,astanway,3,0.00731,29464,71.80037,41036
548,Atharex,3,0.00731,29467,71.80768,41036
549,audriusrudalevicius,3,0.00731,29470,71.81499,41036
550,bdelagesap,3,0.00731,29473,71.82230,41036
551,benabineri,3,0.00731,29476,71.82961,41036
552,benjamin-bergia,3,0.00731,29479,71.83692,41036
553,benjamingorman,3,0.00731,29482,71.84423,41036
554,BenManifold,3,0.00731,29485,71.85154,41036
555,bgvladedivac,3,0.00731,29488,71.85886,41036
556,booninite,3,0.00731,29491,71.86617,41036
557,bpayt2,3,0.00731,29494,71.87348,41036
558,bpmericle,3,0.00731,29497,71.88079,41036
559,CarpathianUA,3,0.00731,29500,71.88810,41036
560,chap-dr,3,0.00731,29503,71.89541,41036
561,chartinmarrel,3,0.00731,29506,71.90272,41036
562,chrisbulgaria,3,0.00731,29509,71.91003,41036
563,clementrey,3,0.00731,29512,71.91734,41036
564,cobexer,3,0.00731,29515,71.92465,41036
565,commodus-sebastien,3,0.00731,29518,71.93196,41036
566,cryptobioz,3,0.00731,29521,71.93927,41036
567,CurryWurry,3,0.00731,29524,71.94658,41036
568,dakale,3,0.00731,29527,71.95389,41036
569,DanGolding,3,0.00731,29530,71.96120,41036
570,darthnastya,3,0.00731,29533,71.96852,41036
571,davideagle,3,0.00731,29536,71.97583,41036
572,DaytonG,3,0.00731,29539,71.98314,41036
573,dbachrach,3,0.00731,29542,71.99045,41036
574,dbeal-wiser,3,0.00731,29545,71.99776,41036
575,De1taE1even,3,0.00731,29548,72.00507,41036
576,dealancer,3,0.00731,29551,72.01238,41036
577,divideby0,3,0.00731,29554,72.01969,41036
578,DmitryBe,3,0.00731,29557,72.02700,41036
579,dougtoppin,3,0.00731,29560,72.03431,41036
580,dseynaev,3,0.00731,29563,72.04162,41036
581,dsmithbauer,3,0.00731,29566,72.04893,41036
582,dulltz,3,0.00731,29569,72.05624,41036
583,DylanBowden,3,0.00731,29572,72.06355,41036
584,ebelisle,3,0.00731,29575,72.07086,41036
585,edsonmarquezani,3,0.00731,29578,72.07818,41036
586,emilssolmanis,3,0.00731,29581,72.08549,41036
587,eric-isakson,3,0.00731,29584,72.09280,41036
588,ervindm,3,0.00731,29587,72.10011,41036
589,etheleon,3,0.00731,29590,72.10742,41036
590,fischerjulian,3,0.00731,29593,72.11473,41036
591,GAHila,3,0.00731,29596,72.12204,41036
592,gatepoet,3,0.00731,29599,72.12935,41036
593,gezb,3,0.00731,29602,72.13666,41036
594,govindKAG,3,0.00731,29605,72.14397,41036
595,groszewn,3,0.00731,29608,72.15128,41036
596,hamedhsn,3,0.00731,29611,72.15859,41036
597,hartman17,3,0.00731,29614,72.16590,41036
598,HCanber,3,0.00731,29617,72.17321,41036
599,HumairAK,3,0.00731,29620,72.18052,41036
600,iamShantanu101,3,0.00731,29623,72.18784,41036
601,idristarwala,3,0.00731,29626,72.19515,41036
602,ijl,3,0.00731,29629,72.20246,41036
603,imranzunzani,3,0.00731,29632,72.20977,41036
604,infinitydon,3,0.00731,29635,72.21708,41036
605,JacobHeidelbachDFDS,3,0.00731,29638,72.22439,41036
606,jangojam,3,0.00731,29641,72.23170,41036
607,janmasarik,3,0.00731,29644,72.23901,41036
608,jaykay,3,0.00731,29647,72.24632,41036
609,jcmuller,3,0.00731,29650,72.25363,41036
610,jeevb,3,0.00731,29653,72.26094,41036
611,jemega,3,0.00731,29656,72.26825,41036
612,Jmast,3,0.00731,29659,72.27556,41036
613,joshes,3,0.00731,29662,72.28287,41036
614,jpbelanger-mtl,3,0.00731,29665,72.29018,41036
615,jwhitlark,3,0.00731,29668,72.29749,41036
616,kalugny,3,0.00731,29671,72.30481,41036
617,KANGSangUn,3,0.00731,29674,72.31212,41036
618,kbruner,3,0.00731,29677,72.31943,41036
619,kdubkris,3,0.00731,29680,72.32674,41036
620,KowalczykBartek,3,0.00731,29683,72.33405,41036
621,kplimack,3,0.00731,29686,72.34136,41036
622,kpulipati,3,0.00731,29689,72.34867,41036
623,lb-saildrone,3,0.00731,29692,72.35598,41036
624,leg100,3,0.00731,29695,72.36329,41036
625,llimon,3,0.00731,29698,72.37060,41036
626,ls-devon-hakel-kinko,3,0.00731,29701,72.37791,41036
627,luizfonseca,3,0.00731,29704,72.38522,41036
628,m3y,3,0.00731,29707,72.39253,41036
629,magicmoose,3,0.00731,29710,72.39984,41036
630,Makunouchi,3,0.00731,29713,72.40715,41036
631,marioduarte,3,0.00731,29716,72.41447,41036
632,maryoush,3,0.00731,29719,72.42178,41036
633,masondaven,3,0.00731,29722,72.42909,41036
634,matancarmeli7,3,0.00731,29725,72.43640,41036
635,mattmelgard,3,0.00731,29728,72.44371,41036
636,matty234,3,0.00731,29731,72.45102,41036
637,md-shabbir,3,0.00731,29734,72.45833,41036
638,melosalz,3,0.00731,29737,72.46564,41036
639,migggy,3,0.00731,29740,72.47295,41036
640,miyanaga,3,0.00731,29743,72.48026,41036
641,mjs2600,3,0.00731,29746,72.48757,41036
642,mk-nickyang,3,0.00731,29749,72.49488,41036
643,mmilling1,3,0.00731,29752,72.50219,41036
644,mojochao,3,0.00731,29755,72.50950,41036
645,Montana,3,0.00731,29758,72.51681,41036
646,mpoqq,3,0.00731,29761,72.52413,41036
647,MrFreezeex,3,0.00731,29764,72.53144,41036
648,muesli,3,0.00731,29767,72.53875,41036
649,myniva,3,0.00731,29770,72.54606,41036
650,niels-s,3,0.00731,29773,72.55337,41036
651,NirvanaZA,3,0.00731,29776,72.56068,41036
652,nitinpatil1992,3,0.00731,29779,72.56799,41036
653,nmandery,3,0.00731,29782,72.57530,41036
654,nurinamu,3,0.00731,29785,72.58261,41036
655,onyxet,3,0.00731,29788,72.58992,41036
656,oskar,3,0.00731,29791,72.59723,41036
657,pablokbs,3,0.00731,29794,72.60454,41036
658,pavel-mikhalchuk,3,0.00731,29797,72.61185,41036
659,pbecotte,3,0.00731,29800,72.61916,41036
660,pclalv,3,0.00731,29803,72.62647,41036
661,pdavid31,3,0.00731,29806,72.63378,41036
662,phelinor,3,0.00731,29809,72.64110,41036
663,phenri00,3,0.00731,29812,72.64841,41036
664,praneetchandra,3,0.00731,29815,72.65572,41036
665,razvan-wework,3,0.00731,29818,72.66303,41036
666,rchenzheng,3,0.00731,29821,72.67034,41036
667,RichardAvendano,3,0.00731,29824,72.67765,41036
668,rileyjbauer,3,0.00731,29827,72.68496,41036
669,rprin,3,0.00731,29830,72.69227,41036
670,rtanner-wiley,3,0.00731,29833,72.69958,41036
671,rtkbhops,3,0.00731,29836,72.70689,41036
672,RudyBone,3,0.00731,29839,72.71420,41036
673,rummens,3,0.00731,29842,72.72151,41036
674,rumstead,3,0.00731,29845,72.72882,41036
675,rverma-nikiai,3,0.00731,29848,72.73613,41036
676,rvoitenko,3,0.00731,29851,72.74344,41036
677,samantha-theorem,3,0.00731,29854,72.75076,41036
678,samvdb,3,0.00731,29857,72.75807,41036
679,samwyma,3,0.00731,29860,72.76538,41036
680,sebinsua,3,0.00731,29863,72.77269,41036
681,seddonm1,3,0.00731,29866,72.78000,41036
682,seroron,3,0.00731,29869,72.78731,41036
683,shmurata,3,0.00731,29872,72.79462,41036
684,Shubham-koli,3,0.00731,29875,72.80193,41036
685,SIGUSR2,3,0.00731,29878,72.80924,41036
686,smartnose,3,0.00731,29881,72.81655,41036
687,smileprem,3,0.00731,29884,72.82386,41036
688,smolaon,3,0.00731,29887,72.83117,41036
689,Snapple49,3,0.00731,29890,72.83848,41036
690,ssboisen,3,0.00731,29893,72.84579,41036
691,StAugust,3,0.00731,29896,72.85310,41036
692,stevendborrelli,3,0.00731,29899,72.86042,41036
693,StianOvrevage,3,0.00731,29902,72.86773,41036
694,stormmore,3,0.00731,29905,72.87504,41036
695,swapnild2111,3,0.00731,29908,72.88235,41036
696,takashabe,3,0.00731,29911,72.88966,41036
697,takuan-osho,3,0.00731,29914,72.89697,41036
698,thatsmydoing,3,0.00731,29917,72.90428,41036
699,thorker,3,0.00731,29920,72.91159,41036
700,timnon,3,0.00731,29923,72.91890,41036
701,timothyjlaurent,3,0.00731,29926,72.92621,41036
702,tomaszkiewicz,3,0.00731,29929,72.93352,41036
703,Tomatoo,3,0.00731,29932,72.94083,41036
704,Tomcli,3,0.00731,29935,72.94814,41036
705,tompowell-dd,3,0.00731,29938,72.95545,41036
706,tonyyang-svail,3,0.00731,29941,72.96276,41036
707,vigohe,3,0.00731,29944,72.97008,41036
708,vlerenc,3,0.00731,29947,72.97739,41036
709,wcedmisten,3,0.00731,29950,72.98470,41036
710,WhatTheFar,3,0.00731,29953,72.99201,41036
711,wuqiany2,3,0.00731,29956,72.99932,41036
712,XciD,3,0.00731,29959,73.00663,41036
713,yebrahim,3,0.00731,29962,73.01394,41036
714,ymmt2005,3,0.00731,29965,73.02125,41036
715,yustoris,3,0.00731,29968,73.02856,41036
716,zhiqli,3,0.00731,29971,73.03587,41036
717,Ziyang2go,3,0.00731,29974,73.04318,41036
718,abhijeet0204,2,0.00487,29976,73.04806,41036
719,adampearse,2,0.00487,29978,73.05293,41036
720,afoninsky,2,0.00487,29980,73.05780,41036
721,AgarFu,2,0.00487,29982,73.06268,41036
722,agrimmer,2,0.00487,29984,73.06755,41036
723,alexlatchford,2,0.00487,29986,73.07242,41036
724,amibln,2,0.00487,29988,73.07730,41036
725,amioranza,2,0.00487,29990,73.08217,41036
726,andloh,2,0.00487,29992,73.08705,41036
727,andrejpetras,2,0.00487,29994,73.09192,41036
728,AndriiNeverov,2,0.00487,29996,73.09679,41036
729,annawinkler,2,0.00487,29998,73.10167,41036
730,arun-vc,2,0.00487,30000,73.10654,41036
731,askhari,2,0.00487,30002,73.11141,41036
732,AudriusButkevicius,2,0.00487,30004,73.11629,41036
733,auphyroc99,2,0.00487,30006,73.12116,41036
734,barambani,2,0.00487,30008,73.12604,41036
735,bartlinga,2,0.00487,30010,73.13091,41036
736,bbhoss,2,0.00487,30012,73.13578,41036
737,bbhuston,2,0.00487,30014,73.14066,41036
738,Beer786,2,0.00487,30016,73.14553,41036
739,BondAnthony,2,0.00487,30018,73.15040,41036
740,BouweCeunen,2,0.00487,30020,73.15528,41036
741,bsteinm2,2,0.00487,30022,73.16015,41036
742,bwarminski,2,0.00487,30024,73.16503,41036
743,calerogers,2,0.00487,30026,73.16990,41036
744,callmemarv,2,0.00487,30028,73.17477,41036
745,cameronbraid,2,0.00487,30030,73.17965,41036
746,canadiannomad,2,0.00487,30032,73.18452,41036
747,CBytelabs,2,0.00487,30034,73.18939,41036
748,cccdy,2,0.00487,30036,73.19427,41036
749,CH-karthikprasad,2,0.00487,30038,73.19914,41036
750,chrisgarland,2,0.00487,30040,73.20402,41036
751,chriskolenko,2,0.00487,30042,73.20889,41036
752,christianh814,2,0.00487,30044,73.21376,41036
753,chriszs,2,0.00487,30046,73.21864,41036
754,cludden,2,0.00487,30048,73.22351,41036
755,cre8ivejp,2,0.00487,30050,73.22838,41036
756,creatorrr,2,0.00487,30052,73.23326,41036
757,cruisehall,2,0.00487,30054,73.23813,41036
758,ctison,2,0.00487,30056,73.24301,41036
759,cviktorov,2,0.00487,30058,73.24788,41036
760,cw-ozaki,2,0.00487,30060,73.25275,41036
761,cyberious,2,0.00487,30062,73.25763,41036
762,d1vanloon,2,0.00487,30064,73.26250,41036
763,damascenorakuten,2,0.00487,30066,73.26737,41036
764,DaveKriegerEmerald,2,0.00487,30068,73.27225,41036
765,davidB,2,0.00487,30070,73.27712,41036
766,davidbIQ,2,0.00487,30072,73.28200,41036
767,davidcv5,2,0.00487,30074,73.28687,41036
768,DdMad,2,0.00487,30076,73.29174,41036
769,DennisRutjes,2,0.00487,30078,73.29662,41036
770,Dimss,2,0.00487,30080,73.30149,41036
771,djsd123,2,0.00487,30082,73.30637,41036
772,dobrerazvan,2,0.00487,30084,73.31124,41036
773,Dreamheart,2,0.00487,30086,73.31611,41036
774,drewda,2,0.00487,30088,73.32099,41036
775,drewwells,2,0.00487,30090,73.32586,41036
776,DrissiReda,2,0.00487,30092,73.33073,41036
777,drzero42,2,0.00487,30094,73.33561,41036
778,edwardgeorge,2,0.00487,30096,73.34048,41036
779,eggsbenjamin,2,0.00487,30098,73.34536,41036
780,eltonnuness,2,0.00487,30100,73.35023,41036
781,eric4545,2,0.00487,30102,73.35510,41036
782,erikparienty,2,0.00487,30104,73.35998,41036
783,Eriner,2,0.00487,30106,73.36485,41036
784,etopeter,2,0.00487,30108,73.36972,41036
785,eugenekurasov,2,0.00487,30110,73.37460,41036
786,eupestov,2,0.00487,30112,73.37947,41036
787,evangsea,2,0.00487,30114,73.38435,41036
788,ExalDraen,2,0.00487,30116,73.38922,41036
789,farrellit,2,0.00487,30118,73.39409,41036
790,fatalsaint,2,0.00487,30120,73.39897,41036
791,febuiles,2,0.00487,30122,73.40384,41036
792,fhalim,2,0.00487,30124,73.40871,41036
793,fiskeben,2,0.00487,30126,73.41359,41036
794,flxs,2,0.00487,30128,73.41846,41036
795,FourFifthsCode,2,0.00487,30130,73.42334,41036
796,fudali113,2,0.00487,30132,73.42821,41036
797,gchandramohan,2,0.00487,30134,73.43308,41036
798,gerardaus,2,0.00487,30136,73.43796,41036
799,GlenTiki,2,0.00487,30138,73.44283,41036
800,gnu300,2,0.00487,30140,73.44770,41036
801,goldsam,2,0.00487,30142,73.45258,41036
802,GregSilverman,2,0.00487,30144,73.45745,41036
803,hall,2,0.00487,30146,73.46233,41036
804,hamelsmu,2,0.00487,30148,73.46720,41036
805,hanjunlee,2,0.00487,30150,73.47207,41036
806,harry0123,2,0.00487,30152,73.47695,41036
807,harshitagupta6,2,0.00487,30154,73.48182,41036
808,henrydecovo,2,0.00487,30156,73.48669,41036
809,HeroCC,2,0.00487,30158,73.49157,41036
810,iamrare,2,0.00487,30160,73.49644,41036
811,igor47,2,0.00487,30162,73.50132,41036
812,illagrenan,2,0.00487,30164,73.50619,41036
813,iMoses,2,0.00487,30166,73.51106,41036
814,ingvarch,2,0.00487,30168,73.51594,41036
815,intellij-rainbow-brackets,2,0.00487,30170,73.52081,41036
816,isabo-lola,2,0.00487,30172,73.52568,41036
817,JBartlett86,2,0.00487,30174,73.53056,41036
818,jdfalko,2,0.00487,30176,73.53543,41036
819,jeroenlanckmans,2,0.00487,30178,73.54031,41036
820,jerr0328,2,0.00487,30180,73.54518,41036
821,jfahrer,2,0.00487,30182,73.55005,41036
822,jgonthier,2,0.00487,30184,73.55493,41036
823,jhsmith,2,0.00487,30186,73.55980,41036
824,jimlindeman,2,0.00487,30188,73.56467,41036
825,jjaniec,2,0.00487,30190,73.56955,41036
826,jjmengze,2,0.00487,30192,73.57442,41036
827,JohanWork,2,0.00487,30194,73.57930,41036
828,jomeier,2,0.00487,30196,73.58417,41036
829,jonasdkhansen,2,0.00487,30198,73.58904,41036
830,jqueguiner,2,0.00487,30200,73.59392,41036
831,jrgirvan,2,0.00487,30202,73.59879,41036
832,julienMichaud,2,0.00487,30204,73.60367,41036
833,juxtin,2,0.00487,30206,73.60854,41036
834,jvoltaww,2,0.00487,30208,73.61341,41036
835,jyothish-git,2,0.00487,30210,73.61829,41036
836,k3ypad,2,0.00487,30212,73.62316,41036
837,karkrish,2,0.00487,30214,73.62803,41036
838,kbial,2,0.00487,30216,73.63291,41036
839,klaucos,2,0.00487,30218,73.63778,41036
840,klfgit,2,0.00487,30220,73.64266,41036
841,knkski,2,0.00487,30222,73.64753,41036
842,kpauwel,2,0.00487,30224,73.65240,41036
843,ksaito1125,2,0.00487,30226,73.65728,41036
844,kuburoma,2,0.00487,30228,73.66215,41036
845,kumarpramod,2,0.00487,30230,73.66702,41036
846,kuy,2,0.00487,30232,73.67190,41036
847,larslevie,2,0.00487,30234,73.67677,41036
848,LegNeato,2,0.00487,30236,73.68165,41036
849,lennon310,2,0.00487,30238,73.68652,41036
850,Liv1020,2,0.00487,30240,73.69139,41036
851,Lixxia,2,0.00487,30242,73.69627,41036
852,lorenz-99,2,0.00487,30244,73.70114,41036
853,louisblin,2,0.00487,30246,73.70601,41036
854,loupipalien,2,0.00487,30248,73.71089,41036
855,machgo,2,0.00487,30250,73.71576,41036
856,malixian,2,0.00487,30252,73.72064,41036
857,marian-margeta,2,0.00487,30254,73.72551,41036
858,maryala9,2,0.00487,30256,73.73038,41036
859,masonlr,2,0.00487,30258,73.73526,41036
860,mattbennett,2,0.00487,30260,73.74013,41036
861,mattsdni,2,0.00487,30262,73.74500,41036
862,maximmold,2,0.00487,30264,73.74988,41036
863,max-radin,2,0.00487,30266,73.75475,41036
864,mcallb,2,0.00487,30268,73.75963,41036
865,mcserbak,2,0.00487,30270,73.76450,41036
866,melkosoft,2,0.00487,30272,73.76937,41036
867,metallica127,2,0.00487,30274,73.77425,41036
868,mg03,2,0.00487,30276,73.77912,41036
869,mgaroz,2,0.00487,30278,73.78399,41036
870,mkfp,2,0.00487,30280,73.78887,41036
871,monocl-devops,2,0.00487,30282,73.79374,41036
872,mool,2,0.00487,30284,73.79862,41036
873,moreginger,2,0.00487,30286,73.80349,41036
874,msiebeneicher,2,0.00487,30288,73.80836,41036
875,mvpmvh,2,0.00487,30290,73.81324,41036
876,mweibel,2,0.00487,30292,73.81811,41036
877,nalbam,2,0.00487,30294,73.82298,41036
878,Nasdin,2,0.00487,30296,73.82786,41036
879,navinjoy,2,0.00487,30298,73.83273,41036
880,nbren12,2,0.00487,30300,73.83761,41036
881,Nessex,2,0.00487,30302,73.84248,41036
882,neutronth,2,0.00487,30304,73.84735,41036
883,nglinh,2,0.00487,30306,73.85223,41036
884,niebniebnieb,2,0.00487,30308,73.85710,41036
885,niekoost,2,0.00487,30310,73.86197,41036
886,nikhilk,2,0.00487,30312,73.86685,41036
887,noahgoldman,2,0.00487,30314,73.87172,41036
888,oblazek,2,0.00487,30316,73.87660,41036
889,ocanema,2,0.00487,30318,73.88147,41036
890,omgapuppy,2,0.00487,30320,73.88634,41036
891,oscarrobertson,2,0.00487,30322,73.89122,41036
892,ovk,2,0.00487,30324,73.89609,41036
893,palade,2,0.00487,30326,73.90097,41036
894,pascal-vs,2,0.00487,30328,73.90584,41036
895,PauloMigAlmeida,2,0.00487,30330,73.91071,41036
896,pcantea,2,0.00487,30332,73.91559,41036
897,pdilyard,2,0.00487,30334,73.92046,41036
898,pdufault,2,0.00487,30336,73.92533,41036
899,petvaa01,2,0.00487,30338,73.93021,41036
900,pfyod,2,0.00487,30340,73.93508,41036
901,philippeboyd,2,0.00487,30342,73.93996,41036
902,pierorex,2,0.00487,30344,73.94483,41036
903,pjeziorowski,2,0.00487,30346,73.94970,41036
904,pmcjury,2,0.00487,30348,73.95458,41036
905,ppmathis,2,0.00487,30350,73.95945,41036
906,pramod0310,2,0.00487,30352,73.96432,41036
907,prarabdh9909,2,0.00487,30354,73.96920,41036
908,pydo,2,0.00487,30356,73.97407,41036
909,qimingj,2,0.00487,30358,73.97895,41036
910,qingbo,2,0.00487,30360,73.98382,41036
911,rahuly1516,2,0.00487,30362,73.98869,41036
912,Rakanixu,2,0.00487,30364,73.99357,41036
913,rarguelloF,2,0.00487,30366,73.99844,41036
914,rbkaspr,2,0.00487,30368,74.00331,41036
915,rdelpret,2,0.00487,30370,74.00819,41036
916,realrhys,2,0.00487,30372,74.01306,41036
917,RemiSahl,2,0.00487,30374,74.01794,41036
918,remster,2,0.00487,30376,74.02281,41036
919,RGPosadas,2,0.00487,30378,74.02768,41036
920,richstokes,2,0.00487,30380,74.03256,41036
921,RobertKozak,2,0.00487,30382,74.03743,41036
922,robertrbruno,2,0.00487,30384,74.04230,41036
923,robo-corg,2,0.00487,30386,74.04718,41036
924,roxiomontes,2,0.00487,30388,74.05205,41036
925,ryanfernandes09,2,0.00487,30390,74.05693,41036
926,ryanhanks,2,0.00487,30392,74.06180,41036
927,saimadineni,2,0.00487,30394,74.06667,41036
928,samcgardner,2,0.00487,30396,74.07155,41036
929,SamirHafez,2,0.00487,30398,74.07642,41036
930,samkeet,2,0.00487,30400,74.08129,41036
931,sander-su,2,0.00487,30402,74.08617,41036
932,saviogl,2,0.00487,30404,74.09104,41036
933,saward,2,0.00487,30406,74.09592,41036
934,sctsang,2,0.00487,30408,74.10079,41036
935,sdtokkolabs,2,0.00487,30410,74.10566,41036
936,sebdoido,2,0.00487,30412,74.11054,41036
937,senare,2,0.00487,30414,74.11541,41036
938,sercanacar,2,0.00487,30416,74.12028,41036
939,sethp-nr,2,0.00487,30418,74.12516,41036
940,shanesiebken,2,0.00487,30420,74.13003,41036
941,shaoxt,2,0.00487,30422,74.13491,41036
942,shivan10,2,0.00487,30424,74.13978,41036
943,SHLo,2,0.00487,30426,74.14465,41036
944,Silvenga,2,0.00487,30428,74.14953,41036
945,simonwa7,2,0.00487,30430,74.15440,41036
946,skikkh,2,0.00487,30432,74.15927,41036
947,SkinyMonkey,2,0.00487,30434,74.16415,41036
948,slongay,2,0.00487,30436,74.16902,41036
949,smm190,2,0.00487,30438,74.17390,41036
950,soujiro32167,2,0.00487,30440,74.17877,41036
951,souzabrunoftw,2,0.00487,30442,74.18364,41036
952,SPFZ,2,0.00487,30444,74.18852,41036
953,srikumar-b,2,0.00487,30446,74.19339,41036
954,srivathsanvc,2,0.00487,30448,74.19826,41036
955,suryaval,2,0.00487,30450,74.20314,41036
956,szdr,2,0.00487,30452,74.20801,41036
957,tannerpaige,2,0.00487,30454,74.21289,41036
958,teddybuy,2,0.00487,30456,74.21776,41036
959,TewWe,2,0.00487,30458,74.22263,41036
960,thanhpd-teko,2,0.00487,30460,74.22751,41036
961,TheJaySmith,2,0.00487,30462,74.23238,41036
962,Timoses,2,0.00487,30464,74.23726,41036
963,tinkerborg,2,0.00487,30466,74.24213,41036
964,tom-256,2,0.00487,30468,74.24700,41036
965,tomaszwostal,2,0.00487,30470,74.25188,41036
966,tommy-sho,2,0.00487,30472,74.25675,41036
967,toolbar23,2,0.00487,30474,74.26162,41036
968,travis-sobeck,2,0.00487,30476,74.26650,41036
969,TRManderson,2,0.00487,30478,74.27137,41036
970,t-v,2,0.00487,30480,74.27625,41036
971,tyagi-prashant,2,0.00487,30482,74.28112,41036
972,VaibhavRit,2,0.00487,30484,74.28599,41036
973,vaimo-magnus,2,0.00487,30486,74.29087,41036
974,vaisov,2,0.00487,30488,74.29574,41036
975,vakker,2,0.00487,30490,74.30061,41036
976,vbatoufflet,2,0.00487,30492,74.30549,41036
977,vcastane,2,0.00487,30494,74.31036,41036
978,veenaguru,2,0.00487,30496,74.31524,41036
979,vh,2,0.00487,30498,74.32011,41036
980,vmanucharyan,2,0.00487,30500,74.32498,41036
981,voidengineer,2,0.00487,30502,74.32986,41036
982,vranystepan,2,0.00487,30504,74.33473,41036
983,vukor,2,0.00487,30506,74.33960,41036
984,wangkuiyi,2,0.00487,30508,74.34448,41036
985,wangwj,2,0.00487,30510,74.34935,41036
986,wardhane,2,0.00487,30512,74.35423,41036
987,wesmcouch,2,0.00487,30514,74.35910,41036
988,whitlekx,2,0.00487,30516,74.36397,41036
989,wojciechka,2,0.00487,30518,74.36885,41036
990,wxncjonorri,2,0.00487,30520,74.37372,41036
991,xannz,2,0.00487,30522,74.37859,41036
992,xcircle,2,0.00487,30524,74.38347,41036
993,xenithorb,2,0.00487,30526,74.38834,41036
994,xogeny,2,0.00487,30528,74.39322,41036
995,xUnholy,2,0.00487,30530,74.39809,41036
996,y4roslav,2,0.00487,30532,74.40296,41036
997,yangliupku,2,0.00487,30534,74.40784,41036
998,yanivomc,2,0.00487,30536,74.41271,41036
999,yncxcw,2,0.00487,30538,74.41758,41036
1000,zdplus,2,0.00487,30540,74.42246,41036
1001,aatabek,1,0.00244,30541,74.42490,41036
1002,abatilo-isp,1,0.00244,30542,74.42733,41036
1003,AceHack,1,0.00244,30543,74.42977,41036
1004,AdamNowaczyk,1,0.00244,30544,74.43221,41036
1005,adarshaJha,1,0.00244,30545,74.43464,41036
1006,agershman,1,0.00244,30546,74.43708,41036
1007,agnewp,1,0.00244,30547,74.43952,41036
1008,ahmed-menshawy,1,0.00244,30548,74.44195,41036
1009,aiyarankith,1,0.00244,30549,74.44439,41036
1010,akanarsky,1,0.00244,30550,74.44683,41036
1011,akhy,1,0.00244,30551,74.44926,41036
1012,akshayaccha,1,0.00244,30552,74.45170,41036
1013,akshaybhatt14495,1,0.00244,30553,74.45414,41036
1014,aleesham,1,0.00244,30554,74.45657,41036
1015,alexismaior,1,0.00244,30555,74.45901,41036
1016,allcentury,1,0.00244,30556,74.46145,41036
1017,alvinyeats,1,0.00244,30557,74.46389,41036
1018,Alwinius,1,0.00244,30558,74.46632,41036
1019,amaya382,1,0.00244,30559,74.46876,41036
1020,ambsFlip,1,0.00244,30560,74.47120,41036
1021,AmetPreply,1,0.00244,30561,74.47363,41036
1022,amit-handda,1,0.00244,30562,74.47607,41036
1023,amitkulkarni79,1,0.00244,30563,74.47851,41036
1024,amoldharamshi,1,0.00244,30564,74.48094,41036
1025,ananthu1834,1,0.00244,30565,74.48338,41036
1026,anarkia7115,1,0.00244,30566,74.48582,41036
1027,andahme,1,0.00244,30567,74.48825,41036
1028,AndreasMichalke,1,0.00244,30568,74.49069,41036
1029,andreipetrescu95,1,0.00244,30569,74.49313,41036
1030,AndreLouisCaron,1,0.00244,30570,74.49556,41036
1031,andres-de-castro,1,0.00244,30571,74.49800,41036
1032,andreweskeclarke,1,0.00244,30572,74.50044,41036
1033,andrewgdavis,1,0.00244,30573,74.50288,41036
1034,andrewgeller,1,0.00244,30574,74.50531,41036
1035,andrewl3wis,1,0.00244,30575,74.50775,41036
1036,AndriMar,1,0.00244,30576,74.51019,41036
1037,andy-han,1,0.00244,30577,74.51262,41036
1038,anggao,1,0.00244,30578,74.51506,41036
1039,ankitanallana,1,0.00244,30579,74.51750,41036
1040,ankitnanglia,1,0.00244,30580,74.51993,41036
1041,anoasis,1,0.00244,30581,74.52237,41036
1042,antonmedv,1,0.00244,30582,74.52481,41036
1043,antvalencia,1,0.00244,30583,74.52724,41036
1044,aoighost,1,0.00244,30584,74.52968,41036
1045,apuigsech,1,0.00244,30585,74.53212,41036
1046,arbakker,1,0.00244,30586,74.53456,41036
1047,asaushkin,1,0.00244,30587,74.53699,41036
1048,ashishagg,1,0.00244,30588,74.53943,41036
1049,asimhon,1,0.00244,30589,74.54187,41036
1050,Atrax1,1,0.00244,30590,74.54430,41036
1051,auswells,1,0.00244,30591,74.54674,41036
1052,au-wendy,1,0.00244,30592,74.54918,41036
1053,avgils,1,0.00244,30593,74.55161,41036
1054,bakhtin,1,0.00244,30594,74.55405,41036
1055,bansaltushar92,1,0.00244,30595,74.55649,41036
1056,barakakha,1,0.00244,30596,74.55892,41036
1057,benjamin-tucker,1,0.00244,30597,74.56136,41036
1058,bgh,1,0.00244,30598,74.56380,41036
1059,bitfactory-henno-schooljan,1,0.00244,30599,74.56623,41036
1060,bitzhuxb,1,0.00244,30600,74.56867,41036
1061,blaise-sumo,1,0.00244,30601,74.57111,41036
1062,boombard,1,0.00244,30602,74.57355,41036
1063,boukandouramhamed,1,0.00244,30603,74.57598,41036
1064,BoyangHuang,1,0.00244,30604,74.57842,41036
1065,brentnk,1,0.00244,30605,74.58086,41036
1066,brikr,1,0.00244,30606,74.58329,41036
1067,brunodomenici,1,0.00244,30607,74.58573,41036
1068,bstascavage,1,0.00244,30608,74.58817,41036
1069,burntangel,1,0.00244,30609,74.59060,41036
1070,buzzsurfr,1,0.00244,30610,74.59304,41036
1071,calizarr,1,0.00244,30611,74.59548,41036
1072,category,1,0.00244,30612,74.59791,41036
1073,CDimonaco,1,0.00244,30613,74.60035,41036
1074,charles546,1,0.00244,30614,74.60279,41036
1075,charlesa101,1,0.00244,30615,74.60522,41036
1076,chartotu19,1,0.00244,30616,74.60766,41036
1077,chr15murray,1,0.00244,30617,74.61010,41036
1078,christopherriley,1,0.00244,30618,74.61254,41036
1079,chruzie,1,0.00244,30619,74.61497,41036
1080,clintberry,1,0.00244,30620,74.61741,41036
1081,cloudbring,1,0.00244,30621,74.61985,41036
1082,cmacrae,1,0.00244,30622,74.62228,41036
1083,cmriprocan,1,0.00244,30623,74.62472,41036
1084,cmur2,1,0.00244,30624,74.62716,41036
1085,comron,1,0.00244,30625,74.62959,41036
1086,conorcurlett,1,0.00244,30626,74.63203,41036
1087,cookandy,1,0.00244,30627,74.63447,41036
1088,crabulik,1,0.00244,30628,74.63690,41036
1089,Cuball0,1,0.00244,30629,74.63934,41036
1090,cullenmcdermott,1,0.00244,30630,74.64178,41036
1091,cwwarren,1,0.00244,30631,74.64421,41036
1092,c-yokoyama,1,0.00244,30632,74.64665,41036
1093,danielzheng,1,0.00244,30633,74.64909,41036
1094,dark-solace,1,0.00244,30634,74.65153,41036
1095,datacticapertti,1,0.00244,30635,74.65396,41036
1096,Davidott4,1,0.00244,30636,74.65640,41036
1097,dbuschman7,1,0.00244,30637,74.65884,41036
1098,dcieslak19973,1,0.00244,30638,74.66127,41036
1099,ddlees,1,0.00244,30639,74.66371,41036
1100,depeele,1,0.00244,30640,74.66615,41036
1101,derekahn,1,0.00244,30641,74.66858,41036
1102,dgrisonnet,1,0.00244,30642,74.67102,41036
1103,dinesh,1,0.00244,30643,74.67346,41036
1104,discreet,1,0.00244,30644,74.67589,41036
1105,dj-hedgehog,1,0.00244,30645,74.67833,41036
1106,djworth,1,0.00244,30646,74.68077,41036
1107,dk1027,1,0.00244,30647,74.68320,41036
1108,dmitrievav,1,0.00244,30648,74.68564,41036
1109,dongchang-xu,1,0.00244,30649,74.68808,41036
1110,dplusic,1,0.00244,30650,74.69052,41036
1111,dren-dk,1,0.00244,30651,74.69295,41036
1112,ducksecops,1,0.00244,30652,74.69539,41036
1113,duyngle,1,0.00244,30653,74.69783,41036
1114,dvelitchkov,1,0.00244,30654,74.70026,41036
1115,dwding18,1,0.00244,30655,74.70270,41036
1116,Dymanik,1,0.00244,30656,74.70514,41036
1117,ecout,1,0.00244,30657,74.70757,41036
1118,einret,1,0.00244,30658,74.71001,41036
1119,elee-ax,1,0.00244,30659,74.71245,41036
1120,encigem,1,0.00244,30660,74.71488,41036
1121,enyachoke,1,0.00244,30661,74.71732,41036
1122,erfangc,1,0.00244,30662,74.71976,41036
1123,ethron123,1,0.00244,30663,74.72220,41036
1124,evetion,1,0.00244,30664,74.72463,41036
1125,exdx,1,0.00244,30665,74.72707,41036
1126,exherb,1,0.00244,30666,74.72951,41036
1127,faiq,1,0.00244,30667,74.73194,41036
1128,fallard84,1,0.00244,30668,74.73438,41036
1129,Farkal,1,0.00244,30669,74.73682,41036
1130,fatkun,1,0.00244,30670,74.73925,41036
1131,fchenTelus,1,0.00244,30671,74.74169,41036
1132,FelixRodriguezJara,1,0.00244,30672,74.74413,41036
1133,fiendish,1,0.00244,30673,74.74656,41036
1134,francnascimento,1,0.00244,30674,74.74900,41036
1135,frankvandekerkhof,1,0.00244,30675,74.75144,41036
1136,Frintrop,1,0.00244,30676,74.75387,41036
1137,frozeNinK,1,0.00244,30677,74.75631,41036
1138,frs3,1,0.00244,30678,74.75875,41036
1139,FurtadoT,1,0.00244,30679,74.76119,41036
1140,gabrielJoergArz,1,0.00244,30680,74.76362,41036
1141,geekflyer,1,0.00244,30681,74.76606,41036
1142,geofflamrock,1,0.00244,30682,74.76850,41036
1143,GiantToast,1,0.00244,30683,74.77093,41036
1144,g-io,1,0.00244,30684,74.77337,41036
1145,Gknoblau,1,0.00244,30685,74.77581,41036
1146,glennpratt,1,0.00244,30686,74.77824,41036
1147,godleon,1,0.00244,30687,74.78068,41036
1148,gonzalodiaz,1,0.00244,30688,74.78312,41036
1149,gordancso,1,0.00244,30689,74.78555,41036
1150,grantstephens,1,0.00244,30690,74.78799,41036
1151,g-s-m,1,0.00244,30691,74.79043,41036
1152,GTB3NW,1,0.00244,30692,74.79286,41036
1153,guhcampos,1,0.00244,30693,74.79530,41036
1154,harshnova,1,0.00244,30694,74.79774,41036
1155,Havilland,1,0.00244,30695,74.80018,41036
1156,henriquesobral,1,0.00244,30696,74.80261,41036
1157,henrymori-pepsico,1,0.00244,30697,74.80505,41036
1158,homme,1,0.00244,30698,74.80749,41036
1159,hsluoyz,1,0.00244,30699,74.80992,41036
1160,hulu1522,1,0.00244,30700,74.81236,41036
1161,hychrisli,1,0.00244,30701,74.81480,41036
1162,hyeonjae,1,0.00244,30702,74.81723,41036
1163,iamcc,1,0.00244,30703,74.81967,41036
1164,illeatmyhat,1,0.00244,30704,74.82211,41036
1165,IngoS11,1,0.00244,30705,74.82454,41036
1166,irees,1,0.00244,30706,74.82698,41036
1167,ironreality,1,0.00244,30707,74.82942,41036
1168,ivanovaleksandar,1,0.00244,30708,74.83185,41036
1169,iyurev,1,0.00244,30709,74.83429,41036
1170,jackiemazy,1,0.00244,30710,74.83673,41036
1171,jackmahoney,1,0.00244,30711,74.83917,41036
1172,jakehamilton,1,0.00244,30712,74.84160,41036
1173,jakubknejzlik,1,0.00244,30713,74.84404,41036
1174,jamborta,1,0.00244,30714,74.84648,41036
1175,james-emerton,1,0.00244,30715,74.84891,41036
1176,janbrunrasmussen,1,0.00244,30716,74.85135,41036
1177,janschauta,1,0.00244,30717,74.85379,41036
1178,jared-dtg,1,0.00244,30718,74.85622,41036
1179,jasonbarbee,1,0.00244,30719,74.85866,41036
1180,JavascriptMick,1,0.00244,30720,74.86110,41036
1181,JayThomason,1,0.00244,30721,74.86353,41036
1182,jbaojunior,1,0.00244,30722,74.86597,41036
1183,jbielick,1,0.00244,30723,74.86841,41036
1184,jclanoe,1,0.00244,30724,74.87085,41036
1185,jcooklin,1,0.00244,30725,74.87328,41036
1186,jd0x,1,0.00244,30726,74.87572,41036
1187,jdclarke5,1,0.00244,30727,74.87816,41036
1188,Jeganjohn,1,0.00244,30728,74.88059,41036
1189,jendrikjoe,1,0.00244,30729,74.88303,41036
1190,jengo,1,0.00244,30730,74.88547,41036
1191,jeremyhermann,1,0.00244,30731,74.88790,41036
1192,jerryhu1234,1,0.00244,30732,74.89034,41036
1193,jgbiii,1,0.00244,30733,74.89278,41036
1194,jhenriquez,1,0.00244,30734,74.89521,41036
1195,jimdickinson,1,0.00244,30735,74.89765,41036
1196,jjsentian,1,0.00244,30736,74.90009,41036
1197,jlpedrosa,1,0.00244,30737,74.90252,41036
1198,jmckind,1,0.00244,30738,74.90496,41036
1199,jondlm,1,0.00244,30739,74.90740,41036
1200,josericardomcastro,1,0.00244,30740,74.90984,41036
1201,JoshRagem,1,0.00244,30741,74.91227,41036
1202,joshuasimon-taulia,1,0.00244,30742,74.91471,41036
1203,joyme123,1,0.00244,30743,74.91715,41036
1204,jpbelangerupgrade,1,0.00244,30744,74.91958,41036
1205,jsharpe,1,0.00244,30745,74.92202,41036
1206,jshields-te,1,0.00244,30746,74.92446,41036
1207,justinbarrick,1,0.00244,30747,74.92689,41036
1208,justinfx,1,0.00244,30748,74.92933,41036
1209,jvaibhav123,1,0.00244,30749,74.93177,41036
1210,kahayes,1,0.00244,30750,74.93420,41036
1211,Kamforka,1,0.00244,30751,74.93664,41036
1212,kanavpeer,1,0.00244,30752,74.93908,41036
1213,keithchester,1,0.00244,30753,74.94151,41036
1214,kevinheins,1,0.00244,30754,74.94395,41036
1215,kevinpauli,1,0.00244,30755,74.94639,41036
1216,keylowgee,1,0.00244,30756,74.94883,41036
1217,kg6zgj,1,0.00244,30757,74.95126,41036
1218,kindermoumoute,1,0.00244,30758,74.95370,41036
1219,kingjpc,1,0.00244,30759,74.95614,41036
1220,kirgene,1,0.00244,30760,74.95857,41036
1221,kishorenc,1,0.00244,30761,74.96101,41036
1222,kishor-git,1,0.00244,30762,74.96345,41036
1223,klamkma,1,0.00244,30763,74.96588,41036
1224,kodelint,1,0.00244,30764,74.96832,41036
1225,KonKube,1,0.00244,30765,74.97076,41036
1226,kounoike,1,0.00244,30766,74.97319,41036
1227,kthakkar100,1,0.00244,30767,74.97563,41036
1228,kurtfunai,1,0.00244,30768,74.97807,41036
1229,laubosslink,1,0.00244,30769,74.98050,41036
1230,lbenedetto,1,0.00244,30770,74.98294,41036
1231,ldbl,1,0.00244,30771,74.98538,41036
1232,ldrygala,1,0.00244,30772,74.98782,41036
1233,leberknecht,1,0.00244,30773,74.99025,41036
1234,lechuk47,1,0.00244,30774,74.99269,41036
1235,leighton,1,0.00244,30775,74.99513,41036
1236,LeonardAukea,1,0.00244,30776,74.99756,41036
1237,lfloeer,1,0.00244,30777,75.00000,41036
1238,lionelnicolas,1,0.00244,30778,75.00244,41036
1239,liues1992,1,0.00244,30779,75.00487,41036
1240,liumihust,1,0.00244,30780,75.00731,41036
1241,liviu-costea,1,0.00244,30781,75.00975,41036
1242,llegolas,1,0.00244,30782,75.01218,41036
1243,ltagliamonte-dd,1,0.00244,30783,75.01462,41036
1244,LucaSoato,1,0.00244,30784,75.01706,41036
1245,lukipro,1,0.00244,30785,75.01950,41036
1246,lundbird,1,0.00244,30786,75.02193,41036
1247,Luxas98,1,0.00244,30787,75.02437,41036
1248,M3t0r,1,0.00244,30788,75.02681,41036
1249,madhuresh04,1,0.00244,30789,75.02924,41036
1250,madkinsz,1,0.00244,30790,75.03168,41036
1251,majian-1987,1,0.00244,30791,75.03412,41036
1252,malinafong,1,0.00244,30792,75.03655,41036
1253,mamoit,1,0.00244,30793,75.03899,41036
1254,manhlinh24,1,0.00244,30794,75.04143,41036
1255,marcdomain,1,0.00244,30795,75.04386,41036
1256,marcel-dempers,1,0.00244,30796,75.04630,41036
1257,mardicas,1,0.00244,30797,75.04874,41036
1258,markottaviani,1,0.00244,30798,75.05117,41036
1259,martindvds,1,0.00244,30799,75.05361,41036
1260,MartinForReal,1,0.00244,30800,75.05605,41036
1261,masonhensley,1,0.00244,30801,75.05849,41036
1262,Mastergalen,1,0.00244,30802,75.06092,41036
1263,masterofkfit,1,0.00244,30803,75.06336,41036
1264,mateimicu,1,0.00244,30804,75.06580,41036
1265,matheper,1,0.00244,30805,75.06823,41036
1266,mattdarwin,1,0.00244,30806,75.07067,41036
1267,mattnaides,1,0.00244,30807,75.07311,41036
1268,melihme,1,0.00244,30808,75.07554,41036
1269,metanomi,1,0.00244,30809,75.07798,41036
1270,mhamann,1,0.00244,30810,75.08042,41036
1271,michaelabbottdeakin,1,0.00244,30811,75.08285,41036
1272,michael-bowen-sc,1,0.00244,30812,75.08529,41036
1273,michielhub,1,0.00244,30813,75.08773,41036
1274,mike-goodwin,1,0.00244,30814,75.09016,41036
1275,mirdhyn,1,0.00244,30815,75.09260,41036
1276,mirnal2808,1,0.00244,30816,75.09504,41036
1277,mjmonroe,1,0.00244,30817,75.09748,41036
1278,mkryva,1,0.00244,30818,75.09991,41036
1279,ml10,1,0.00244,30819,75.10235,41036
1280,mmaask,1,0.00244,30820,75.10479,41036
1281,mnaseef-gloo,1,0.00244,30821,75.10722,41036
1282,mohbilly,1,0.00244,30822,75.10966,41036
1283,momoYB,1,0.00244,30823,75.11210,41036
1284,morimoto-cybozu,1,0.00244,30824,75.11453,41036
1285,Morriz,1,0.00244,30825,75.11697,41036
1286,mr-c,1,0.00244,30826,75.11941,41036
1287,mrfelton,1,0.00244,30827,75.12184,41036
1288,mrm1001,1,0.00244,30828,75.12428,41036
1289,murraymichael,1,0.00244,30829,75.12672,41036
1290,musabmasood,1,0.00244,30830,75.12915,41036
1291,naor2013,1,0.00244,30831,75.13159,41036
1292,neuralsandwich,1,0.00244,30832,75.13403,41036
1293,nfillot,1,0.00244,30833,75.13647,41036
1294,nickma82,1,0.00244,30834,75.13890,41036
1295,nparfait,1,0.00244,30835,75.14134,41036
1296,ntwalibas,1,0.00244,30836,75.14378,41036
1297,obiwen,1,0.00244,30837,75.14621,41036
1298,Oded-B,1,0.00244,30838,75.14865,41036
1299,okapoor,1,0.00244,30839,75.15109,41036
1300,okunc,1,0.00244,30840,75.15352,41036
1301,Omenien,1,0.00244,30841,75.15596,41036
1302,orcaman,1,0.00244,30842,75.15840,41036
1303,PacoDu,1,0.00244,30843,75.16083,41036
1304,paidem,1,0.00244,30844,75.16327,41036
1305,parrottr,1,0.00244,30845,75.16571,41036
1306,PatelParas,1,0.00244,30846,75.16815,41036
1307,patrickstjohn,1,0.00244,30847,75.17058,41036
1308,patst,1,0.00244,30848,75.17302,41036
1309,paulcrecan,1,0.00244,30849,75.17546,41036
1310,PaulRudin,1,0.00244,30850,75.17789,41036
1311,peckeltw,1,0.00244,30851,75.18033,41036
1312,peterloron,1,0.00244,30852,75.18277,41036
1313,peterrosell,1,0.00244,30853,75.18520,41036
1314,petrilaakso,1,0.00244,30854,75.18764,41036
1315,petronius,1,0.00244,30855,75.19008,41036
1316,phantomnat,1,0.00244,30856,75.19251,41036
1317,pheymann,1,0.00244,30857,75.19495,41036
1318,piby180,1,0.00244,30858,75.19739,41036
1319,pnip,1,0.00244,30859,75.19982,41036
1320,popkirby,1,0.00244,30860,75.20226,41036
1321,Pradyumn-S,1,0.00244,30861,75.20470,41036
1322,pravarag,1,0.00244,30862,75.20714,41036
1323,privatecloud-username,1,0.00244,30863,75.20957,41036
1324,Ptyool,1,0.00244,30864,75.21201,41036
1325,pumicerD,1,0.00244,30865,75.21445,41036
1326,qifengz,1,0.00244,30866,75.21688,41036
1327,rahulroyal924,1,0.00244,30867,75.21932,41036
1328,ranedk,1,0.00244,30868,75.22176,41036
1329,RaviHari,1,0.00244,30869,75.22419,41036
1330,rcasper,1,0.00244,30870,75.22663,41036
1331,rchernobelskiy,1,0.00244,30871,75.22907,41036
1332,rcontreras-te,1,0.00244,30872,75.23150,41036
1333,realykhong,1,0.00244,30873,75.23394,41036
1334,rebelthor,1,0.00244,30874,75.23638,41036
1335,rehevkor5,1,0.00244,30875,75.23881,41036
1336,relip,1,0.00244,30876,75.24125,41036
1337,rickdennis,1,0.00244,30877,75.24369,41036
1338,rogaha,1,0.00244,30878,75.24613,41036
1339,rohankshir,1,0.00244,30879,75.24856,41036
1340,rrichardson,1,0.00244,30880,75.25100,41036
1341,rsecob,1,0.00244,30881,75.25344,41036
1342,rsotnychenko,1,0.00244,30882,75.25587,41036
1343,rsvancara,1,0.00244,30883,75.25831,41036
1344,ruiztulio,1,0.00244,30884,75.26075,41036
1345,RXminuS,1,0.00244,30885,75.26318,41036
1346,ryanelian,1,0.00244,30886,75.26562,41036
1347,sadovnikov,1,0.00244,30887,75.26806,41036
1348,sagarpatel8384,1,0.00244,30888,75.27049,41036
1349,sainavya5,1,0.00244,30889,75.27293,41036
1350,salla2,1,0.00244,30890,75.27537,41036
1351,samuelthan,1,0.00244,30891,75.27780,41036
1352,sanyu,1,0.00244,30892,75.28024,41036
1353,sarialem,1,0.00244,30893,75.28268,41036
1354,schidambaram78,1,0.00244,30894,75.28512,41036
1355,scurvydoggo,1,0.00244,30895,75.28755,41036
1356,seenickcode,1,0.00244,30896,75.28999,41036
1357,seichten,1,0.00244,30897,75.29243,41036
1358,semoac,1,0.00244,30898,75.29486,41036
1359,seungweonpark,1,0.00244,30899,75.29730,41036
1360,sfynx,1,0.00244,30900,75.29974,41036
1361,sgentile,1,0.00244,30901,75.30217,41036
1362,shadowdsp,1,0.00244,30902,75.30461,41036
1363,shawnzhu,1,0.00244,30903,75.30705,41036
1364,shineirvin,1,0.00244,30904,75.30948,41036
1365,shreychen,1,0.00244,30905,75.31192,41036
1366,shrivardhan92,1,0.00244,30906,75.31436,41036
1367,shuklashashank,1,0.00244,30907,75.31680,41036
1368,silvin-lubecki,1,0.00244,30908,75.31923,41036
1369,sindhusrinivasan27,1,0.00244,30909,75.32167,41036
1370,sinvalmendes,1,0.00244,30910,75.32411,41036
1371,SM616,1,0.00244,30911,75.32654,41036
1372,snoodleboot,1,0.00244,30912,75.32898,41036
1373,snuggie12,1,0.00244,30913,75.33142,41036
1374,songole,1,0.00244,30914,75.33385,41036
1375,sprinkaan88,1,0.00244,30915,75.33629,41036
1376,srehmanproov,1,0.00244,30916,75.33873,41036
1377,sriddell,1,0.00244,30917,75.34116,41036
1378,sruon,1,0.00244,30918,75.34360,41036
1379,stefanhenseler,1,0.00244,30919,75.34604,41036
1380,stevecrozz,1,0.00244,30920,75.34847,41036
1381,steve-dtg,1,0.00244,30921,75.35091,41036
1382,strangemonad-faire,1,0.00244,30922,75.35335,41036
1383,strump,1,0.00244,30923,75.35579,41036
1384,Subreptivus,1,0.00244,30924,75.35822,41036
1385,sudarshntn,1,0.00244,30925,75.36066,41036
1386,sunnoy,1,0.00244,30926,75.36310,41036
1387,sxmon,1,0.00244,30927,75.36553,41036
1388,synax,1,0.00244,30928,75.36797,41036
1389,sys520084,1,0.00244,30929,75.37041,41036
1390,sysadmind,1,0.00244,30930,75.37284,41036
1391,talengels,1,0.00244,30931,75.37528,41036
1392,tandd1123,1,0.00244,30932,75.37772,41036
1393,TaylorHere,1,0.00244,30933,75.38015,41036
1394,tedostrem,1,0.00244,30934,75.38259,41036
1395,tekenstam,1,0.00244,30935,75.38503,41036
1396,terry-sm,1,0.00244,30936,75.38746,41036
1397,tgermain,1,0.00244,30937,75.38990,41036
1398,thardie,1,0.00244,30938,75.39234,41036
1399,thatsk,1,0.00244,30939,75.39478,41036
1400,thavlik,1,0.00244,30940,75.39721,41036
1401,theblackturtle,1,0.00244,30941,75.39965,41036
1402,Therianthropie,1,0.00244,30942,75.40209,41036
1403,tiagomeireles,1,0.00244,30943,75.40452,41036
1404,tidbits03,1,0.00244,30944,75.40696,41036
1405,tmbdev,1,0.00244,30945,75.40940,41036
1406,tmk-hsn,1,0.00244,30946,75.41183,41036
1407,TofuLover718,1,0.00244,30947,75.41427,41036
1408,tomjohnburton,1,0.00244,30948,75.41671,41036
1409,tommyJimmy87,1,0.00244,30949,75.41914,41036
1410,toyow,1,0.00244,30950,75.42158,41036
1411,trondhindenes,1,0.00244,30951,75.42402,41036
1412,tsadoklevi,1,0.00244,30952,75.42645,41036
1413,twalla,1,0.00244,30953,75.42889,41036
1414,valerauko,1,0.00244,30954,75.43133,41036
1415,vdinesh1990,1,0.00244,30955,75.43377,41036
1416,vdksystem,1,0.00244,30956,75.43620,41036
1417,v-gu,1,0.00244,30957,75.43864,41036
1418,vikvns,1,0.00244,30958,75.44108,41036
1419,vimox-shah,1,0.00244,30959,75.44351,41036
1420,vinaykakade,1,0.00244,30960,75.44595,41036
1421,vokracko,1,0.00244,30961,75.44839,41036
1422,vsantos,1,0.00244,30962,75.45082,41036
1423,vvrpradeep,1,0.00244,30963,75.45326,41036
1424,wadejensen,1,0.00244,30964,75.45570,41036
1425,wangli1426,1,0.00244,30965,75.45813,41036
1426,wardyu,1,0.00244,30966,75.46057,41036
1427,warunapww,1,0.00244,30967,75.46301,41036
1428,waxmittmann,1,0.00244,30968,75.46544,41036
1429,whitleykeith,1,0.00244,30969,75.46788,41036
1430,whyvez,1,0.00244,30970,75.47032,41036
1431,wiadam,1,0.00244,30971,75.47276,41036
1432,wilalalee,1,0.00244,30972,75.47519,41036
1433,wiliiwin,1,0.00244,30973,75.47763,41036
1434,willyyang,1,0.00244,30974,75.48007,41036
1435,wsbmilk,1,0.00244,30975,75.48250,41036
1436,Wurden,1,0.00244,30976,75.48494,41036
1437,xiaoluwwwxiaolu,1,0.00244,30977,75.48738,41036
1438,xingmin860818,1,0.00244,30978,75.48981,41036
1439,xrow,1,0.00244,30979,75.49225,41036
1440,yijingzeng,1,0.00244,30980,75.49469,41036
1441,youyajie,1,0.00244,30981,75.49712,41036
1442,yuriylsh,1,0.00244,30982,75.49956,41036
1443,yu-yama-sra-airline-erp,1,0.00244,30983,75.50200,41036
1444,zaptim,1,0.00244,30984,75.50444,41036
1445,zephinzer,1,0.00244,30985,75.50687,41036
1446,zerosym,1,0.00244,30986,75.50931,41036
1447,zetsub0u,1,0.00244,30987,75.51175,41036
1448,zfrenchee,1,0.00244,30988,75.51418,41036
1449,zhangxiaohao,1,0.00244,30989,75.51662,41036
1450,ZhengRongTan,1,0.00244,30990,75.51906,41036
1451,zhujiangyou,1,0.00244,30991,75.52149,41036
1452,zodiac12k,1,0.00244,30992,75.52393,41036
