rank_number,actor,commits,percent,cumulative_sum,cumulative_percent,all_commits
1,blesh,2576,0.93368,2576,0.93368,275899
2,benlesh,1466,0.53135,4042,1.46503,275899
3,LutzJaenicke,1116,0.40450,5158,1.86952,275899
4,dot-asm,896,0.32476,6054,2.19428,275899
5,devversion,817,0.29612,6871,2.49040,275899
6,snhenson,800,0.28996,7671,2.78037,275899
7,hughbe,641,0.23233,8312,3.01270,275899
8,JonHanna,622,0.22544,8934,3.23814,275899
9,fellows3,566,0.20515,9500,3.44329,275899
10,ichernev,473,0.17144,9973,3.61473,275899
11,bernd-edlinger,416,0.15078,10389,3.76551,275899
12,jimfb,410,0.14861,10799,3.91411,275899
13,btford,380,0.13773,11179,4.05185,275899
14,paulidale,378,0.13701,11557,4.18885,275899
15,som-snytt,349,0.12650,11906,4.31535,275899
16,mlaval,302,0.10946,12208,4.42481,275899
17,marclaval,300,0.10874,12508,4.53354,275899
18,simov,300,0.10874,12808,4.64228,275899
19,evmar,286,0.10366,13094,4.74594,275899
20,PaulGap,271,0.09822,13365,4.84416,275899
21,inder123,267,0.09677,13632,4.94094,275899
22,kroeckx,253,0.09170,13885,5.03264,275899
23,ChrisMaddock,245,0.08880,14130,5.12144,275899
24,mary-poppins,245,0.08880,14375,5.21024,275899
25,wardbell,238,0.08626,14613,5.29650,275899
26,mspncp,228,0.08264,14841,5.37914,275899
27,justinvp,191,0.06923,15032,5.44837,275899
28,sjtrimble,163,0.05908,15195,5.50745,275899
29,FdaSilvaYY,157,0.05690,15352,5.56436,275899
30,cexbrayat,147,0.05328,15499,5.61764,275899
31,AtsushiKan,146,0.05292,15645,5.67055,275899
32,twbs-grunt,145,0.05256,15790,5.72311,275899
33,jamesqo,130,0.04712,15920,5.77023,275899
34,pat270,115,0.04168,16035,5.81191,275899
35,openssl-machine,114,0.04132,16149,5.85323,275899
36,vsn4ik,113,0.04096,16262,5.89419,275899
37,jnizet,111,0.04023,16373,5.93442,275899
38,ysds,111,0.04023,16484,5.97465,275899
39,janekdb,109,0.03951,16593,6.01416,275899
40,jteplitz602,107,0.03878,16700,6.05294,275899
41,pshrmn,107,0.03878,16807,6.09172,275899
42,marek-safar,105,0.03806,16912,6.12978,275899
43,gijsbotje,103,0.03733,17015,6.16711,275899
44,m5o,103,0.03733,17118,6.20444,275899
45,gotwarlost,101,0.03661,17219,6.24105,275899
46,hrhino,100,0.03625,17319,6.27730,275899
47,DABH,99,0.03588,17418,6.31318,275899
48,saper,99,0.03588,17517,6.34906,275899
49,trotyl,99,0.03588,17616,6.38495,275899
50,oznetmaster,98,0.03552,17714,6.42047,275899
51,MarcoRossignoli,94,0.03407,17808,6.45454,275899
52,InfoHunter,93,0.03371,17901,6.48824,275899
53,sepidehkh,92,0.03335,17993,6.52159,275899
54,robwormald,91,0.03298,18084,6.55457,275899
55,fitzgen,90,0.03262,18174,6.58719,275899
56,abetomo,84,0.03045,18258,6.61764,275899
57,Maxwe11,81,0.02936,18339,6.64700,275899
58,pauli-oracle,78,0.02827,18417,6.67527,275899
59,chembu,74,0.02682,18491,6.70209,275899
60,hnrch02,74,0.02682,18565,6.72891,275899
61,zalog,74,0.02682,18639,6.75573,275899
62,joshlemer,71,0.02573,18710,6.78147,275899
63,jenniferfell,70,0.02537,18780,6.80684,275899
64,sepidehMS,70,0.02537,18850,6.83221,275899
65,timrwood,70,0.02537,18920,6.85758,275899
66,alexindigo,69,0.02501,18989,6.88259,275899
67,mkarg,69,0.02501,19058,6.90760,275899
68,falsyvalues,66,0.02392,19124,6.93152,275899
69,Herst,66,0.02392,19190,6.95544,275899
70,nateprewitt,64,0.02320,19254,6.97864,275899
71,Clockwork-Muse,63,0.02283,19317,7.00148,275899
72,kevmoo,63,0.02283,19380,7.02431,275899
73,goto-bus-stop,62,0.02247,19442,7.04678,275899
74,NthPortal,62,0.02247,19504,7.06925,275899
75,AlexRadch,60,0.02175,19564,7.09100,275899
76,Wraith2,60,0.02175,19624,7.11275,275899
77,RyanZim,58,0.02102,19682,7.13377,275899
78,benlaurie,57,0.02066,19739,7.15443,275899
79,madler,57,0.02066,19796,7.17509,275899
80,PeEllAvaj,57,0.02066,19853,7.19575,275899
81,jfmengels,56,0.02030,19909,7.21605,275899
82,milessabin,56,0.02030,19965,7.23634,275899
83,EgorBo,55,0.01993,20020,7.25628,275899
84,hackcraft,55,0.01993,20075,7.27621,275899
85,jsfb,55,0.01993,20130,7.29615,275899
86,caesar1995,54,0.01957,20184,7.31572,275899
87,Splaktar,54,0.01957,20238,7.33529,275899
88,threepointone,54,0.01957,20292,7.35487,275899
89,Varunram,54,0.01957,20346,7.37444,275899
90,bershanskiy,53,0.01921,20399,7.39365,275899
91,kwalrath,53,0.01921,20452,7.41286,275899
92,Ichoran,52,0.01885,20504,7.43171,275899
93,ghedo,51,0.01849,20555,7.45019,275899
94,martine,51,0.01849,20606,7.46868,275899
95,ashawley,50,0.01812,20656,7.48680,275899
96,shahata,50,0.01812,20706,7.50492,275899
97,mleguen,47,0.01704,20753,7.52196,275899
98,nylen,47,0.01704,20800,7.53899,275899
99,beldmit,46,0.01667,20846,7.55566,275899
100,Brianmanden,46,0.01667,20892,7.57234,275899
101,eed3si9n,46,0.01667,20938,7.58901,275899
102,cellog,45,0.01631,20983,7.60532,275899
103,arschmitz,44,0.01595,21027,7.62127,275899
104,jteplitz,44,0.01595,21071,7.63722,275899
105,staabm,44,0.01595,21115,7.65316,275899
106,wojtask9,44,0.01595,21159,7.66911,275899
107,bbbrumley,43,0.01559,21202,7.68470,275899
108,d10,43,0.01559,21245,7.70028,275899
109,mkeskells,43,0.01559,21288,7.71587,275899
110,CaerusKaru,42,0.01522,21330,7.73109,275899
111,coreyfarrell,42,0.01522,21372,7.74631,275899
112,iamandrewluca,42,0.01522,21414,7.76154,275899
113,DzmitryShylovich,41,0.01486,21455,7.77640,275899
114,santoshyadav198613,41,0.01486,21496,7.79126,275899
115,Toxicable,41,0.01486,21537,7.80612,275899
116,amcdnl,39,0.01414,21576,7.82025,275899
117,evanvosberg,39,0.01414,21615,7.83439,275899
118,joyent-automation,39,0.01414,21654,7.84852,275899
119,PascalPrecht,39,0.01414,21693,7.86266,275899
120,WilliamKoza,39,0.01414,21732,7.87680,275899
121,florianlacreuse,38,0.01377,21770,7.89057,275899
122,kohei-takata,38,0.01377,21808,7.90434,275899
123,Philippus,38,0.01377,21846,7.91811,275899
124,elas7,37,0.01341,21883,7.93153,275899
125,joroKr21,37,0.01341,21920,7.94494,275899
126,bassjobsen,36,0.01305,21956,7.95798,275899
127,spion,36,0.01305,21992,7.97103,275899
128,blikblum,35,0.01269,22027,7.98372,275899
129,pvdlg,35,0.01269,22062,7.99640,275899
130,keyz,33,0.01196,22095,8.00837,275899
131,sokket,33,0.01196,22128,8.02033,275899
132,martijnhoekstra,32,0.01160,22160,8.03192,275899
133,Quy,32,0.01160,22192,8.04352,275899
134,alekitto,31,0.01124,22223,8.05476,275899
135,carlossanlop,31,0.01124,22254,8.06600,275899
136,hankduan,31,0.01124,22285,8.07723,275899
137,BendingBender,30,0.01087,22315,8.08810,275899
138,codecalm,30,0.01087,22345,8.09898,275899
139,StephenFluin,30,0.01087,22375,8.10985,275899
140,WinCPP,30,0.01087,22405,8.12073,275899
141,GeoSot,29,0.01051,22434,8.13124,275899
142,soc,29,0.01051,22463,8.14175,275899
143,alfaproject,28,0.01015,22491,8.15190,275899
144,cironunes,28,0.01015,22519,8.16204,275899
145,FrederikSchlemmer,28,0.01015,22547,8.17219,275899
146,petetnt,28,0.01015,22575,8.18234,275899
147,svick,28,0.01015,22603,8.19249,275899
148,tracyjordan,28,0.01015,22631,8.20264,275899
149,willshowell,28,0.01015,22659,8.21279,275899
150,AfsanehR,27,0.00979,22686,8.22257,275899
151,Dmitry-Me,27,0.00979,22713,8.23236,275899
152,LinusU,27,0.00979,22740,8.24215,275899
153,lucascono,27,0.00979,22767,8.25193,275899
154,m-amr,27,0.00979,22794,8.26172,275899
155,manekinekko,27,0.00979,22821,8.27151,275899
156,sts-ryan-holton,27,0.00979,22848,8.28129,275899
157,tspaeth,27,0.00979,22875,8.29108,275899
158,vanduynslagerp,27,0.00979,22902,8.30086,275899
159,wKoza,27,0.00979,22929,8.31065,275899
160,dcherman,26,0.00942,22955,8.32007,275899
161,Jasper-M,26,0.00942,22981,8.32950,275899
162,keyanzhang,26,0.00942,23007,8.33892,275899
163,tromey,26,0.00942,23033,8.34834,275899
164,yujayee,26,0.00942,23059,8.35777,275899
165,chalin,25,0.00906,23084,8.36683,275899
166,felixmulder,25,0.00906,23109,8.37589,275899
167,tony19,25,0.00906,23134,8.38495,275899
168,tu4mo,25,0.00906,23159,8.39401,275899
169,zamont,25,0.00906,23184,8.40308,275899
170,iamdustan,24,0.00870,23208,8.41177,275899
171,StevenBlack,24,0.00870,23232,8.42047,275899
172,chenglou,23,0.00834,23255,8.42881,275899
173,danbev,23,0.00834,23278,8.43715,275899
174,ivanzotov,23,0.00834,23301,8.44548,275899
175,juleskremer,23,0.00834,23324,8.45382,275899
176,mhatvan,23,0.00834,23347,8.46215,275899
177,satano,23,0.00834,23370,8.47049,275899
178,viktorklang,23,0.00834,23393,8.47883,275899
179,alfonso-presa,22,0.00797,23415,8.48680,275899
180,axelheer,22,0.00797,23437,8.49478,275899
181,chicoxyzzy,22,0.00797,23459,8.50275,275899
182,jiayi11,22,0.00797,23481,8.51072,275899
183,mattez,22,0.00797,23503,8.51870,275899
184,sarunint,22,0.00797,23525,8.52667,275899
185,vcsjones,22,0.00797,23547,8.53464,275899
186,chandanndeep,21,0.00761,23568,8.54226,275899
187,ericmartinezr,21,0.00761,23589,8.54987,275899
188,krytarowski,21,0.00761,23610,8.55748,275899
189,Potapy4,21,0.00761,23631,8.56509,275899
190,SekibOmazic,21,0.00761,23652,8.57270,275899
191,sunn-e,21,0.00761,23673,8.58031,275899
192,timruffles,21,0.00761,23694,8.58793,275899
193,tmorehouse,21,0.00761,23715,8.59554,275899
194,xiaoyinl,21,0.00761,23736,8.60315,275899
195,yungsters,21,0.00761,23757,8.61076,275899
196,bbowyersmyth,20,0.00725,23777,8.61801,275899
197,Drawaes,20,0.00725,23797,8.62526,275899
198,ericmdantas,20,0.00725,23817,8.63251,275899
199,jcblw,20,0.00725,23837,8.63976,275899
200,neilhem,20,0.00725,23857,8.64700,275899
201,OmicronPersei,20,0.00725,23877,8.65425,275899
202,raphamorim,20,0.00725,23897,8.66150,275899
203,scotttrinh,20,0.00725,23917,8.66875,275899
204,sezeresen,20,0.00725,23937,8.67600,275899
205,sjrd,20,0.00725,23957,8.68325,275899
206,willdean,20,0.00725,23977,8.69050,275899
207,719media,19,0.00689,23996,8.69739,275899
208,aickin,19,0.00689,24015,8.70427,275899
209,baooab,19,0.00689,24034,8.71116,275899
210,cebor,19,0.00689,24053,8.71805,275899
211,gionkunz,19,0.00689,24072,8.72493,275899
212,m-alzam,19,0.00689,24091,8.73182,275899
213,marcin-wosinek,19,0.00689,24110,8.73871,275899
214,pdehaan,19,0.00689,24129,8.74559,275899
215,pentp,19,0.00689,24148,8.75248,275899
216,rafaelss95,19,0.00689,24167,8.75936,275899
217,ttowncompiled,19,0.00689,24186,8.76625,275899
218,alexwolfe,18,0.00652,24204,8.77278,275899
219,andreasschroth,18,0.00652,24222,8.77930,275899
220,caesar-chen,18,0.00652,24240,8.78582,275899
221,garhbod,18,0.00652,24258,8.79235,275899
222,jaypinho,18,0.00652,24276,8.79887,275899
223,jeremyvii,18,0.00652,24294,8.80540,275899
224,JustinRChou,18,0.00652,24312,8.81192,275899
225,jvican,18,0.00652,24330,8.81844,275899
226,kadimi,18,0.00652,24348,8.82497,275899
227,kittenking,18,0.00652,24366,8.83149,275899
228,laskoviymishka,18,0.00652,24384,8.83802,275899
229,royklutman,18,0.00652,24402,8.84454,275899
230,sendilkumarn,18,0.00652,24420,8.85107,275899
231,clydin,17,0.00616,24437,8.85723,275899
232,dmjones,17,0.00616,24454,8.86339,275899
233,dota17,17,0.00616,24471,8.86955,275899
234,github-john-doe,17,0.00616,24488,8.87571,275899
235,helmutgranda,17,0.00616,24505,8.88187,275899
236,jbhensley,17,0.00616,24522,8.88804,275899
237,jcouv,17,0.00616,24539,8.89420,275899
238,juergba,17,0.00616,24556,8.90036,275899
239,lunaruan,17,0.00616,24573,8.90652,275899
240,marocchino,17,0.00616,24590,8.91268,275899
241,matbech,17,0.00616,24607,8.91884,275899
242,midzer,17,0.00616,24624,8.92501,275899
243,ochafik,17,0.00616,24641,8.93117,275899
244,piperchester,17,0.00616,24658,8.93733,275899
245,rhenium,17,0.00616,24675,8.94349,275899
246,shuhei,17,0.00616,24692,8.94965,275899
247,sjelin,17,0.00616,24709,8.95581,275899
248,stevermeister,17,0.00616,24726,8.96198,275899
249,syranide,17,0.00616,24743,8.96814,275899
250,tkesgar,17,0.00616,24760,8.97430,275899
251,valorkin,17,0.00616,24777,8.98046,275899
252,yeiacatl,17,0.00616,24794,8.98662,275899
253,arjantijms,16,0.00580,24810,8.99242,275899
254,bastienmoulia,16,0.00580,24826,8.99822,275899
255,bradlygreen,16,0.00580,24842,9.00402,275899
256,exoego,16,0.00580,24858,9.00982,275899
257,Goodwine,16,0.00580,24874,9.01562,275899
258,grant-d,16,0.00580,24890,9.02142,275899
259,hoyosjs,16,0.00580,24906,9.02722,275899
260,jackmu95,16,0.00580,24922,9.03302,275899
261,jasonLaster,16,0.00580,24938,9.03881,275899
262,jchawkins725,16,0.00580,24954,9.04461,275899
263,JoseIgor,16,0.00580,24970,9.05041,275899
264,leshasmp,16,0.00580,24986,9.05621,275899
265,morrissey-ingenious,16,0.00580,25002,9.06201,275899
266,okazou,16,0.00580,25018,9.06781,275899
267,Puigcerber,16,0.00580,25034,9.07361,275899
268,rdarcy1,16,0.00580,25050,9.07941,275899
269,rxaviers,16,0.00580,25066,9.08521,275899
270,shaneparsons,16,0.00580,25082,9.09101,275899
271,stevehobbsdev,16,0.00580,25098,9.09681,275899
272,TylerBrinkley,16,0.00580,25114,9.10261,275899
273,vatsan-madhavan,16,0.00580,25130,9.10841,275899
274,vivian-hu,16,0.00580,25146,9.11420,275899
275,wackerm,16,0.00580,25162,9.12000,275899
276,ymeine,16,0.00580,25178,9.12580,275899
277,arvind0598,15,0.00544,25193,9.13124,275899
278,danielsogl,15,0.00544,25208,9.13668,275899
279,dherges,15,0.00544,25223,9.14211,275899
280,drpicox,15,0.00544,25238,9.14755,275899
281,gjungb,15,0.00544,25253,9.15299,275899
282,jahanzaibsuleman07,15,0.00544,25268,9.15842,275899
283,johndoe31415,15,0.00544,25283,9.16386,275899
284,kutyel,15,0.00544,25298,9.16930,275899
285,kvlsrg,15,0.00544,25313,9.17473,275899
286,lacolaco,15,0.00544,25328,9.18017,275899
287,LittleHuba,15,0.00544,25343,9.18561,275899
288,malkomich,15,0.00544,25358,9.19104,275899
289,rheh,15,0.00544,25373,9.19648,275899
290,spacebark,15,0.00544,25388,9.20192,275899
291,Starsam80,15,0.00544,25403,9.20735,275899
292,stevenaw,15,0.00544,25418,9.21279,275899
293,vanillajonathan,15,0.00544,25433,9.21823,275899
294,wenzhixin,15,0.00544,25448,9.22367,275899
295,yuyokk,15,0.00544,25463,9.22910,275899
296,georgewilde,14,0.00507,25477,9.23418,275899
297,hepin1989,14,0.00507,25491,9.23925,275899
298,JaZo,14,0.00507,25505,9.24432,275899
299,jvitela,14,0.00507,25519,9.24940,275899
300,KatherineGShaw,14,0.00507,25533,9.25447,275899
301,kukac7,14,0.00507,25547,9.25955,275899
302,LoicGoyet,14,0.00507,25561,9.26462,275899
303,mspae,14,0.00507,25575,9.26970,275899
304,nchikanov,14,0.00507,25589,9.27477,275899
305,NikolayPianikov,14,0.00507,25603,9.27985,275899
306,roji,14,0.00507,25617,9.28492,275899
307,spencer1573,14,0.00507,25631,9.28999,275899
308,ssskip,14,0.00507,25645,9.29507,275899
309,vannitotaro,14,0.00507,25659,9.30014,275899
310,x64architecture,14,0.00507,25673,9.30522,275899
311,yangshun,14,0.00507,25687,9.31029,275899
312,adeora,13,0.00471,25700,9.31500,275899
313,alfredmyers,13,0.00471,25713,9.31971,275899
314,atomiomi,13,0.00471,25726,9.32443,275899
315,benbraou,13,0.00471,25739,9.32914,275899
316,BobChao87,13,0.00471,25752,9.33385,275899
317,EasySec,13,0.00471,25765,9.33856,275899
318,gfoidl,13,0.00471,25778,9.34327,275899
319,Gnbrkm41,13,0.00471,25791,9.34799,275899
320,guidovranken,13,0.00471,25804,9.35270,275899
321,isaacl,13,0.00471,25817,9.35741,275899
322,jamiekrug,13,0.00471,25830,9.36212,275899
323,jesselpalmer,13,0.00471,25843,9.36683,275899
324,jkotalik,13,0.00471,25856,9.37155,275899
325,JLHwung,13,0.00471,25869,9.37626,275899
326,Kikobeats,13,0.00471,25882,9.38097,275899
327,KostaVlev,13,0.00471,25895,9.38568,275899
328,LeonardoBraga,13,0.00471,25908,9.39039,275899
329,omsmith,13,0.00471,25921,9.39510,275899
330,paulmillr,13,0.00471,25934,9.39982,275899
331,PeteGillin,13,0.00471,25947,9.40453,275899
332,prateekgoel,13,0.00471,25960,9.40924,275899
333,simonihmig,13,0.00471,25973,9.41395,275899
334,splincode,13,0.00471,25986,9.41866,275899
335,sreeramu,13,0.00471,25999,9.42338,275899
336,StringEpsilon,13,0.00471,26012,9.42809,275899
337,tamascsaba,13,0.00471,26025,9.43280,275899
338,TedSander,13,0.00471,26038,9.43751,275899
339,teropa,13,0.00471,26051,9.44222,275899
340,textbook,13,0.00471,26064,9.44694,275899
341,tjvantoll,13,0.00471,26077,9.45165,275899
342,vatsan-madhavan-msft,13,0.00471,26090,9.45636,275899
343,allanrenucci,12,0.00435,26102,9.46071,275899
344,asnowwolf,12,0.00435,26114,9.46506,275899
345,bnjmnt4n,12,0.00435,26126,9.46941,275899
346,brigand,12,0.00435,26138,9.47376,275899
347,craigmichaelmartin,12,0.00435,26150,9.47811,275899
348,dannyskoog,12,0.00435,26162,9.48246,275899
349,dennisdietrich,12,0.00435,26174,9.48680,275899
350,dmytroyarmak,12,0.00435,26186,9.49115,275899
351,ericcarraway,12,0.00435,26198,9.49550,275899
352,escardin,12,0.00435,26210,9.49985,275899
353,ExE-Boss,12,0.00435,26222,9.50420,275899
354,FiveTimesTheFun,12,0.00435,26234,9.50855,275899
355,geoffbass,12,0.00435,26246,9.51290,275899
356,heikojansen,12,0.00435,26258,9.51725,275899
357,iamchenxin,12,0.00435,26270,9.52160,275899
358,ikarienator,12,0.00435,26282,9.52595,275899
359,janhenke,12,0.00435,26294,9.53030,275899
360,jrumandal,12,0.00435,26306,9.53465,275899
361,julianobrasil,12,0.00435,26318,9.53900,275899
362,juristr,12,0.00435,26330,9.54335,275899
363,makr,12,0.00435,26342,9.54770,275899
364,MatiasPuhakka,12,0.00435,26354,9.55205,275899
365,MrWolfZ,12,0.00435,26366,9.55640,275899
366,mscdex,12,0.00435,26378,9.56075,275899
367,pickfire,12,0.00435,26390,9.56509,275899
368,romanlex,12,0.00435,26402,9.56944,275899
369,schnittstabil,12,0.00435,26414,9.57379,275899
370,tanmay21,12,0.00435,26426,9.57814,275899
371,Teamop,12,0.00435,26438,9.58249,275899
372,TechDavid,12,0.00435,26450,9.58684,275899
373,tojimjiang,12,0.00435,26462,9.59119,275899
374,vamsivarikuti,12,0.00435,26474,9.59554,275899
375,viktor17492,12,0.00435,26486,9.59989,275899
376,yasuf,12,0.00435,26498,9.60424,275899
377,alrra,11,0.00399,26509,9.60823,275899
378,apechimp,11,0.00399,26520,9.61221,275899
379,BeastCode,11,0.00399,26531,9.61620,275899
380,bowenni,11,0.00399,26542,9.62019,275899
381,brenuart,11,0.00399,26553,9.62417,275899
382,CaselIT,11,0.00399,26564,9.62816,275899
383,chrismbarr,11,0.00399,26575,9.63215,275899
384,DaiMichael,11,0.00399,26586,9.63613,275899
385,ejpbruel,11,0.00399,26597,9.64012,275899
386,elidoran,11,0.00399,26608,9.64411,275899
387,hazendaz,11,0.00399,26619,9.64810,275899
388,hughsk,11,0.00399,26630,9.65208,275899
389,hzoo,11,0.00399,26641,9.65607,275899
390,is2ei,11,0.00399,26652,9.66006,275899
391,Isthu,11,0.00399,26663,9.66404,275899
392,jutaz,11,0.00399,26674,9.66803,275899
393,juthilo,11,0.00399,26685,9.67202,275899
394,matthewjh,11,0.00399,26696,9.67600,275899
395,MisatoTremor,11,0.00399,26707,9.67999,275899
396,nesinervink,11,0.00399,26718,9.68398,275899
397,nicohvi,11,0.00399,26729,9.68797,275899
398,octref,11,0.00399,26740,9.69195,275899
399,pascal-cuoq,11,0.00399,26751,9.69594,275899
400,philippevk,11,0.00399,26762,9.69993,275899
401,PikadudeNo1,11,0.00399,26773,9.70391,275899
402,rupl,11,0.00399,26784,9.70790,275899
403,shinnn,11,0.00399,26795,9.71189,275899
404,StanislavUshakov,11,0.00399,26806,9.71587,275899
405,wgao19,11,0.00399,26817,9.71986,275899
406,whawker,11,0.00399,26828,9.72385,275899
407,alireza-mh,10,0.00362,26838,9.72747,275899
408,aorinevo,10,0.00362,26848,9.73110,275899
409,atefBB,10,0.00362,26858,9.73472,275899
410,bbolli,10,0.00362,26868,9.73835,275899
411,bertyhell,10,0.00362,26878,9.74197,275899
412,bhamodi,10,0.00362,26888,9.74560,275899
413,bmarkov,10,0.00362,26898,9.74922,275899
414,Bugcheckers,10,0.00362,26908,9.75284,275899
415,catchsudheera,10,0.00362,26918,9.75647,275899
416,cody,10,0.00362,26928,9.76009,275899
417,cyrilletuzi,10,0.00362,26938,9.76372,275899
418,Degubi,10,0.00362,26948,9.76734,275899
419,Dreamescaper,10,0.00362,26958,9.77097,275899
420,drskullster,10,0.00362,26968,9.77459,275899
421,FireAlkazar,10,0.00362,26978,9.77822,275899
422,flyyang,10,0.00362,26988,9.78184,275899
423,fmalcher,10,0.00362,26998,9.78546,275899
424,graveto,10,0.00362,27008,9.78909,275899
425,jamiebuilds,10,0.00362,27018,9.79271,275899
426,jaredly,10,0.00362,27028,9.79634,275899
427,johanlef,10,0.00362,27038,9.79996,275899
428,JohannesHoppe,10,0.00362,27048,9.80359,275899
429,keertip,10,0.00362,27058,9.80721,275899
430,khellang,10,0.00362,27068,9.81084,275899
431,martinsik,10,0.00362,27078,9.81446,275899
432,max-b,10,0.00362,27088,9.81809,275899
433,MaximLipnin,10,0.00362,27098,9.82171,275899
434,meeque,10,0.00362,27108,9.82533,275899
435,mpociecha,10,0.00362,27118,9.82896,275899
436,namiltd,10,0.00362,27128,9.83258,275899
437,Pereida,10,0.00362,27138,9.83621,275899
438,pfmooney,10,0.00362,27148,9.83983,275899
439,piotrtomiak,10,0.00362,27158,9.84346,275899
440,SamDuvall,10,0.00362,27168,9.84708,275899
441,samjulien,10,0.00362,27178,9.85071,275899
442,simPod,10,0.00362,27188,9.85433,275899
443,the-dwyer,10,0.00362,27198,9.85796,275899
444,vargaz,10,0.00362,27208,9.86158,275899
445,vweevers,10,0.00362,27218,9.86520,275899
446,aavmurphy,9,0.00326,27227,9.86847,275899
447,aisera-mikowski,9,0.00326,27236,9.87173,275899
448,angelsanz,9,0.00326,27245,9.87499,275899
449,anjoshigor,9,0.00326,27254,9.87825,275899
450,antonmoiseev,9,0.00326,27263,9.88151,275899
451,bkyarger,9,0.00326,27272,9.88478,275899
452,Borkason,9,0.00326,27281,9.88804,275899
453,boyter,9,0.00326,27290,9.89130,275899
454,Brocco,9,0.00326,27299,9.89456,275899
455,caiquecastro,9,0.00326,27308,9.89782,275899
456,chrisblossom,9,0.00326,27317,9.90109,275899
457,Corbzilla,9,0.00326,27326,9.90435,275899
458,crandmck,9,0.00326,27335,9.90761,275899
459,cscott,9,0.00326,27344,9.91087,275899
460,denisx,9,0.00326,27353,9.91414,275899
461,dercodercom,9,0.00326,27362,9.91740,275899
462,dulybon1,9,0.00326,27371,9.92066,275899
463,eddiemonge,9,0.00326,27380,9.92392,275899
464,ejball,9,0.00326,27389,9.92718,275899
465,ericnakagawa,9,0.00326,27398,9.93045,275899
466,EzyHow,9,0.00326,27407,9.93371,275899
467,florisverburg,9,0.00326,27416,9.93697,275899
468,gabrielmaldi,9,0.00326,27425,9.94023,275899
469,hannahhoward,9,0.00326,27434,9.94349,275899
470,H--o-l,9,0.00326,27443,9.94676,275899
471,howardcox,9,0.00326,27452,9.95002,275899
472,hterkelsen,9,0.00326,27461,9.95328,275899
473,ItaloBC,9,0.00326,27470,9.95654,275899
474,jarstelfox,9,0.00326,27479,9.95980,275899
475,jddxf,9,0.00326,27488,9.96307,275899
476,jipexu,9,0.00326,27497,9.96633,275899
477,julian-hecker,9,0.00326,27506,9.96959,275899
478,laggingreflex,9,0.00326,27515,9.97285,275899
479,luhenry,9,0.00326,27524,9.97611,275899
480,mysticatea,9,0.00326,27533,9.97938,275899
481,nietras,9,0.00326,27542,9.98264,275899
482,noloader,9,0.00326,27551,9.98590,275899
483,oBusk,9,0.00326,27560,9.98916,275899
484,pablocrivella,9,0.00326,27569,9.99242,275899
485,palerdot,9,0.00326,27578,9.99569,275899
486,parammittal16,9,0.00326,27587,9.99895,275899
487,performantdata,9,0.00326,27596,10.00221,275899
488,pixelastic,9,0.00326,27605,10.00547,275899
489,PowerKiKi,9,0.00326,27614,10.00874,275899
490,pravdomil,9,0.00326,27623,10.01200,275899
491,pwolaq,9,0.00326,27632,10.01526,275899
492,Raynos,9,0.00326,27641,10.01852,275899
493,rickbeerendonk,9,0.00326,27650,10.02178,275899
494,rickhanlonii,9,0.00326,27659,10.02505,275899
495,rorygraves,9,0.00326,27668,10.02831,275899
496,Rychu-Pawel,9,0.00326,27677,10.03157,275899
497,sabruss,9,0.00326,27686,10.03483,275899
498,sam1013,9,0.00326,27695,10.03809,275899
499,schwastek,9,0.00326,27704,10.04136,275899
500,shiftylogic,9,0.00326,27713,10.04462,275899
501,SpicyDwarf,9,0.00326,27722,10.04788,275899
502,stakx,9,0.00326,27731,10.05114,275899
503,steelsojka,9,0.00326,27740,10.05440,275899
504,Suresh918,9,0.00326,27749,10.05767,275899
505,TamarChristinaArm,9,0.00326,27758,10.06093,275899
506,thymikee,9,0.00326,27767,10.06419,275899
507,tomarak,9,0.00326,27776,10.06745,275899
508,trentm,9,0.00326,27785,10.07071,275899
509,triska,9,0.00326,27794,10.07398,275899
510,troydemonbreun,9,0.00326,27803,10.07724,275899
511,vokoshyv,9,0.00326,27812,10.08050,275899
512,vsmenon,9,0.00326,27821,10.08376,275899
513,Yerkon,9,0.00326,27830,10.08702,275899
514,yiminghe,9,0.00326,27839,10.09029,275899
515,YuliaTsareva,9,0.00326,27848,10.09355,275899
516,zackarychapple,9,0.00326,27857,10.09681,275899
517,zgmnkv,9,0.00326,27866,10.10007,275899
518,abalad,8,0.00290,27874,10.10297,275899
519,abhaynikam,8,0.00290,27882,10.10587,275899
520,aesopwolf,8,0.00290,27890,10.10877,275899
521,agcolom,8,0.00290,27898,10.11167,275899
522,AlbertWillemsen-Centric,8,0.00290,27906,10.11457,275899
523,alcfeoh,8,0.00290,27914,10.11747,275899
524,andrius-pra,8,0.00290,27922,10.12037,275899
525,anenviousguest,8,0.00290,27930,10.12327,275899
526,apetrosian,8,0.00290,27938,10.12617,275899
527,arizzitano,8,0.00290,27946,10.12907,275899
528,awiseman,8,0.00290,27954,10.13197,275899
529,bamnet,8,0.00290,27962,10.13487,275899
530,BBlackwo,8,0.00290,27970,10.13777,275899
531,bernard-lin,8,0.00290,27978,10.14067,275899
532,b-laporte,8,0.00290,27986,10.14357,275899
533,blove,8,0.00290,27994,10.14647,275899
534,brad,8,0.00290,28002,10.14937,275899
535,campersau,8,0.00290,28010,10.15227,275899
536,Chainhelen,8,0.00290,28018,10.15517,275899
537,chrisjlee,8,0.00290,28026,10.15807,275899
538,copynpaste,8,0.00290,28034,10.16096,275899
539,david-lallement,8,0.00290,28042,10.16386,275899
540,david-proctor,8,0.00290,28050,10.16676,275899
541,davidreher,8,0.00290,28058,10.16966,275899
542,dekajp,8,0.00290,28066,10.17256,275899
543,ennru,8,0.00290,28074,10.17546,275899
544,Fank,8,0.00290,28082,10.17836,275899
545,FuzzySockets,8,0.00290,28090,10.18126,275899
546,galczo5,8,0.00290,28098,10.18416,275899
547,gareth,8,0.00290,28106,10.18706,275899
548,gordonmzhu,8,0.00290,28114,10.18996,275899
549,gregersrygg,8,0.00290,28122,10.19286,275899
550,hkdobrev,8,0.00290,28130,10.19576,275899
551,hpshelton,8,0.00290,28138,10.19866,275899
552,jacob314,8,0.00290,28146,10.20156,275899
553,jainanuj0812,8,0.00290,28154,10.20446,275899
554,janrieke,8,0.00290,28162,10.20736,275899
555,janvanhelvoort,8,0.00290,28170,10.21026,275899
556,jarrettmeyer,8,0.00290,28178,10.21316,275899
557,JasonEtco,8,0.00290,28186,10.21606,275899
558,javatutorials2016,8,0.00290,28194,10.21896,275899
559,jbowtie,8,0.00290,28202,10.22186,275899
560,jisaacks,8,0.00290,28210,10.22476,275899
561,josepot,8,0.00290,28218,10.22766,275899
562,joshudson,8,0.00290,28226,10.23056,275899
563,kchia,8,0.00290,28234,10.23345,275899
564,kdinev,8,0.00290,28242,10.23635,275899
565,keithamus,8,0.00290,28250,10.23925,275899
566,kzys,8,0.00290,28258,10.24215,275899
567,LaurentBarbareau,8,0.00290,28266,10.24505,275899
568,lemmaa,8,0.00290,28274,10.24795,275899
569,loganaden,8,0.00290,28282,10.25085,275899
570,MaggieTsang,8,0.00290,28290,10.25375,275899
571,marcysutton,8,0.00290,28298,10.25665,275899
572,matthewjohnston4,8,0.00290,28306,10.25955,275899
573,mdewree,8,0.00290,28314,10.26245,275899
574,Meligy,8,0.00290,28322,10.26535,275899
575,mitermayer,8,0.00290,28330,10.26825,275899
576,mvastola,8,0.00290,28338,10.27115,275899
577,nakupanda,8,0.00290,28346,10.27405,275899
578,NattyNarwhal,8,0.00290,28354,10.27695,275899
579,null-reference,8,0.00290,28362,10.27985,275899
580,obenbrahim,8,0.00290,28370,10.28275,275899
581,odd,8,0.00290,28378,10.28565,275899
582,Omnichronous,8,0.00290,28386,10.28855,275899
583,operatino,8,0.00290,28394,10.29145,275899
584,paplorinc,8,0.00290,28402,10.29435,275899
585,parjong,8,0.00290,28410,10.29725,275899
586,pgiraud,8,0.00290,28418,10.30015,275899
587,Prithvirajbilla,8,0.00290,28426,10.30305,275899
588,psimyn,8,0.00290,28434,10.30595,275899
589,purezen,8,0.00290,28442,10.30884,275899
590,raunofreiberg,8,0.00290,28450,10.31174,275899
591,RobiFerentz,8,0.00290,28458,10.31464,275899
592,sjurba,8,0.00290,28466,10.31754,275899
593,softchris,8,0.00290,28474,10.32044,275899
594,spectre6000,8,0.00290,28482,10.32334,275899
595,stevezhu,8,0.00290,28490,10.32624,275899
596,sveinpg,8,0.00290,28498,10.32914,275899
597,thanhpd,8,0.00290,28506,10.33204,275899
598,v-afrafi,8,0.00290,28514,10.33494,275899
599,valexiev,8,0.00290,28522,10.33784,275899
600,vdyckn,8,0.00290,28530,10.34074,275899
601,voloda,8,0.00290,28538,10.34364,275899
602,vvakame,8,0.00290,28546,10.34654,275899
603,Xerkus,8,0.00290,28554,10.34944,275899
604,a0viedo,7,0.00254,28561,10.35198,275899
605,aaabramov,7,0.00254,28568,10.35451,275899
606,acidrums4,7,0.00254,28575,10.35705,275899
607,adamdbradley,7,0.00254,28582,10.35959,275899
608,afholderman,7,0.00254,28589,10.36213,275899
609,akolinski,7,0.00254,28596,10.36466,275899
610,alexischr,7,0.00254,28603,10.36720,275899
611,alexzuza,7,0.00254,28610,10.36974,275899
612,alirezamirian,7,0.00254,28617,10.37227,275899
613,alisd23,7,0.00254,28624,10.37481,275899
614,andyklimczak,7,0.00254,28631,10.37735,275899
615,anurse,7,0.00254,28638,10.37989,275899
616,bchavez,7,0.00254,28645,10.38242,275899
617,bpschoch,7,0.00254,28652,10.38496,275899
618,chiraggmodi,7,0.00254,28659,10.38750,275899
619,chocolateboy,7,0.00254,28666,10.39003,275899
620,ChrissBott,7,0.00254,28673,10.39257,275899
621,constructor-igor,7,0.00254,28680,10.39511,275899
622,coolaj86,7,0.00254,28687,10.39765,275899
623,dickwall,7,0.00254,28694,10.40018,275899
624,diego-santacruz,7,0.00254,28701,10.40272,275899
625,DominikTrenz,7,0.00254,28708,10.40526,275899
626,dutchenkoOleg,7,0.00254,28715,10.40779,275899
627,DWand,7,0.00254,28722,10.41033,275899
628,elbywan,7,0.00254,28729,10.41287,275899
629,emilio-martinez,7,0.00254,28736,10.41541,275899
630,endrih,7,0.00254,28743,10.41794,275899
631,felixrabe,7,0.00254,28750,10.42048,275899
632,fpipita,7,0.00254,28757,10.42302,275899
633,FrankiePo,7,0.00254,28764,10.42555,275899
634,FrozenPandaz,7,0.00254,28771,10.42809,275899
635,gbasler,7,0.00254,28778,10.43063,275899
636,gcichosz,7,0.00254,28785,10.43317,275899
637,gijsroge,7,0.00254,28792,10.43570,275899
638,gmethvin,7,0.00254,28799,10.43824,275899
639,gucong3000,7,0.00254,28806,10.44078,275899
640,HamsterExAstris,7,0.00254,28813,10.44331,275899
641,hannob,7,0.00254,28820,10.44585,275899
642,hubot,7,0.00254,28827,10.44839,275899
643,Ismaile7,7,0.00254,28834,10.45093,275899
644,JaKXz,7,0.00254,28841,10.45346,275899
645,jbduncan,7,0.00254,28848,10.45600,275899
646,JCA122204,7,0.00254,28855,10.45854,275899
647,jedmao,7,0.00254,28862,10.46107,275899
648,jerone,7,0.00254,28869,10.46361,275899
649,jithil-kore,7,0.00254,28876,10.46615,275899
650,jnordberg,7,0.00254,28883,10.46869,275899
651,jodytate,7,0.00254,28890,10.47122,275899
652,joneff,7,0.00254,28897,10.47376,275899
653,jontewks,7,0.00254,28904,10.47630,275899
654,JordyvanDortmont,7,0.00254,28911,10.47883,275899
655,josteink,7,0.00254,28918,10.48137,275899
656,kanielc,7,0.00254,28925,10.48391,275899
657,KELiON,7,0.00254,28932,10.48645,275899
658,Kerumen,7,0.00254,28939,10.48898,275899
659,ketan-gote,7,0.00254,28946,10.49152,275899
660,kevdotbadger,7,0.00254,28953,10.49406,275899
661,KevinJannis,7,0.00254,28960,10.49659,275899
662,laumair,7,0.00254,28967,10.49913,275899
663,lauxjpn,7,0.00254,28974,10.50167,275899
664,lrlna,7,0.00254,28981,10.50421,275899
665,lukaszzdanikowski,7,0.00254,28988,10.50674,275899
666,madmir,7,0.00254,28995,10.50928,275899
667,markgoho,7,0.00254,29002,10.51182,275899
668,MatheusRV,7,0.00254,29009,10.51435,275899
669,matthewdunsdon,7,0.00254,29016,10.51689,275899
670,maxiloc,7,0.00254,29023,10.51943,275899
671,mbroadst,7,0.00254,29030,10.52197,275899
672,michael-letcher,7,0.00254,29037,10.52450,275899
673,Micua,7,0.00254,29044,10.52704,275899
674,mihaerzen,7,0.00254,29051,10.52958,275899
675,mreinstein,7,0.00254,29058,10.53212,275899
676,mrmeku,7,0.00254,29065,10.53465,275899
677,mxstbr,7,0.00254,29072,10.53719,275899
678,nategraf,7,0.00254,29079,10.53973,275899
679,ngyikp,7,0.00254,29086,10.54226,275899
680,nicketson,7,0.00254,29093,10.54480,275899
681,NiklasMehner,7,0.00254,29100,10.54734,275899
682,nunoarruda,7,0.00254,29107,10.54988,275899
683,overlookmotel,7,0.00254,29114,10.55241,275899
684,panchenko,7,0.00254,29121,10.55495,275899
685,philippsimon,7,0.00254,29128,10.55749,275899
686,pkaminski,7,0.00254,29135,10.56002,275899
687,raajtram,7,0.00254,29142,10.56256,275899
688,ReadmeCritic,7,0.00254,29149,10.56510,275899
689,renanmontebelo,7,0.00254,29156,10.56764,275899
690,rricard,7,0.00254,29163,10.57017,275899
691,ruedap,7,0.00254,29170,10.57271,275899
692,SamuelEnglard,7,0.00254,29177,10.57525,275899
693,saucecontrol,7,0.00254,29184,10.57778,275899
694,sean-gilliam,7,0.00254,29191,10.58032,275899
695,sebkur,7,0.00254,29198,10.58286,275899
696,shaedrich,7,0.00254,29205,10.58540,275899
697,skmedix,7,0.00254,29212,10.58793,275899
698,steveluscher,7,0.00254,29219,10.59047,275899
699,Stranger6667,7,0.00254,29226,10.59301,275899
700,thelgevold,7,0.00254,29233,10.59554,275899
701,tiesont,7,0.00254,29240,10.59808,275899
702,unaccomplished,7,0.00254,29247,10.60062,275899
703,voithos,7,0.00254,29254,10.60316,275899
704,watfordgnf,7,0.00254,29261,10.60569,275899
705,williamboman,7,0.00254,29268,10.60823,275899
706,yui-knk,7,0.00254,29275,10.61077,275899
707,zenorocha,7,0.00254,29282,10.61330,275899
708,zetsnotdead,7,0.00254,29289,10.61584,275899
709,aceofspades,6,0.00217,29295,10.61802,275899
710,adboul,6,0.00217,29301,10.62019,275899
711,addaleax,6,0.00217,29307,10.62237,275899
712,ad-si,6,0.00217,29313,10.62454,275899
713,alexeyraspopov,6,0.00217,29319,10.62671,275899
714,alnikola,6,0.00217,29325,10.62889,275899
715,AndreasCag,6,0.00217,29331,10.63106,275899
716,andrewaustin,6,0.00217,29337,10.63324,275899
717,andrewpucci,6,0.00217,29343,10.63541,275899
718,ankitml,6,0.00217,29349,10.63759,275899
719,AnSavvides,6,0.00217,29355,10.63976,275899
720,aravindfz,6,0.00217,29361,10.64194,275899
721,arcanis,6,0.00217,29367,10.64411,275899
722,arjunyel,6,0.00217,29373,10.64629,275899
723,arthurvr,6,0.00217,29379,10.64846,275899
724,asbjornu,6,0.00217,29385,10.65064,275899
725,awerlang,6,0.00217,29391,10.65281,275899
726,bampakoa,6,0.00217,29397,10.65499,275899
727,blackdwarf,6,0.00217,29403,10.65716,275899
728,boneskull,6,0.00217,29409,10.65934,275899
729,Brooooooklyn,6,0.00217,29415,10.66151,275899
730,Castaglia,6,0.00217,29421,10.66368,275899
731,catenacyber,6,0.00217,29427,10.66586,275899
732,ceedubs,6,0.00217,29433,10.66803,275899
733,chenyuzhcy,6,0.00217,29439,10.67021,275899
734,chigix,6,0.00217,29445,10.67238,275899
735,choeller,6,0.00217,29451,10.67456,275899
736,ChrisDahmCS,6,0.00217,29457,10.67673,275899
737,Coeur,6,0.00217,29463,10.67891,275899
738,croaky,6,0.00217,29469,10.68108,275899
739,cscport,6,0.00217,29475,10.68326,275899
740,ctavan,6,0.00217,29481,10.68543,275899
741,Cuel,6,0.00217,29487,10.68761,275899
742,danielrasmuson,6,0.00217,29493,10.68978,275899
743,dejour,6,0.00217,29499,10.69196,275899
744,denisname,6,0.00217,29505,10.69413,275899
745,derekstraka,6,0.00217,29511,10.69631,275899
746,dhoehna,6,0.00217,29517,10.69848,275899
747,donroyco,6,0.00217,29523,10.70065,275899
748,dsbos,6,0.00217,29529,10.70283,275899
749,dustinsoftware,6,0.00217,29535,10.70500,275899
750,eanova,6,0.00217,29541,10.70718,275899
751,EdwinEngelen,6,0.00217,29547,10.70935,275899
752,ekilah,6,0.00217,29553,10.71153,275899
753,erikkemperman,6,0.00217,29559,10.71370,275899
754,FantasticFiasco,6,0.00217,29565,10.71588,275899
755,fiddur,6,0.00217,29571,10.71805,275899
756,flexbox,6,0.00217,29577,10.72023,275899
757,Flounn,6,0.00217,29583,10.72240,275899
758,focusaurus,6,0.00217,29589,10.72458,275899
759,forivall,6,0.00217,29595,10.72675,275899
760,GantMan,6,0.00217,29601,10.72893,275899
761,gary-b,6,0.00217,29607,10.73110,275899
762,GCichosz,6,0.00217,29613,10.73328,275899
763,ghetolay,6,0.00217,29619,10.73545,275899
764,giampierobono,6,0.00217,29625,10.73763,275899
765,Gillespie59,6,0.00217,29631,10.73980,275899
766,gonzalo-roberto-diaz,6,0.00217,29637,10.74197,275899
767,h7lin,6,0.00217,29643,10.74415,275899
768,hanumanthan,6,0.00217,29649,10.74632,275899
769,hartraft,6,0.00217,29655,10.74850,275899
770,heathkit,6,0.00217,29661,10.75067,275899
771,hendore,6,0.00217,29667,10.75285,275899
772,henryw4k,6,0.00217,29673,10.75502,275899
773,HNDeploys,6,0.00217,29679,10.75720,275899
774,Hongbo-Miao,6,0.00217,29685,10.75937,275899
775,hudochenkov,6,0.00217,29691,10.76155,275899
776,IAfanasov,6,0.00217,29697,10.76372,275899
777,iamam34,6,0.00217,29703,10.76590,275899
778,iansu,6,0.00217,29709,10.76807,275899
779,IAPark,6,0.00217,29715,10.77025,275899
780,icambron,6,0.00217,29721,10.77242,275899
781,ikopylov,6,0.00217,29727,10.77460,275899
782,iSazonov,6,0.00217,29733,10.77677,275899
783,Izhaki,6,0.00217,29739,10.77894,275899
784,jabbrass,6,0.00217,29745,10.78112,275899
785,jackson-huang,6,0.00217,29751,10.78329,275899
786,JamesMGreene,6,0.00217,29757,10.78547,275899
787,jannickfahlbusch,6,0.00217,29763,10.78764,275899
788,jasonhodges,6,0.00217,29769,10.78982,275899
789,jfo84,6,0.00217,29775,10.79199,275899
790,jfreyre,6,0.00217,29781,10.79417,275899
791,jnsencha,6,0.00217,29787,10.79634,275899
792,joelmheim,6,0.00217,29793,10.79852,275899
793,JonyD,6,0.00217,29799,10.80069,275899
794,jordan-amman,6,0.00217,29805,10.80287,275899
795,josephlin55555,6,0.00217,29811,10.80504,275899
796,jugglinmike,6,0.00217,29817,10.80722,275899
797,justindujardin,6,0.00217,29823,10.80939,275899
798,KaoruToda,6,0.00217,29829,10.81157,275899
799,kevinoid,6,0.00217,29835,10.81374,275899
800,kibertoad,6,0.00217,29841,10.81591,275899
801,kristinavavrova,6,0.00217,29847,10.81809,275899
802,ksvitkovsky,6,0.00217,29853,10.82026,275899
803,kytart,6,0.00217,29859,10.82244,275899
804,lightningtgc,6,0.00217,29865,10.82461,275899
805,liias,6,0.00217,29871,10.82679,275899
806,lukeapage,6,0.00217,29877,10.82896,275899
807,luqun,6,0.00217,29883,10.83114,275899
808,machineloop,6,0.00217,29889,10.83331,275899
809,madeinfree,6,0.00217,29895,10.83549,275899
810,magee,6,0.00217,29901,10.83766,275899
811,makky3939,6,0.00217,29907,10.83984,275899
812,maksimr,6,0.00217,29913,10.84201,275899
813,manishbansal8843,6,0.00217,29919,10.84419,275899
814,marcosfreitas,6,0.00217,29925,10.84636,275899
815,marcuswarrenca,6,0.00217,29931,10.84854,275899
816,marijaselakovic,6,0.00217,29937,10.85071,275899
817,mattdesl,6,0.00217,29943,10.85288,275899
818,mckramer,6,0.00217,29949,10.85506,275899
819,mcr,6,0.00217,29955,10.85723,275899
820,mernst,6,0.00217,29961,10.85941,275899
821,mertkahyaoglu,6,0.00217,29967,10.86158,275899
822,mhartington,6,0.00217,29973,10.86376,275899
823,MhdTlb,6,0.00217,29979,10.86593,275899
824,mikec,6,0.00217,29985,10.86811,275899
825,MisinformedDNA,6,0.00217,29991,10.87028,275899
826,mjomble,6,0.00217,29997,10.87246,275899
827,monoblaine,6,0.00217,30003,10.87463,275899
828,Morishiri,6,0.00217,30009,10.87681,275899
829,mr21,6,0.00217,30015,10.87898,275899
830,Mr21,6,0.00217,30021,10.88116,275899
831,mrscobbler,6,0.00217,30027,10.88333,275899
832,MTechDE,6,0.00217,30033,10.88551,275899
833,nali,6,0.00217,30039,10.88768,275899
834,nicjansma,6,0.00217,30045,10.88985,275899
835,nik72619c,6,0.00217,30051,10.89203,275899
836,ning-github,6,0.00217,30057,10.89420,275899
837,not-an-aardvark,6,0.00217,30063,10.89638,275899
838,not-for-me,6,0.00217,30069,10.89855,275899
839,novemberborn,6,0.00217,30075,10.90073,275899
840,obinnangini,6,0.00217,30081,10.90290,275899
841,oliversalzburg,6,0.00217,30087,10.90508,275899
842,panva,6,0.00217,30093,10.90725,275899
843,pshields,6,0.00217,30099,10.90943,275899
844,rainerjung,6,0.00217,30105,10.91160,275899
845,raycoll,6,0.00217,30111,10.91378,275899
846,reggi,6,0.00217,30117,10.91595,275899
847,Richienb,6,0.00217,30123,10.91813,275899
848,risan,6,0.00217,30129,10.92030,275899
849,rkatka,6,0.00217,30135,10.92248,275899
850,roblarsen,6,0.00217,30141,10.92465,275899
851,rriggin,6,0.00217,30147,10.92682,275899
852,rtstewart,6,0.00217,30153,10.92900,275899
853,sambitdash,6,0.00217,30159,10.93117,275899
854,sandydoo,6,0.00217,30165,10.93335,275899
855,satsukitv,6,0.00217,30171,10.93552,275899
856,schen381,6,0.00217,30177,10.93770,275899
857,SerayaEryn,6,0.00217,30183,10.93987,275899
858,shefalisinha,6,0.00217,30189,10.94205,275899
859,shime,6,0.00217,30195,10.94422,275899
860,sjbarker,6,0.00217,30201,10.94640,275899
861,skiritsis,6,0.00217,30207,10.94857,275899
862,skreborn,6,0.00217,30213,10.95075,275899
863,snout-o,6,0.00217,30219,10.95292,275899
864,sqal,6,0.00217,30225,10.95510,275899
865,SteveMarquess,6,0.00217,30231,10.95727,275899
866,stevenyxu,6,0.00217,30237,10.95945,275899
867,Suremaker,6,0.00217,30243,10.96162,275899
868,Swardu,6,0.00217,30249,10.96379,275899
869,TanaseHagi,6,0.00217,30255,10.96597,275899
870,TehShrike,6,0.00217,30261,10.96814,275899
871,thekiba,6,0.00217,30267,10.97032,275899
872,thekondrashov,6,0.00217,30273,10.97249,275899
873,theofidry,6,0.00217,30279,10.97467,275899
874,think2011,6,0.00217,30285,10.97684,275899
875,tieppt,6,0.00217,30291,10.97902,275899
876,tjh-omc,6,0.00217,30297,10.98119,275899
877,Tobbe,6,0.00217,30303,10.98337,275899
878,tshinnic,6,0.00217,30309,10.98554,275899
879,victor-homyakov,6,0.00217,30315,10.98772,275899
880,vlazar,6,0.00217,30321,10.98989,275899
881,vsalvis,6,0.00217,30327,10.99207,275899
882,webmaxru,6,0.00217,30333,10.99424,275899
883,wolfika,6,0.00217,30339,10.99642,275899
884,wytesk133,6,0.00217,30345,10.99859,275899
885,xphong,6,0.00217,30351,11.00076,275899
886,yaakov-h,6,0.00217,30357,11.00294,275899
887,YohDeadfall,6,0.00217,30363,11.00511,275899
888,yursha,6,0.00217,30369,11.00729,275899
889,zachleat,6,0.00217,30375,11.00946,275899
890,zackhall,6,0.00217,30381,11.01164,275899
891,zapashcanon,6,0.00217,30387,11.01381,275899
892,Zizzamia,6,0.00217,30393,11.01599,275899
893,A7xSV,5,0.00181,30398,11.01780,275899
894,aaronabramov,5,0.00181,30403,11.01961,275899
895,aashishnagpal,5,0.00181,30408,11.02142,275899
896,ababkov,5,0.00181,30413,11.02324,275899
897,abitdodgy,5,0.00181,30418,11.02505,275899
898,acheevbhagat,5,0.00181,30423,11.02686,275899
899,Agrumas,5,0.00181,30428,11.02867,275899
900,ajfranzoia,5,0.00181,30433,11.03049,275899
901,alaatm,5,0.00181,30438,11.03230,275899
902,alanorth,5,0.00181,30443,11.03411,275899
903,alexandercastillo,5,0.00181,30448,11.03592,275899
904,alexzherdev,5,0.00181,30453,11.03773,275899
905,amitauras,5,0.00181,30458,11.03955,275899
906,amogilev,5,0.00181,30463,11.04136,275899
907,a-moses,5,0.00181,30468,11.04317,275899
908,anantoghosh,5,0.00181,30473,11.04498,275899
909,anatoliykmetyuk,5,0.00181,30478,11.04680,275899
910,anthonylangsworth,5,0.00181,30483,11.04861,275899
911,arechsteiner,5,0.00181,30488,11.05042,275899
912,aTable,5,0.00181,30493,11.05223,275899
913,avindra,5,0.00181,30498,11.05405,275899
914,bahamas10,5,0.00181,30503,11.05586,275899
915,bborowin,5,0.00181,30508,11.05767,275899
916,bclinkinbeard,5,0.00181,30513,11.05948,275899
917,beeman,5,0.00181,30518,11.06129,275899
918,belugabehr,5,0.00181,30523,11.06311,275899
919,benson-basis,5,0.00181,30528,11.06492,275899
920,binki,5,0.00181,30533,11.06673,275899
921,bukka,5,0.00181,30538,11.06854,275899
922,caleb,5,0.00181,30543,11.07036,275899
923,CassanD,5,0.00181,30548,11.07217,275899
924,CDAGaming,5,0.00181,30553,11.07398,275899
925,cdberry-zz,5,0.00181,30558,11.07579,275899
926,chrisguttandin,5,0.00181,30563,11.07760,275899
927,Chrisui,5,0.00181,30568,11.07942,275899
928,colinwren,5,0.00181,30573,11.08123,275899
929,CompuIves,5,0.00181,30578,11.08304,275899
930,connorwyatt,5,0.00181,30583,11.08485,275899
931,cotequeiroz,5,0.00181,30588,11.08667,275899
932,dancourse,5,0.00181,30593,11.08848,275899
933,dantman,5,0.00181,30598,11.09029,275899
934,dapperAuteur,5,0.00181,30603,11.09210,275899
935,davidlormor,5,0.00181,30608,11.09391,275899
936,dcorb,5,0.00181,30613,11.09573,275899
937,DenrizSusam,5,0.00181,30618,11.09754,275899
938,dguzzo,5,0.00181,30623,11.09935,275899
939,diegomura,5,0.00181,30628,11.10116,275899
940,dkg,5,0.00181,30633,11.10298,275899
941,dmitriz,5,0.00181,30638,11.10479,275899
942,douglasduteil,5,0.00181,30643,11.10660,275899
943,DropsOfSerenity,5,0.00181,30648,11.10841,275899
944,dschenkelman,5,0.00181,30653,11.11023,275899
945,DylanPiercey,5,0.00181,30658,11.11204,275899
946,ehasis,5,0.00181,30663,11.11385,275899
947,eps1lon,5,0.00181,30668,11.11566,275899
948,EtaiG,5,0.00181,30673,11.11747,275899
949,etsuo,5,0.00181,30678,11.11929,275899
950,fat,5,0.00181,30683,11.12110,275899
951,finnhakansson,5,0.00181,30688,11.12291,275899
952,finnigantime,5,0.00181,30693,11.12472,275899
953,fknop,5,0.00181,30698,11.12654,275899
954,foolip,5,0.00181,30703,11.12835,275899
955,froatsnook,5,0.00181,30708,11.13016,275899
956,gabeio,5,0.00181,30713,11.13197,275899
957,garthbjerk,5,0.00181,30718,11.13378,275899
958,garysye,5,0.00181,30723,11.13560,275899
959,ggam,5,0.00181,30728,11.13741,275899
960,ghoti143,5,0.00181,30733,11.13922,275899
961,gillyb,5,0.00181,30738,11.14103,275899
962,gistic-guob,5,0.00181,30743,11.14285,275899
963,gjsduarte,5,0.00181,30748,11.14466,275899
964,glitchedmob,5,0.00181,30753,11.14647,275899
965,gpolychronisAmadeus,5,0.00181,30758,11.14828,275899
966,gressus,5,0.00181,30763,11.15009,275899
967,gscoppino,5,0.00181,30768,11.15191,275899
968,Gupocca,5,0.00181,30773,11.15372,275899
969,harunurhan,5,0.00181,30778,11.15553,275899
970,hejld,5,0.00181,30783,11.15734,275899
971,hiowenluke,5,0.00181,30788,11.15916,275899
972,hkal,5,0.00181,30793,11.16097,275899
973,howtonotwin,5,0.00181,30798,11.16278,275899
974,hristo-kanchev,5,0.00181,30803,11.16459,275899
975,iangreenleaf,5,0.00181,30808,11.16641,275899
976,ioanacrant,5,0.00181,30813,11.16822,275899
977,islemaster,5,0.00181,30818,11.17003,275899
978,ivanseidel,5,0.00181,30823,11.17184,275899
979,jahtalab,5,0.00181,30828,11.17365,275899
980,jakubhonisek,5,0.00181,30833,11.17547,275899
981,jdanyow,5,0.00181,30838,11.17728,275899
982,jeffmo,5,0.00181,30843,11.17909,275899
983,jergason,5,0.00181,30848,11.18090,275899
984,jfmercer,5,0.00181,30853,11.18272,275899
985,jianlin,5,0.00181,30858,11.18453,275899
986,jimdemis,5,0.00181,30863,11.18634,275899
987,jimgong92,5,0.00181,30868,11.18815,275899
988,jlennox,5,0.00181,30873,11.18996,275899
989,jmezach,5,0.00181,30878,11.19178,275899
990,jodastephen,5,0.00181,30883,11.19359,275899
991,JoeCortopassi,5,0.00181,30888,11.19540,275899
992,JoyceBabu,5,0.00181,30893,11.19721,275899
993,jp2masa,5,0.00181,30898,11.19903,275899
994,jpekkala,5,0.00181,30903,11.20084,275899
995,jrpool,5,0.00181,30908,11.20265,275899
996,jswolf19,5,0.00181,30913,11.20446,275899
997,jthoms1,5,0.00181,30918,11.20627,275899
998,ju1ius,5,0.00181,30923,11.20809,275899
999,kamilogorek,5,0.00181,30928,11.20990,275899
1000,Karql,5,0.00181,30933,11.21171,275899
1001,keeratsingh,5,0.00181,30938,11.21352,275899
1002,KellyMarchewa,5,0.00181,30943,11.21534,275899
1003,Kirlovon,5,0.00181,30948,11.21715,275899
1004,kpdecker,5,0.00181,30953,11.21896,275899
1005,Kramb,5,0.00181,30958,11.22077,275899
1006,krambertech,5,0.00181,30963,11.22259,275899
1007,krzysztof-grzybek,5,0.00181,30968,11.22440,275899
1008,kt3k,5,0.00181,30973,11.22621,275899
1009,KwintenP,5,0.00181,30978,11.22802,275899
1010,kylewuolle,5,0.00181,30983,11.22983,275899
1011,lazarljubenovic,5,0.00181,30988,11.23165,275899
1012,lee101,5,0.00181,30993,11.23346,275899
1013,lgdean,5,0.00181,30998,11.23527,275899
1014,lharries,5,0.00181,31003,11.23708,275899
1015,LitoMore,5,0.00181,31008,11.23890,275899
1016,Lixire,5,0.00181,31013,11.24071,275899
1017,lnfnunes,5,0.00181,31018,11.24252,275899
1018,LongTengDao,5,0.00181,31023,11.24433,275899
1019,louy,5,0.00181,31028,11.24614,275899
1020,lyubomyr-shaydariv,5,0.00181,31033,11.24796,275899
1021,mancha1,5,0.00181,31038,11.24977,275899
1022,manughub,5,0.00181,31043,11.25158,275899
1023,marcuskrahl,5,0.00181,31048,11.25339,275899
1024,markstos,5,0.00181,31053,11.25521,275899
1025,mdedetrich,5,0.00181,31058,11.25702,275899
1026,metamatt,5,0.00181,31063,11.25883,275899
1027,mfairchild365,5,0.00181,31068,11.26064,275899
1028,mhoffmeyerDC,5,0.00181,31073,11.26245,275899
1029,miccarr,5,0.00181,31078,11.26427,275899
1030,michal-franc,5,0.00181,31083,11.26608,275899
1031,middagj,5,0.00181,31088,11.26789,275899
1032,misoguy,5,0.00181,31093,11.26970,275899
1033,mmarkelov,5,0.00181,31098,11.27152,275899
1034,mohsen1,5,0.00181,31103,11.27333,275899
1035,monkeywithacupcake,5,0.00181,31108,11.27514,275899
1036,montogeek,5,0.00181,31113,11.27695,275899
1037,mouse07410,5,0.00181,31118,11.27877,275899
1038,Mutmatt,5,0.00181,31123,11.28058,275899
1039,Nazanin1369,5,0.00181,31128,11.28239,275899
1040,NextTurn,5,0.00181,31133,11.28420,275899
1041,NickManley,5,0.00181,31138,11.28601,275899
1042,nizhu,5,0.00181,31143,11.28783,275899
1043,nmathewson,5,0.00181,31148,11.28964,275899
1044,OberstK,5,0.00181,31153,11.29145,275899
1045,ODAVING,5,0.00181,31158,11.29326,275899
1046,odedniv,5,0.00181,31163,11.29508,275899
1047,omariom,5,0.00181,31168,11.29689,275899
1048,ORESoftware,5,0.00181,31173,11.29870,275899
1049,ovr,5,0.00181,31178,11.30051,275899
1050,owencraig,5,0.00181,31183,11.30232,275899
1051,pahdo,5,0.00181,31188,11.30414,275899
1052,paulceli,5,0.00181,31193,11.30595,275899
1053,planetoftheweb,5,0.00181,31198,11.30776,275899
1054,pluma,5,0.00181,31203,11.30957,275899
1055,pocketmax,5,0.00181,31208,11.31139,275899
1056,potato4d,5,0.00181,31213,11.31320,275899
1057,Pouja,5,0.00181,31218,11.31501,275899
1058,prakal,5,0.00181,31223,11.31682,275899
1059,preethamvishy,5,0.00181,31228,11.31863,275899
1060,Prelc,5,0.00181,31233,11.32045,275899
1061,Progdom,5,0.00181,31238,11.32226,275899
1062,prometheansacrifice,5,0.00181,31243,11.32407,275899
1063,prose100,5,0.00181,31248,11.32588,275899
1064,Pvanhesteren,5,0.00181,31253,11.32770,275899
1065,qsona,5,0.00181,31258,11.32951,275899
1066,rahatarmanahmed,5,0.00181,31263,11.33132,275899
1067,rainabba,5,0.00181,31268,11.33313,275899
1068,randombit,5,0.00181,31273,11.33495,275899
1069,rec,5,0.00181,31278,11.33676,275899
1070,ReneFerwerda,5,0.00181,31283,11.33857,275899
1071,repinel,5,0.00181,31288,11.34038,275899
1072,Retroity,5,0.00181,31293,11.34219,275899
1073,rfoltyns,5,0.00181,31298,11.34401,275899
1074,rilut,5,0.00181,31303,11.34582,275899
1075,rkho,5,0.00181,31308,11.34763,275899
1076,rmzelle,5,0.00181,31313,11.34944,275899
1077,robert-scheck,5,0.00181,31318,11.35126,275899
1078,RobJohnston,5,0.00181,31323,11.35307,275899
1079,roderickhsiao,5,0.00181,31328,11.35488,275899
1080,rodyhaddad,5,0.00181,31333,11.35669,275899
1081,ro-savage,5,0.00181,31338,11.35850,275899
1082,rosskevin,5,0.00181,31343,11.36032,275899
1083,rschmitt,5,0.00181,31348,11.36213,275899
1084,rthor,5,0.00181,31353,11.36394,275899
1085,Rud5G,5,0.00181,31358,11.36575,275899
1086,rwaldron,5,0.00181,31363,11.36757,275899
1087,RyanCavanaugh,5,0.00181,31368,11.36938,275899
1088,samilamti,5,0.00181,31373,11.37119,275899
1089,santialbo,5,0.00181,31378,11.37300,275899
1090,sbomer,5,0.00181,31383,11.37481,275899
1091,scatcher,5,0.00181,31388,11.37663,275899
1092,scop,5,0.00181,31393,11.37844,275899
1093,seppevs,5,0.00181,31398,11.38025,275899
1094,sergej2705,5,0.00181,31403,11.38206,275899
1095,sfuhrm,5,0.00181,31408,11.38388,275899
1096,s-gbz,5,0.00181,31413,11.38569,275899
1097,Shastel,5,0.00181,31418,11.38750,275899
1098,shigeki,5,0.00181,31423,11.38931,275899
1099,sholladay,5,0.00181,31428,11.39113,275899
1100,Sibiraj-Codes,5,0.00181,31433,11.39294,275899
1101,sigmundch,5,0.00181,31438,11.39475,275899
1102,simon-p-r,5,0.00181,31443,11.39656,275899
1103,sis0k0,5,0.00181,31448,11.39837,275899
1104,s-light,5,0.00181,31453,11.40019,275899
1105,socketpair,5,0.00181,31458,11.40200,275899
1106,solomax,5,0.00181,31463,11.40381,275899
1107,steji113,5,0.00181,31468,11.40562,275899
1108,stephenmichaelf,5,0.00181,31473,11.40744,275899
1109,stewx,5,0.00181,31478,11.40925,275899
1110,STRML,5,0.00181,31483,11.41106,275899
1111,stroncium,5,0.00181,31488,11.41287,275899
1112,suryasingh,5,0.00181,31493,11.41468,275899
1113,T1st3,5,0.00181,31498,11.41650,275899
1114,takayahilton,5,0.00181,31503,11.41831,275899
1115,taufek,5,0.00181,31508,11.42012,275899
1116,thefourtheye,5,0.00181,31513,11.42193,275899
1117,TheRealHaui,5,0.00181,31518,11.42375,275899
1118,theseyi,5,0.00181,31523,11.42556,275899
1119,tikotzky,5,0.00181,31528,11.42737,275899
1120,TimurM,5,0.00181,31533,11.42918,275899
1121,tjcelaya,5,0.00181,31538,11.43099,275899
1122,tmurakam,5,0.00181,31543,11.43281,275899
1123,tniessen,5,0.00181,31548,11.43462,275899
1124,tomByrer,5,0.00181,31553,11.43643,275899
1125,TomHoss,5,0.00181,31558,11.43824,275899
1126,trevorade,5,0.00181,31563,11.44006,275899
1127,Tydude4Christ,5,0.00181,31568,11.44187,275899
1128,underfin,5,0.00181,31573,11.44368,275899
1129,Utsav2,5,0.00181,31578,11.44549,275899
1130,venkateshwar,5,0.00181,31583,11.44730,275899
1131,Vibhuti,5,0.00181,31588,11.44912,275899
1132,vinagreti,5,0.00181,31593,11.45093,275899
1133,vjkoskela,5,0.00181,31598,11.45274,275899
1134,wangsai,5,0.00181,31603,11.45455,275899
1135,watadarkstar,5,0.00181,31608,11.45637,275899
1136,wesalvaro,5,0.00181,31613,11.45818,275899
1137,WikiDiscoverer,5,0.00181,31618,11.45999,275899
1138,wolfy1339,5,0.00181,31623,11.46180,275899
1139,wuct,5,0.00181,31628,11.46362,275899
1140,xeno-by,5,0.00181,31633,11.46543,275899
1141,yizhang82,5,0.00181,31638,11.46724,275899
1142,yjaaidi,5,0.00181,31643,11.46905,275899
1143,YonatanKra,5,0.00181,31648,11.47086,275899
1144,Youssef1313,5,0.00181,31653,11.47268,275899
1145,2m,4,0.00145,31657,11.47413,275899
1146,304NotModified,4,0.00145,31661,11.47558,275899
1147,aaron-schmidt,4,0.00145,31665,11.47703,275899
1148,accordeiro,4,0.00145,31669,11.47848,275899
1149,aciccarello,4,0.00145,31673,11.47993,275899
1150,ackratos,4,0.00145,31677,11.48138,275899
1151,adamzerner,4,0.00145,31681,11.48283,275899
1152,AdriVanHoudt,4,0.00145,31685,11.48428,275899
1153,Airblader,4,0.00145,31689,11.48572,275899
1154,ajmohan,4,0.00145,31693,11.48717,275899
1155,ajoslin,4,0.00145,31697,11.48862,275899
1156,alediaferia,4,0.00145,31701,11.49007,275899
1157,alexanderkozlenko,4,0.00145,31705,11.49152,275899
1158,alex-chuev,4,0.00145,31709,11.49297,275899
1159,alexeyr,4,0.00145,31713,11.49442,275899
1160,alexmckenley,4,0.00145,31717,11.49587,275899
1161,alfeg,4,0.00145,31721,11.49732,275899
1162,altescape,4,0.00145,31725,11.49877,275899
1163,amasad,4,0.00145,31729,11.50022,275899
1164,ammills01,4,0.00145,31733,11.50167,275899
1165,ampgular,4,0.00145,31737,11.50312,275899
1166,anasqadrei,4,0.00145,31741,11.50457,275899
1167,andalm,4,0.00145,31745,11.50602,275899
1168,AndrusGerman,4,0.00145,31749,11.50747,275899
1169,andykuszyk,4,0.00145,31753,11.50892,275899
1170,andyrooger,4,0.00145,31757,11.51037,275899
1171,anmonteiro,4,0.00145,31761,11.51182,275899
1172,AntonLandor,4,0.00145,31765,11.51327,275899
1173,anyong,4,0.00145,31769,11.51472,275899
1174,aortyl,4,0.00145,31773,11.51617,275899
1175,aperala,4,0.00145,31777,11.51762,275899
1176,arkist,4,0.00145,31781,11.51907,275899
1177,aroben,4,0.00145,31785,11.52052,275899
1178,arosenberg01,4,0.00145,31789,11.52197,275899
1179,artkpv,4,0.00145,31793,11.52342,275899
1180,ArtskydJ,4,0.00145,31797,11.52487,275899
1181,ascorbic,4,0.00145,31801,11.52632,275899
1182,audionerd,4,0.00145,31805,11.52777,275899
1183,austinoneil,4,0.00145,31809,11.52922,275899
1184,AustinWise,4,0.00145,31813,11.53067,275899
1185,axe312ger,4,0.00145,31817,11.53212,275899
1186,b3vegan,4,0.00145,31821,11.53357,275899
1187,balbuf,4,0.00145,31825,11.53502,275899
1188,barney2k7,4,0.00145,31829,11.53647,275899
1189,bcran,4,0.00145,31833,11.53792,275899
1190,beatgammit,4,0.00145,31837,11.53937,275899
1191,bel3atar,4,0.00145,31841,11.54082,275899
1192,bembelimen,4,0.00145,31845,11.54227,275899
1193,benmosher,4,0.00145,31849,11.54372,275899
1194,bennetthardwick,4,0.00145,31853,11.54517,275899
1195,bfred-it,4,0.00145,31857,11.54662,275899
1196,bhovhannes,4,0.00145,31861,11.54807,275899
1197,BigGillyStyle,4,0.00145,31865,11.54952,275899
1198,bmeck,4,0.00145,31869,11.55097,275899
1199,Bobeta,4,0.00145,31873,11.55242,275899
1200,boenrobot,4,0.00145,31877,11.55387,275899
1201,booleanbetrayal,4,0.00145,31881,11.55532,275899
1202,Boshen,4,0.00145,31885,11.55677,275899
1203,bradleyprice,4,0.00145,31889,11.55822,275899
1204,brandonhorst,4,0.00145,31893,11.55966,275899
1205,brunocoelho,4,0.00145,31897,11.56111,275899
1206,bsonntag,4,0.00145,31901,11.56256,275899
1207,BTMPL,4,0.00145,31905,11.56401,275899
1208,ca136,4,0.00145,31909,11.56546,275899
1209,cakofony,4,0.00145,31913,11.56691,275899
1210,calamarico,4,0.00145,31917,11.56836,275899
1211,cameronbriar,4,0.00145,31921,11.56981,275899
1212,cameronhunter,4,0.00145,31925,11.57126,275899
1213,camilogiraldo,4,0.00145,31929,11.57271,275899
1214,camjc,4,0.00145,31933,11.57416,275899
1215,camsong,4,0.00145,31937,11.57561,275899
1216,cassand,4,0.00145,31941,11.57706,275899
1217,cbrwizard,4,0.00145,31945,11.57851,275899
1218,cburroughs,4,0.00145,31949,11.57996,275899
1219,CDDelta,4,0.00145,31953,11.58141,275899
1220,chainhelen,4,0.00145,31957,11.58286,275899
1221,Charlie-Hua,4,0.00145,31961,11.58431,275899
1222,cheapsteak,4,0.00145,31965,11.58576,275899
1223,chillypepper,4,0.00145,31969,11.58721,275899
1224,chirag64,4,0.00145,31973,11.58866,275899
1225,chrisrowe,4,0.00145,31977,11.59011,275899
1226,christophercurrie,4,0.00145,31981,11.59156,275899
1227,chrootsu,4,0.00145,31985,11.59301,275899
1228,clarkwinkelmann,4,0.00145,31989,11.59446,275899
1229,ClimbsRocks,4,0.00145,31993,11.59591,275899
1230,cloverharvest,4,0.00145,31997,11.59736,275899
1231,cmyers,4,0.00145,32001,11.59881,275899
1232,codeclown,4,0.00145,32005,11.60026,275899
1233,code-tree,4,0.00145,32009,11.60171,275899
1234,cooperka,4,0.00145,32013,11.60316,275899
1235,corsairmarks,4,0.00145,32017,11.60461,275899
1236,cpereida,4,0.00145,32021,11.60606,275899
1237,cRAN-cg,4,0.00145,32025,11.60751,275899
1238,ctaggart,4,0.00145,32029,11.60896,275899
1239,cyan33,4,0.00145,32033,11.61041,275899
1240,DamirAinullin,4,0.00145,32037,11.61186,275899
1241,danielmiller-nl,4,0.00145,32041,11.61331,275899
1242,daviskoh,4,0.00145,32045,11.61476,275899
1243,delgurth,4,0.00145,32049,11.61621,275899
1244,DenisIstomin,4,0.00145,32053,11.61766,275899
1245,dhyey35,4,0.00145,32057,11.61911,275899
1246,dimitrisli,4,0.00145,32061,11.62056,275899
1247,disjukr,4,0.00145,32065,11.62201,275899
1248,dittos,4,0.00145,32069,11.62346,275899
1249,dk14,4,0.00145,32073,11.62491,275899
1250,dkim-95112,4,0.00145,32077,11.62636,275899
1251,dkrugman,4,0.00145,32081,11.62781,275899
1252,dmatteo,4,0.00145,32085,11.62926,275899
1253,doggy8088,4,0.00145,32089,11.63071,275899
1254,donaldpipowitch,4,0.00145,32093,11.63216,275899
1255,don-vip,4,0.00145,32097,11.63361,275899
1256,dotku,4,0.00145,32101,11.63505,275899
1257,dotnetCarpenter,4,0.00145,32105,11.63650,275899
1258,Drake103,4,0.00145,32109,11.63795,275899
1259,drwetter,4,0.00145,32113,11.63940,275899
1260,dtritus,4,0.00145,32117,11.64085,275899
1261,dumb,4,0.00145,32121,11.64230,275899
1262,EddyP23,4,0.00145,32125,11.64375,275899
1263,edg2s,4,0.00145,32129,11.64520,275899
1264,edmundnoble,4,0.00145,32133,11.64665,275899
1265,edthedev,4,0.00145,32137,11.64810,275899
1266,e-hein,4,0.00145,32141,11.64955,275899
1267,eiriksm,4,0.00145,32145,11.65100,275899
1268,eirslett,4,0.00145,32149,11.65245,275899
1269,ejb,4,0.00145,32153,11.65390,275899
1270,ejmartin504,4,0.00145,32157,11.65535,275899
1271,ElanHasson,4,0.00145,32161,11.65680,275899
1272,ElephantRose,4,0.00145,32165,11.65825,275899
1273,ellamaolson,4,0.00145,32169,11.65970,275899
1274,elpintar,4,0.00145,32173,11.66115,275899
1275,elyoh,4,0.00145,32177,11.66260,275899
1276,emlun,4,0.00145,32181,11.66405,275899
1277,EmmanuelDemey,4,0.00145,32185,11.66550,275899
1278,Ephem,4,0.00145,32189,11.66695,275899
1279,erbridge,4,0.00145,32193,11.66840,275899
1280,eriawan,4,0.00145,32197,11.66985,275899
1281,ErickXavier,4,0.00145,32201,11.67130,275899
1282,ericsakmar,4,0.00145,32205,11.67275,275899
1283,EricTsangX,4,0.00145,32209,11.67420,275899
1284,erik-krogh,4,0.00145,32213,11.67565,275899
1285,erweixin,4,0.00145,32217,11.67710,275899
1286,espiler,4,0.00145,32221,11.67855,275899
1287,EsrefDurna,4,0.00145,32225,11.68000,275899
1288,EvanCarroll,4,0.00145,32229,11.68145,275899
1289,ex1st,4,0.00145,32233,11.68290,275899
1290,exiadbq,4,0.00145,32237,11.68435,275899
1291,exige81,4,0.00145,32241,11.68580,275899
1292,eXon,4,0.00145,32245,11.68725,275899
1293,ExplodingCabbage,4,0.00145,32249,11.68870,275899
1294,ezubarev,4,0.00145,32253,11.69015,275899
1295,fanatid,4,0.00145,32257,11.69160,275899
1296,fbonzon,4,0.00145,32261,11.69305,275899
1297,fealaer,4,0.00145,32265,11.69450,275899
1298,feyzo,4,0.00145,32269,11.69595,275899
1299,ffflorian,4,0.00145,32273,11.69740,275899
1300,fidian,4,0.00145,32277,11.69885,275899
1301,floatdrop,4,0.00145,32281,11.70030,275899
1302,flowersinthesand,4,0.00145,32285,11.70175,275899
1303,fscherwi,4,0.00145,32289,11.70320,275899
1304,furevor,4,0.00145,32293,11.70465,275899
1305,gabriellett,4,0.00145,32297,11.70610,275899
1306,gajus,4,0.00145,32301,11.70755,275899
1307,gberg1,4,0.00145,32305,11.70899,275899
1308,GerHobbelt,4,0.00145,32309,11.71044,275899
1309,get-trucked,4,0.00145,32313,11.71189,275899
1310,ghengeveld,4,0.00145,32317,11.71334,275899
1311,gianpaj,4,0.00145,32321,11.71479,275899
1312,gitanupam,4,0.00145,32325,11.71624,275899
1313,glenjamin,4,0.00145,32329,11.71769,275899
1314,glenr4,4,0.00145,32333,11.71914,275899
1315,gnarf,4,0.00145,32337,11.72059,275899
1316,gonengar,4,0.00145,32341,11.72204,275899
1317,gre,4,0.00145,32345,11.72349,275899
1318,gtzinos,4,0.00145,32349,11.72494,275899
1319,guillaume-brialon,4,0.00145,32353,11.72639,275899
1320,guptasourabh04,4,0.00145,32357,11.72784,275899
1321,gustavohenke,4,0.00145,32361,11.72929,275899
1322,guybedford,4,0.00145,32365,11.73074,275899
1323,GuyMograbi,4,0.00145,32369,11.73219,275899
1324,hahla,4,0.00145,32373,11.73364,275899
1325,hamzaOp,4,0.00145,32377,11.73509,275899
1326,hartzis,4,0.00145,32381,11.73654,275899
1327,hereblur,4,0.00145,32385,11.73799,275899
1328,hildjj,4,0.00145,32389,11.73944,275899
1329,HolgerJeromin,4,0.00145,32393,11.74089,275899
1330,horprogs,4,0.00145,32397,11.74234,275899
1331,horus68,4,0.00145,32401,11.74379,275899
1332,hpawe01,4,0.00145,32405,11.74524,275899
1333,huangw5,4,0.00145,32409,11.74669,275899
1334,huang-x-h,4,0.00145,32413,11.74814,275899
1335,huphtur,4,0.00145,32417,11.74959,275899
1336,Hypnosphi,4,0.00145,32421,11.75104,275899
1337,ianwalter,4,0.00145,32425,11.75249,275899
1338,IdanCo,4,0.00145,32429,11.75394,275899
1339,idearat,4,0.00145,32433,11.75539,275899
1340,ijcheung,4,0.00145,32437,11.75684,275899
1341,iliesaithamouda,4,0.00145,32441,11.75829,275899
1342,IljaDaderko,4,0.00145,32445,11.75974,275899
1343,intellix,4,0.00145,32449,11.76119,275899
1344,istro,4,0.00145,32453,11.76264,275899
1345,itsfadnis,4,0.00145,32457,11.76409,275899
1346,jackcviers,4,0.00145,32461,11.76554,275899
1347,jacklaurencegaray,4,0.00145,32465,11.76699,275899
1348,Jakobo,4,0.00145,32469,11.76844,275899
1349,jalfonso,4,0.00145,32473,11.76989,275899
1350,jamestalmage,4,0.00145,32477,11.77134,275899
1351,janmaterne,4,0.00145,32481,11.77279,275899
1352,jaredgreen,4,0.00145,32485,11.77424,275899
1353,jaredpetersen,4,0.00145,32489,11.77569,275899
1354,jasonchoimtt,4,0.00145,32493,11.77714,275899
1355,JayKan,4,0.00145,32497,11.77859,275899
1356,jayphelps,4,0.00145,32501,11.78004,275899
1357,jccarrillo,4,0.00145,32505,11.78149,275899
1358,jeffwesson,4,0.00145,32509,11.78294,275899
1359,jesstelford,4,0.00145,32513,11.78438,275899
1360,jharrilim,4,0.00145,32517,11.78583,275899
1361,jifeon,4,0.00145,32521,11.78728,275899
1362,jkjustjoshing,4,0.00145,32525,11.78873,275899
1363,Jlalond,4,0.00145,32529,11.79018,275899
1364,JLammeer,4,0.00145,32533,11.79163,275899
1365,jmrog,4,0.00145,32537,11.79308,275899
1366,JoanClaret,4,0.00145,32541,11.79453,275899
1367,jodersky,4,0.00145,32545,11.79598,275899
1368,joelbraun,4,0.00145,32549,11.79743,275899
1369,JohnAlbin,4,0.00145,32553,11.79888,275899
1370,JohnAnthony,4,0.00145,32557,11.80033,275899
1371,johnstonbl01,4,0.00145,32561,11.80178,275899
1372,johnz133,4,0.00145,32565,11.80323,275899
1373,JonAbrams,4,0.00145,32569,11.80468,275899
1374,jonhester,4,0.00145,32573,11.80613,275899
1375,jordonias,4,0.00145,32577,11.80758,275899
1376,joshcanhelp,4,0.00145,32581,11.80903,275899
1377,josmaissan,4,0.00145,32585,11.81048,275899
1378,JPeer264,4,0.00145,32589,11.81193,275899
1379,jshen212,4,0.00145,32593,11.81338,275899
1380,jtcrowson,4,0.00145,32597,11.81483,275899
1381,jtorbicki,4,0.00145,32601,11.81628,275899
1382,jurko-gospodnetic,4,0.00145,32605,11.81773,275899
1383,justingrant,4,0.00145,32609,11.81918,275899
1384,jvandemo,4,0.00145,32613,11.82063,275899
1385,karanveersp,4,0.00145,32617,11.82208,275899
1386,katryo,4,0.00145,32621,11.82353,275899
1387,kAworu,4,0.00145,32625,11.82498,275899
1388,kborchers,4,0.00145,32629,11.82643,275899
1389,keheliya,4,0.00145,32633,11.82788,275899
1390,kellyselden,4,0.00145,32637,11.82933,275899
1391,KennySchank,4,0.00145,32641,11.83078,275899
1392,keropodium,4,0.00145,32645,11.83223,275899
1393,KevinBrogan,4,0.00145,32649,11.83368,275899
1394,kevingosse,4,0.00145,32653,11.83513,275899
1395,kiritsuku,4,0.00145,32657,11.83658,275899
1396,kleinmrk,4,0.00145,32661,11.83803,275899
1397,KonstantinShemyak,4,0.00145,32665,11.83948,275899
1398,Kout,4,0.00145,32669,11.84093,275899
1399,Kovah,4,0.00145,32673,11.84238,275899
1400,koyner,4,0.00145,32677,11.84383,275899
1401,kranrao,4,0.00145,32681,11.84528,275899
1402,krinoid,4,0.00145,32685,11.84673,275899
1403,ktriek,4,0.00145,32689,11.84818,275899
1404,Laisky,4,0.00145,32693,11.84963,275899
1405,lencioni,4,0.00145,32697,11.85108,275899
1406,leppie,4,0.00145,32701,11.85253,275899
1407,lesleh,4,0.00145,32705,11.85398,275899
1408,lextiz,4,0.00145,32709,11.85543,275899
1409,lincolndbryant,4,0.00145,32713,11.85688,275899
1410,lipis,4,0.00145,32717,11.85832,275899
1411,lirantal,4,0.00145,32721,11.85977,275899
1412,livvielin,4,0.00145,32725,11.86122,275899
1413,LizaLemons,4,0.00145,32729,11.86267,275899
1414,lkts,4,0.00145,32733,11.86412,275899
1415,logeshpaul,4,0.00145,32737,11.86557,275899
1416,lpage,4,0.00145,32741,11.86702,275899
1417,luckylooke,4,0.00145,32745,11.86847,275899
1418,lugovsky,4,0.00145,32749,11.86992,275899
1419,luixaviles,4,0.00145,32753,11.87137,275899
1420,LukasDrgon,4,0.00145,32757,11.87282,275899
1421,lukaselmer,4,0.00145,32761,11.87427,275899
1422,lukasoppermann,4,0.00145,32765,11.87572,275899
1423,lundmikkel,4,0.00145,32769,11.87717,275899
1424,m0mus,4,0.00145,32773,11.87862,275899
1425,maciej-ka,4,0.00145,32777,11.88007,275899
1426,maciej-kolodziejczak,4,0.00145,32781,11.88152,275899
1427,maisano,4,0.00145,32785,11.88297,275899
1428,ManickaP,4,0.00145,32789,11.88442,275899
1429,manofstick,4,0.00145,32793,11.88587,275899
1430,MarceloAlves,4,0.00145,32797,11.88732,275899
1431,marciovicente,4,0.00145,32801,11.88877,275899
1432,marclr,4,0.00145,32805,11.89022,275899
1433,marianoc84,4,0.00145,32809,11.89167,275899
1434,MarkDacek,4,0.00145,32813,11.89312,275899
1435,martin-frydl,4,0.00145,32817,11.89457,275899
1436,marvinhagemeister,4,0.00145,32821,11.89602,275899
1437,Mathou54,4,0.00145,32825,11.89747,275899
1438,matiassingers,4,0.00145,32829,11.89892,275899
1439,mattbrundage,4,0.00145,32833,11.90037,275899
1440,mattcollier,4,0.00145,32837,11.90182,275899
1441,mauricew,4,0.00145,32841,11.90327,275899
1442,maurya777,4,0.00145,32845,11.90472,275899
1443,maxdeviant,4,0.00145,32849,11.90617,275899
1444,mazong1123,4,0.00145,32853,11.90762,275899
1445,mbeaudru,4,0.00145,32857,11.90907,275899
1446,mcasasola,4,0.00145,32861,11.91052,275899
1447,mcculley,4,0.00145,32865,11.91197,275899
1448,mcknell,4,0.00145,32869,11.91342,275899
1449,medinarkhov,4,0.00145,32873,11.91487,275899
1450,mfollett,4,0.00145,32877,11.91632,275899
1451,mfunkie,4,0.00145,32881,11.91777,275899
1452,mgiambalvo,4,0.00145,32885,11.91922,275899
1453,michaelchiche,4,0.00145,32889,11.92067,275899
1454,mikedn,4,0.00145,32893,11.92212,275899
1455,millermedeiros,4,0.00145,32897,11.92357,275899
1456,mingtaoy,4,0.00145,32901,11.92502,275899
1457,mirabilos,4,0.00145,32905,11.92647,275899
1458,miromannino,4,0.00145,32909,11.92792,275899
1459,mischkl,4,0.00145,32913,11.92937,275899
1460,mitenka,4,0.00145,32917,11.93082,275899
1461,mkroeders,4,0.00145,32921,11.93227,275899
1462,monkpit,4,0.00145,32925,11.93371,275899
1463,morenoh149,4,0.00145,32929,11.93516,275899
1464,morrissinger,4,0.00145,32933,11.93661,275899
1465,mortonfox,4,0.00145,32937,11.93806,275899
1466,mpeyper,4,0.00145,32941,11.93951,275899
1467,mrcoles,4,0.00145,32945,11.94096,275899
1468,m-sp,4,0.00145,32949,11.94241,275899
1469,mucer,4,0.00145,32953,11.94386,275899
1470,myarcane,4,0.00145,32957,11.94531,275899
1471,MylesBorins,4,0.00145,32961,11.94676,275899
1472,nahakiole,4,0.00145,32965,11.94821,275899
1473,Nargonath,4,0.00145,32969,11.94966,275899
1474,nathanhammond,4,0.00145,32973,11.95111,275899
1475,nazieb,4,0.00145,32977,11.95256,275899
1476,nbauernfeind,4,0.00145,32981,11.95401,275899
1477,netman92,4,0.00145,32985,11.95546,275899
1478,nhashmi,4,0.00145,32989,11.95691,275899
1479,nickmccurdy,4,0.00145,32993,11.95836,275899
1480,nicktobolski,4,0.00145,32997,11.95981,275899
1481,nickvdyck,4,0.00145,33001,11.96126,275899
1482,nicmitchell,4,0.00145,33005,11.96271,275899
1483,nicolevy,4,0.00145,33009,11.96416,275899
1484,Nikita240,4,0.00145,33013,11.96561,275899
1485,nisha-kaushik,4,0.00145,33017,11.96706,275899
1486,niteshthakur,4,0.00145,33021,11.96851,275899
1487,nooks,4,0.00145,33025,11.96996,275899
1488,nording,4,0.00145,33029,11.97141,275899
1489,norek,4,0.00145,33033,11.97286,275899
1490,nowells,4,0.00145,33037,11.97431,275899
1491,nsfmc,4,0.00145,33041,11.97576,275899
1492,ntwb,4,0.00145,33045,11.97721,275899
1493,ntzm,4,0.00145,33049,11.97866,275899
1494,nwoltman,4,0.00145,33053,11.98011,275899
1495,odahcam,4,0.00145,33057,11.98156,275899
1496,oemmes,4,0.00145,33061,11.98301,275899
1497,oGsLP,4,0.00145,33065,11.98446,275899
1498,oheger,4,0.00145,33069,11.98591,275899
1499,oti,4,0.00145,33073,11.98736,275899
1500,OwnageIsMagic,4,0.00145,33077,11.98881,275899
1501,pandualuvala,4,0.00145,33081,11.99026,275899
1502,pascalduez,4,0.00145,33085,11.99171,275899
1503,passcod,4,0.00145,33089,11.99316,275899
1504,patrixd,4,0.00145,33093,11.99461,275899
1505,paulfalgout,4,0.00145,33097,11.99606,275899
1506,pbr1111,4,0.00145,33101,11.99751,275899
1507,pedrottimark,4,0.00145,33105,11.99896,275899
1508,perrin4869,4,0.00145,33109,12.00041,275899
1509,petedmarsh,4,0.00145,33113,12.00186,275899
1510,peterneave,4,0.00145,33117,12.00331,275899
1511,petersalomonsen,4,0.00145,33121,12.00476,275899
1512,philBrown,4,0.00145,33125,12.00621,275899
1513,pholly,4,0.00145,33129,12.00765,275899
1514,pixelbandito,4,0.00145,33133,12.00910,275899
1515,poke,4,0.00145,33137,12.01055,275899
1516,pomber,4,0.00145,33141,12.01200,275899
1517,poxrud,4,0.00145,33145,12.01345,275899
1518,prog1dev,4,0.00145,33149,12.01490,275899
1519,qiuyuntao,4,0.00145,33153,12.01635,275899
1520,qiyigg,4,0.00145,33157,12.01780,275899
1521,Queeniebee,4,0.00145,33161,12.01925,275899
1522,QWp6t,4,0.00145,33165,12.02070,275899
1523,RaghavRamesh,4,0.00145,33169,12.02215,275899
1524,RaphStein,4,0.00145,33173,12.02360,275899
1525,redbmk,4,0.00145,33177,12.02505,275899
1526,reduckted,4,0.00145,33181,12.02650,275899
1527,remal,4,0.00145,33185,12.02795,275899
1528,rgksugan,4,0.00145,33189,12.02940,275899
1529,RhinoLu,4,0.00145,33193,12.03085,275899
1530,rictorres,4,0.00145,33197,12.03230,275899
1531,riichard,4,0.00145,33201,12.03375,275899
1532,riren,4,0.00145,33205,12.03520,275899
1533,rishabhjain,4,0.00145,33209,12.03665,275899
1534,rlindner81,4,0.00145,33213,12.03810,275899
1535,rluba,4,0.00145,33217,12.03955,275899
1536,RobinCsl,4,0.00145,33221,12.04100,275899
1537,robinj,4,0.00145,33225,12.04245,275899
1538,robtimus,4,0.00145,33229,12.04390,275899
1539,rparrapy,4,0.00145,33233,12.04535,275899
1540,rphv,4,0.00145,33237,12.04680,275899
1541,rPraml,4,0.00145,33241,12.04825,275899
1542,rrsivabalan,4,0.00145,33245,12.04970,275899
1543,rtack,4,0.00145,33249,12.05115,275899
1544,RudarDaman,4,0.00145,33253,12.05260,275899
1545,ruoho,4,0.00145,33257,12.05405,275899
1546,rwg,4,0.00145,33261,12.05550,275899
1547,ryanhart2,4,0.00145,33265,12.05695,275899
1548,sahrens,4,0.00145,33269,12.05840,275899
1549,salamanderrex,4,0.00145,33273,12.05985,275899
1550,SanderElias,4,0.00145,33277,12.06130,275899
1551,SaptakS,4,0.00145,33281,12.06275,275899
1552,sathify,4,0.00145,33285,12.06420,275899
1553,scheglov,4,0.00145,33289,12.06565,275899
1554,scloudyy,4,0.00145,33293,12.06710,275899
1555,scottaddie,4,0.00145,33297,12.06855,275899
1556,scottpetrovic,4,0.00145,33301,12.07000,275899
1557,secrettriangle,4,0.00145,33305,12.07145,275899
1558,selbekk,4,0.00145,33309,12.07290,275899
1559,semenyakNik,4,0.00145,33313,12.07435,275899
1560,serima,4,0.00145,33317,12.07580,275899
1561,sevdog,4,0.00145,33321,12.07725,275899
1562,sh0hei,4,0.00145,33325,12.07870,275899
1563,shairez,4,0.00145,33329,12.08015,275899
1564,shlomiassaf,4,0.00145,33333,12.08160,275899
1565,Shrulik,4,0.00145,33337,12.08304,275899
1566,sijanmilan,4,0.00145,33341,12.08449,275899
1567,simon04,4,0.00145,33345,12.08594,275899
1568,simoneb,4,0.00145,33349,12.08739,275899
1569,sjsyrek,4,0.00145,33353,12.08884,275899
1570,Skasi,4,0.00145,33357,12.09029,275899
1571,SlimFoster,4,0.00145,33361,12.09174,275899
1572,snehalbaghel,4,0.00145,33365,12.09319,275899
1573,souvikbasu,4,0.00145,33369,12.09464,275899
1574,sp00m,4,0.00145,33373,12.09609,275899
1575,splendido,4,0.00145,33377,12.09754,275899
1576,spoonraker,4,0.00145,33381,12.09899,275899
1577,stefanpenner,4,0.00145,33385,12.10044,275899
1578,stephaniekendall,4,0.00145,33389,12.10189,275899
1579,stoeckmann,4,0.00145,33393,12.10334,275899
1580,Strikeskids,4,0.00145,33397,12.10479,275899
1581,strogonoff,4,0.00145,33401,12.10624,275899
1582,styfle,4,0.00145,33405,12.10769,275899
1583,svershin,4,0.00145,33409,12.10914,275899
1584,SyntaxRules,4,0.00145,33413,12.11059,275899
1585,tae-jun,4,0.00145,33417,12.11204,275899
1586,tagyoureit,4,0.00145,33421,12.11349,275899
1587,taion,4,0.00145,33425,12.11494,275899
1588,tako-black,4,0.00145,33429,12.11639,275899
1589,tama3bb,4,0.00145,33433,12.11784,275899
1590,tavianator,4,0.00145,33437,12.11929,275899
1591,tekwiz,4,0.00145,33441,12.12074,275899
1592,teppeis,4,0.00145,33445,12.12219,275899
1593,thatType,4,0.00145,33449,12.12364,275899
1594,thedeco,4,0.00145,33453,12.12509,275899
1595,TheRealMaxion,4,0.00145,33457,12.12654,275899
1596,Therzok,4,0.00145,33461,12.12799,275899
1597,thinegod,4,0.00145,33465,12.12944,275899
1598,thirdcreed,4,0.00145,33469,12.13089,275899
1599,thomaslevesque,4,0.00145,33473,12.13234,275899
1600,timandy,4,0.00145,33477,12.13379,275899
1601,timvdalen,4,0.00145,33481,12.13524,275899
1602,toastynerd,4,0.00145,33485,12.13669,275899
1603,tobiasschweizer,4,0.00145,33489,12.13814,275899
1604,toebu,4,0.00145,33493,12.13959,275899
1605,tolbertam,4,0.00145,33497,12.14104,275899
1606,TomasMikula,4,0.00145,33501,12.14249,275899
1607,tomastrajan,4,0.00145,33505,12.14394,275899
1608,tom-dudley,4,0.00145,33509,12.14539,275899
1609,tomlutzenberger,4,0.00145,33513,12.14684,275899
1610,tomscholz,4,0.00145,33517,12.14829,275899
1611,tonyspb,4,0.00145,33521,12.14974,275899
1612,TornjV,4,0.00145,33525,12.15119,275899
1613,tpoulos,4,0.00145,33529,12.15264,275899
1614,trevhud,4,0.00145,33533,12.15409,275899
1615,TruePath,4,0.00145,33537,12.15554,275899
1616,ts2do,4,0.00145,33541,12.15698,275899
1617,tsriram,4,0.00145,33545,12.15843,275899
1618,tsuyoshizawa,4,0.00145,33549,12.15988,275899
1619,tupini07,4,0.00145,33553,12.16133,275899
1620,tvanro,4,0.00145,33557,12.16278,275899
1621,tycho01,4,0.00145,33561,12.16423,275899
1622,tyrasd,4,0.00145,33565,12.16568,275899
1623,UCIS,4,0.00145,33569,12.16713,275899
1624,ulitink,4,0.00145,33573,12.16858,275899
1625,verhas,4,0.00145,33577,12.17003,275899
1626,vincent4j,4,0.00145,33581,12.17148,275899
1627,VincentLanglet,4,0.00145,33585,12.17293,275899
1628,vincentriemer,4,0.00145,33589,12.17438,275899
1629,vincent-zurczak,4,0.00145,33593,12.17583,275899
1630,vipulnsward,4,0.00145,33597,12.17728,275899
1631,VishvajitP,4,0.00145,33601,12.17873,275899
1632,vovchik-manko,4,0.00145,33605,12.18018,275899
1633,vthinkxie,4,0.00145,33609,12.18163,275899
1634,walrusfruitcake,4,0.00145,33613,12.18308,275899
1635,web-dave,4,0.00145,33617,12.18453,275899
1636,wibisono,4,0.00145,33621,12.18598,275899
1637,Wildhoney,4,0.00145,33625,12.18743,275899
1638,wiseleo,4,0.00145,33629,12.18888,275899
1639,WORMSS,4,0.00145,33633,12.19033,275899
1640,WreckItRalph,4,0.00145,33637,12.19178,275899
1641,wtgtybhertgeghgtwtg,4,0.00145,33641,12.19323,275899
1642,xemdetia,4,0.00145,33645,12.19468,275899
1643,xieranmaya,4,0.00145,33649,12.19613,275899
1644,xjlim,4,0.00145,33653,12.19758,275899
1645,xjose97x,4,0.00145,33657,12.19903,275899
1646,xkxx,4,0.00145,33661,12.20048,275899
1647,xp44mm,4,0.00145,33665,12.20193,275899
1648,xt0rted,4,0.00145,33669,12.20338,275899
1649,yankee42,4,0.00145,33673,12.20483,275899
1650,younesfkihi,4,0.00145,33677,12.20628,275899
1651,YoupHulsebos,4,0.00145,33681,12.20773,275899
1652,zacharywelch,4,0.00145,33685,12.20918,275899
1653,zainengineer,4,0.00145,33689,12.21063,275899
1654,zawiasam,4,0.00145,33693,12.21208,275899
1655,zaytsev-victor,4,0.00145,33697,12.21353,275899
1656,Zearin,4,0.00145,33701,12.21498,275899
1657,Zenexer,4,0.00145,33705,12.21643,275899
1658,zky829,4,0.00145,33709,12.21788,275899
1659,zoechi,4,0.00145,33713,12.21933,275899
1660,zuzusik,4,0.00145,33717,12.22078,275899
1661,102,3,0.00109,33720,12.22186,275899
1662,4creators,3,0.00109,33723,12.22295,275899
1663,9thQuadrant,3,0.00109,33726,12.22404,275899
1664,aarongarciah,3,0.00109,33729,12.22513,275899
1665,aaronhoffman,3,0.00109,33732,12.22621,275899
1666,AbhiAgarwal192,3,0.00109,33735,12.22730,275899
1667,abhisheksoni27,3,0.00109,33738,12.22839,275899
1668,adampoit,3,0.00109,33741,12.22948,275899
1669,adamski52,3,0.00109,33744,12.23056,275899
1670,admosity,3,0.00109,33747,12.23165,275899
1671,Adol1111,3,0.00109,33750,12.23274,275899
1672,adriangodong,3,0.00109,33753,12.23382,275899
1673,AdrianVollmer,3,0.00109,33756,12.23491,275899
1674,adrienboulle,3,0.00109,33759,12.23600,275899
1675,adrogon,3,0.00109,33762,12.23709,275899
1676,aeons,3,0.00109,33765,12.23817,275899
1677,agussman,3,0.00109,33768,12.23926,275899
1678,ahmadawais,3,0.00109,33771,12.24035,275899
1679,ahoefling,3,0.00109,33774,12.24144,275899
1680,aik-jahoda,3,0.00109,33777,12.24252,275899
1681,ajaygm,3,0.00109,33780,12.24361,275899
1682,ajcrites,3,0.00109,33783,12.24470,275899
1683,ajuliano,3,0.00109,33786,12.24579,275899
1684,AlanBreck,3,0.00109,33789,12.24687,275899
1685,alberto,3,0.00109,33792,12.24796,275899
1686,albertogarza,3,0.00109,33795,12.24905,275899
1687,albertosantini,3,0.00109,33798,12.25014,275899
1688,aldermoovel,3,0.00109,33801,12.25122,275899
1689,alesma,3,0.00109,33804,12.25231,275899
1690,alewiahmed,3,0.00109,33807,12.25340,275899
1691,alexcastillo,3,0.00109,33810,12.25448,275899
1692,AlexejLiebenthal,3,0.00109,33813,12.25557,275899
1693,Alexx999,3,0.00109,33816,12.25666,275899
1694,AlgorithmsAreCool,3,0.00109,33819,12.25775,275899
1695,Alhadis,3,0.00109,33822,12.25883,275899
1696,alimemonzx,3,0.00109,33825,12.25992,275899
1697,alobban,3,0.00109,33828,12.26101,275899
1698,alvarocjunq,3,0.00109,33831,12.26210,275899
1699,amanvir,3,0.00109,33834,12.26318,275899
1700,ameya-pandilwar,3,0.00109,33837,12.26427,275899
1701,amitdglobant,3,0.00109,33840,12.26536,275899
1702,amitport,3,0.00109,33843,12.26645,275899
1703,andresgottlieb,3,0.00109,33846,12.26753,275899
1704,AndreyAkinshin,3,0.00109,33849,12.26862,275899
1705,andreyjkee,3,0.00109,33852,12.26971,275899
1706,anhulife,3,0.00109,33855,12.27079,275899
1707,anmary,3,0.00109,33858,12.27188,275899
1708,annefernandez3,3,0.00109,33861,12.27297,275899
1709,annevk,3,0.00109,33864,12.27406,275899
1710,AnnieYousar,3,0.00109,33867,12.27514,275899
1711,antialias,3,0.00109,33870,12.27623,275899
1712,antsmartian,3,0.00109,33873,12.27732,275899
1713,anushreesubramani,3,0.00109,33876,12.27841,275899
1714,apocalyp0sys,3,0.00109,33879,12.27949,275899
1715,apushak,3,0.00109,33882,12.28058,275899
1716,aquavitae,3,0.00109,33885,12.28167,275899
1717,ara4n,3,0.00109,33888,12.28276,275899
1718,ardentia,3,0.00109,33891,12.28384,275899
1719,aretecode,3,0.00109,33894,12.28493,275899
1720,arnehoek,3,0.00109,33897,12.28602,275899
1721,artem-galas,3,0.00109,33900,12.28711,275899
1722,arthurpf,3,0.00109,33903,12.28819,275899
1723,arunkarthicksr,3,0.00109,33906,12.28928,275899
1724,asafdav2,3,0.00109,33909,12.29037,275899
1725,aschlapsi,3,0.00109,33912,12.29145,275899
1726,AScriver,3,0.00109,33915,12.29254,275899
1727,ashfahan,3,0.00109,33918,12.29363,275899
1728,AshKyd,3,0.00109,33921,12.29472,275899
1729,askpt,3,0.00109,33924,12.29580,275899
1730,atenhar,3,0.00109,33927,12.29689,275899
1731,Atuuh,3,0.00109,33930,12.29798,275899
1732,AurelioDeRosa,3,0.00109,33933,12.29907,275899
1733,azhmur,3,0.00109,33936,12.30015,275899
1734,bamblack,3,0.00109,33939,12.30124,275899
1735,barryceelen,3,0.00109,33942,12.30233,275899
1736,bartw,3,0.00109,33945,12.30342,275899
1737,basarat,3,0.00109,33948,12.30450,275899
1738,bcarson,3,0.00109,33951,12.30559,275899
1739,bcomnes,3,0.00109,33954,12.30668,275899
1740,bdhess,3,0.00109,33957,12.30776,275899
1741,bear101,3,0.00109,33960,12.30885,275899
1742,bedag-moo,3,0.00109,33963,12.30994,275899
1743,beegotsy,3,0.00109,33966,12.31103,275899
1744,ben4ever,3,0.00109,33969,12.31211,275899
1745,benbot1,3,0.00109,33972,12.31320,275899
1746,benjamn,3,0.00109,33975,12.31429,275899
1747,bergus,3,0.00109,33978,12.31538,275899
1748,bernardogfilho,3,0.00109,33981,12.31646,275899
1749,BernhardRode,3,0.00109,33984,12.31755,275899
1750,bgirard,3,0.00109,33987,12.31864,275899
1751,bhanuprasad14,3,0.00109,33990,12.31973,275899
1752,Bil0,3,0.00109,33993,12.32081,275899
1753,BioPhoton,3,0.00109,33996,12.32190,275899
1754,bisguzar,3,0.00109,33999,12.32299,275899
1755,bisubus,3,0.00109,34002,12.32408,275899
1756,bjwyse,3,0.00109,34005,12.32516,275899
1757,blackwright,3,0.00109,34008,12.32625,275899
1758,blahDL,3,0.00109,34011,12.32734,275899
1759,Blakenator,3,0.00109,34014,12.32842,275899
1760,BlockLabTV,3,0.00109,34017,12.32951,275899
1761,blowsie,3,0.00109,34020,12.33060,275899
1762,bluelovers,3,0.00109,34023,12.33169,275899
1763,bovandersteene,3,0.00109,34026,12.33277,275899
1764,bperel,3,0.00109,34029,12.33386,275899
1765,BraulioVM,3,0.00109,34032,12.33495,275899
1766,brejcham,3,0.00109,34035,12.33604,275899
1767,briancherin,3,0.00109,34038,12.33712,275899
1768,brianpchsu,3,0.00109,34041,12.33821,275899
1769,brikou,3,0.00109,34044,12.33930,275899
1770,brillout,3,0.00109,34047,12.34039,275899
1771,BrockBeaudry,3,0.00109,34050,12.34147,275899
1772,browner12,3,0.00109,34053,12.34256,275899
1773,bryanbraun,3,0.00109,34056,12.34365,275899
1774,brycehanscomb,3,0.00109,34059,12.34473,275899
1775,bsdfzzzy,3,0.00109,34062,12.34582,275899
1776,btrigueiro,3,0.00109,34065,12.34691,275899
1777,cacamille3,3,0.00109,34068,12.34800,275899
1778,calebcauthon,3,0.00109,34071,12.34908,275899
1779,calendee,3,0.00109,34074,12.35017,275899
1780,callumlocke,3,0.00109,34077,12.35126,275899
1781,camilleroux,3,0.00109,34080,12.35235,275899
1782,camsteffen,3,0.00109,34083,12.35343,275899
1783,CarlMungazi,3,0.00109,34086,12.35452,275899
1784,carsonyl,3,0.00109,34089,12.35561,275899
1785,caseyscarborough,3,0.00109,34092,12.35670,275899
1786,catalint,3,0.00109,34095,12.35778,275899
1787,cbrandolino,3,0.00109,34098,12.35887,275899
1788,cchungmin,3,0.00109,34101,12.35996,275899
1789,cchyung,3,0.00109,34104,12.36105,275899
1790,cdschroeder,3,0.00109,34107,12.36213,275899
1791,centromere,3,0.00109,34110,12.36322,275899
1792,cgav,3,0.00109,34113,12.36431,275899
1793,chauey,3,0.00109,34116,12.36539,275899
1794,ChrisAntaki,3,0.00109,34119,12.36648,275899
1795,ChristianGrete,3,0.00109,34122,12.36757,275899
1796,cht8687,3,0.00109,34125,12.36866,275899
1797,ciderale,3,0.00109,34128,12.36974,275899
1798,cirosantilli,3,0.00109,34131,12.37083,275899
1799,clarkdo,3,0.00109,34134,12.37192,275899
1800,clarkis117,3,0.00109,34137,12.37301,275899
1801,clearyusc,3,0.00109,34140,12.37409,275899
1802,cloudy1,3,0.00109,34143,12.37518,275899
1803,Cludch,3,0.00109,34146,12.37627,275899
1804,cmckni3,3,0.00109,34149,12.37736,275899
1805,cmfcmf,3,0.00109,34152,12.37844,275899
1806,cmsdkfz,3,0.00109,34155,12.37953,275899
1807,codediodeio,3,0.00109,34158,12.38062,275899
1808,colinmorelli,3,0.00109,34161,12.38170,275899
1809,colltoaction,3,0.00109,34164,12.38279,275899
1810,comerc,3,0.00109,34167,12.38388,275899
1811,ConnorAtherton,3,0.00109,34170,12.38497,275899
1812,contextshuffling,3,0.00109,34173,12.38605,275899
1813,cooljeffro,3,0.00109,34176,12.38714,275899
1814,coryjb,3,0.00109,34179,12.38823,275899
1815,crazyatlantaguy,3,0.00109,34182,12.38932,275899
1816,CrazyPython,3,0.00109,34185,12.39040,275899
1817,ctxhou,3,0.00109,34188,12.39149,275899
1818,cvibhagool,3,0.00109,34191,12.39258,275899
1819,cyraid,3,0.00109,34194,12.39367,275899
1820,cyrilf,3,0.00109,34197,12.39475,275899
1821,D3T0N8R,3,0.00109,34200,12.39584,275899
1822,daliclass,3,0.00109,34203,12.39693,275899
1823,dalinaum,3,0.00109,34206,12.39802,275899
1824,danday74,3,0.00109,34209,12.39910,275899
1825,dandv,3,0.00109,34212,12.40019,275899
1826,danielhusar,3,0.00109,34215,12.40128,275899
1827,DanielKucal,3,0.00109,34218,12.40236,275899
1828,DanielSeehausen,3,0.00109,34221,12.40345,275899
1829,danjm,3,0.00109,34224,12.40454,275899
1830,dannyfallon,3,0.00109,34227,12.40563,275899
1831,danrot,3,0.00109,34230,12.40671,275899
1832,dargoan,3,0.00109,34233,12.40780,275899
1833,daveisfera,3,0.00109,34236,12.40889,275899
1834,dave-r12,3,0.00109,34239,12.40998,275899
1835,davidaurelio,3,0.00109,34242,12.41106,275899
1836,DavidDeSloovere,3,0.00109,34245,12.41215,275899
1837,davidfischer,3,0.00109,34248,12.41324,275899
1838,davidlsharp1,3,0.00109,34251,12.41433,275899
1839,davidsoncasey,3,0.00109,34254,12.41541,275899
1840,daydr3am,3,0.00109,34257,12.41650,275899
1841,Deadpowerful,3,0.00109,34260,12.41759,275899
1842,deanbrophy,3,0.00109,34263,12.41867,275899
1843,deeg,3,0.00109,34266,12.41976,275899
1844,deemru,3,0.00109,34269,12.42085,275899
1845,defreez,3,0.00109,34272,12.42194,275899
1846,deilv,3,0.00109,34275,12.42302,275899
1847,Deklin,3,0.00109,34278,12.42411,275899
1848,Deltatiger,3,0.00109,34281,12.42520,275899
1849,dengert,3,0.00109,34284,12.42629,275899
1850,denis-sokolov,3,0.00109,34287,12.42737,275899
1851,deniztetik,3,0.00109,34290,12.42846,275899
1852,denjamal,3,0.00109,34293,12.42955,275899
1853,dennisameling,3,0.00109,34296,12.43064,275899
1854,dennispbrown,3,0.00109,34299,12.43172,275899
1855,denyo,3,0.00109,34302,12.43281,275899
1856,deodeveloper,3,0.00109,34305,12.43390,275899
1857,deplay,3,0.00109,34308,12.43499,275899
1858,designorant,3,0.00109,34311,12.43607,275899
1859,devedse,3,0.00109,34314,12.43716,275899
1860,Devinsuit,3,0.00109,34317,12.43825,275899
1861,dgp1130,3,0.00109,34320,12.43933,275899
1862,dianjuar,3,0.00109,34323,12.44042,275899
1863,DiegoRBaquero,3,0.00109,34326,12.44151,275899
1864,diestrin,3,0.00109,34329,12.44260,275899
1865,divercraig,3,0.00109,34332,12.44368,275899
1866,dizel3d,3,0.00109,34335,12.44477,275899
1867,djchie,3,0.00109,34338,12.44586,275899
1868,dlongley,3,0.00109,34341,12.44695,275899
1869,dloukadakis,3,0.00109,34344,12.44803,275899
1870,dmitrykos,3,0.00109,34347,12.44912,275899
1871,dmorosinotto,3,0.00109,34350,12.45021,275899
1872,dnickless,3,0.00109,34353,12.45130,275899
1873,domq,3,0.00109,34356,12.45238,275899
1874,dookpham,3,0.00109,34359,12.45347,275899
1875,doom777,3,0.00109,34362,12.45456,275899
1876,dornsebastian,3,0.00109,34365,12.45565,275899
1877,doughd,3,0.00109,34368,12.45673,275899
1878,dpsthree,3,0.00109,34371,12.45782,275899
1879,drademacher,3,0.00109,34374,12.45891,275899
1880,drcrallen,3,0.00109,34377,12.45999,275899
1881,dreambo8563,3,0.00109,34380,12.46108,275899
1882,Drumarcco,3,0.00109,34383,12.46217,275899
1883,drumonii,3,0.00109,34386,12.46326,275899
1884,dsychin,3,0.00109,34389,12.46434,275899
1885,dtarasiuk,3,0.00109,34392,12.46543,275899
1886,dudemelo,3,0.00109,34395,12.46652,275899
1887,DustinCampbell,3,0.00109,34398,12.46761,275899
1888,DustinMEastway,3,0.00109,34401,12.46869,275899
1889,dwaxweiler,3,0.00109,34404,12.46978,275899
1890,dwilson6,3,0.00109,34407,12.47087,275899
1891,dylanjohnson,3,0.00109,34410,12.47196,275899
1892,dzuremar,3,0.00109,34413,12.47304,275899
1893,eapnw,3,0.00109,34416,12.47413,275899
1894,edgar-pek,3,0.00109,34419,12.47522,275899
1895,Edouardbozon,3,0.00109,34422,12.47630,275899
1896,edvinerikson,3,0.00109,34425,12.47739,275899
1897,efux,3,0.00109,34428,12.47848,275899
1898,eggers,3,0.00109,34431,12.47957,275899
1899,ehellman,3,0.00109,34434,12.48065,275899
1900,ehershey,3,0.00109,34437,12.48174,275899
1901,ektrah,3,0.00109,34440,12.48283,275899
1902,EladBezalel,3,0.00109,34443,12.48392,275899
1903,elena-sam,3,0.00109,34446,12.48500,275899
1904,Elijen,3,0.00109,34449,12.48609,275899
1905,eliraneliassy,3,0.00109,34452,12.48718,275899
1906,ElJerry,3,0.00109,34455,12.48827,275899
1907,emccorson,3,0.00109,34458,12.48935,275899
1908,endiliey,3,0.00109,34461,12.49044,275899
1909,enekonieto,3,0.00109,34464,12.49153,275899
1910,Enlcxx,3,0.00109,34467,12.49262,275899
1911,eoin,3,0.00109,34470,12.49370,275899
1912,ericksoen,3,0.00109,34473,12.49479,275899
1913,ericpitcher,3,0.00109,34476,12.49588,275899
1914,eric-s-raymond,3,0.00109,34479,12.49696,275899
1915,EricWVGG,3,0.00109,34482,12.49805,275899
1916,Erik-Codeblind,3,0.00109,34485,12.49914,275899
1917,ernest-galbrun,3,0.00109,34488,12.50023,275899
1918,ethanve,3,0.00109,34491,12.50131,275899
1919,evermax,3,0.00109,34494,12.50240,275899
1920,evolkmann,3,0.00109,34497,12.50349,275899
1921,existentialism,3,0.00109,34500,12.50458,275899
1922,ezeikel,3,0.00109,34503,12.50566,275899
1923,FabianGosebrink,3,0.00109,34506,12.50675,275899
1924,farzonl,3,0.00109,34509,12.50784,275899
1925,FaustmannChr,3,0.00109,34512,12.50893,275899
1926,fdegiuli,3,0.00109,34515,12.51001,275899
1927,fduperier,3,0.00109,34518,12.51110,275899
1928,ferhatb,3,0.00109,34521,12.51219,275899
1929,ferhate,3,0.00109,34524,12.51327,275899
1930,FGasper,3,0.00109,34527,12.51436,275899
1931,fhelwanger,3,0.00109,34530,12.51545,275899
1932,filiphosko,3,0.00109,34533,12.51654,275899
1933,FinnStutzenstein,3,0.00109,34536,12.51762,275899
1934,fisenkodv,3,0.00109,34539,12.51871,275899
1935,Florian-R,3,0.00109,34542,12.51980,275899
1936,ForJing,3,0.00109,34545,12.52089,275899
1937,forresst,3,0.00109,34548,12.52197,275899
1938,Fost,3,0.00109,34551,12.52306,275899
1939,foxx,3,0.00109,34554,12.52415,275899
1940,francoischalifour,3,0.00109,34557,12.52524,275899
1941,frankstepanski,3,0.00109,34560,12.52632,275899
1942,frank-yoon,3,0.00109,34563,12.52741,275899
1943,fraserhaer,3,0.00109,34566,12.52850,275899
1944,freezy-sk,3,0.00109,34569,12.52959,275899
1945,fthomas,3,0.00109,34572,12.53067,275899
1946,fyquah95,3,0.00109,34575,12.53176,275899
1947,gabejohnson,3,0.00109,34578,12.53285,275899
1948,gaborszekely,3,0.00109,34581,12.53393,275899
1949,Gaff,3,0.00109,34584,12.53502,275899
1950,Galad,3,0.00109,34587,12.53611,275899
1951,galtalmor,3,0.00109,34590,12.53720,275899
1952,Garbett1,3,0.00109,34593,12.53828,275899
1953,gautamkrishnar,3,0.00109,34596,12.53937,275899
1954,GavinSong123,3,0.00109,34599,12.54046,275899
1955,gavlyukovskiy,3,0.00109,34602,12.54155,275899
1956,gbamparop,3,0.00109,34605,12.54263,275899
1957,gbezyuk,3,0.00109,34608,12.54372,275899
1958,geromegrignon,3,0.00109,34611,12.54481,275899
1959,ggamel,3,0.00109,34614,12.54590,275899
1960,ggeurts,3,0.00109,34617,12.54698,275899
1961,gillchristian,3,0.00109,34620,12.54807,275899
1962,gjdev,3,0.00109,34623,12.54916,275899
1963,gkoberger,3,0.00109,34626,12.55024,275899
1964,goatslacker,3,0.00109,34629,12.55133,275899
1965,Gobie,3,0.00109,34632,12.55242,275899
1966,GordyD,3,0.00109,34635,12.55351,275899
1967,govindrai,3,0.00109,34638,12.55459,275899
1968,Gozala,3,0.00109,34641,12.55568,275899
1969,Gpx,3,0.00109,34644,12.55677,275899
1970,G-Rath,3,0.00109,34647,12.55786,275899
1971,greenify,3,0.00109,34650,12.55894,275899
1972,gregpabian,3,0.00109,34653,12.56003,275899
1973,greysteil,3,0.00109,34656,12.56112,275899
1974,grimmi,3,0.00109,34659,12.56221,275899
1975,gruberjonathan,3,0.00109,34662,12.56329,275899
1976,grumblerchester,3,0.00109,34665,12.56438,275899
1977,guillaumegarcia13,3,0.00109,34668,12.56547,275899
1978,gunn,3,0.00109,34671,12.56656,275899
1979,Gwerlas,3,0.00109,34674,12.56764,275899
1980,gzurbach,3,0.00109,34677,12.56873,275899
1981,Hacklone,3,0.00109,34680,12.56982,275899
1982,HamzaDevz,3,0.00109,34683,12.57090,275899
1983,han41858,3,0.00109,34686,12.57199,275899
1984,hankhero,3,0.00109,34689,12.57308,275899
1985,haoRchen,3,0.00109,34692,12.57417,275899
1986,happycollision,3,0.00109,34695,12.57525,275899
1987,haraldreingruber,3,0.00109,34698,12.57634,275899
1988,hariharanjv,3,0.00109,34701,12.57743,275899
1989,harriha,3,0.00109,34704,12.57852,275899
1990,harrison,3,0.00109,34707,12.57960,275899
1991,hateonion,3,0.00109,34710,12.58069,275899
1992,haydeeR,3,0.00109,34713,12.58178,275899
1993,headquarters,3,0.00109,34716,12.58287,275899
1994,Hearen,3,0.00109,34719,12.58395,275899
1995,hebbet,3,0.00109,34722,12.58504,275899
1996,HeberLZ,3,0.00109,34725,12.58613,275899
1997,hellendag,3,0.00109,34728,12.58721,275899
1998,HellooooNewman,3,0.00109,34731,12.58830,275899
1999,henderea,3,0.00109,34734,12.58939,275899
2000,henryqdineen,3,0.00109,34737,12.59048,275899
2001,HeroProtagonist,3,0.00109,34740,12.59156,275899
2002,heXelium,3,0.00109,34743,12.59265,275899
2003,him2him2,3,0.00109,34746,12.59374,275899
2004,hnordt,3,0.00109,34749,12.59483,275899
2005,hsingh23,3,0.00109,34752,12.59591,275899
2006,htulipe,3,0.00109,34755,12.59700,275899
2007,huangqinjin,3,0.00109,34758,12.59809,275899
2008,HubCodes,3,0.00109,34761,12.59918,275899
2009,Hugoer,3,0.00109,34764,12.60026,275899
2010,humphd,3,0.00109,34767,12.60135,275899
2011,hvesalai,3,0.00109,34770,12.60244,275899
2012,i3anaan,3,0.00109,34773,12.60353,275899
2013,iamdoron,3,0.00109,34776,12.60461,275899
2014,iamolivinius,3,0.00109,34779,12.60570,275899
2015,ibash,3,0.00109,34782,12.60679,275899
2016,ichensky,3,0.00109,34785,12.60787,275899
2017,idhindsight,3,0.00109,34788,12.60896,275899
2018,idzark,3,0.00109,34791,12.61005,275899
2019,imcotton,3,0.00109,34794,12.61114,275899
2020,imsky,3,0.00109,34797,12.61222,275899
2021,in-in,3,0.00109,34800,12.61331,275899
2022,inuscript,3,0.00109,34803,12.61440,275899
2023,ionspin,3,0.00109,34806,12.61549,275899
2024,istiti,3,0.00109,34809,12.61657,275899
2025,isunkes,3,0.00109,34812,12.61766,275899
2026,ite-klass,3,0.00109,34815,12.61875,275899
2027,ivosh,3,0.00109,34818,12.61984,275899
2028,iwhp,3,0.00109,34821,12.62092,275899
2029,ixkaito,3,0.00109,34824,12.62201,275899
2030,izeye,3,0.00109,34827,12.62310,275899
2031,J2TEAM,3,0.00109,34830,12.62418,275899
2032,jackfranklin,3,0.00109,34833,12.62527,275899
2033,JacoKoster,3,0.00109,34836,12.62636,275899
2034,jaideepghosh,3,0.00109,34839,12.62745,275899
2035,jakeboone02,3,0.00109,34842,12.62853,275899
2036,jakpaw,3,0.00109,34845,12.62962,275899
2037,jam40jeff,3,0.00109,34848,12.63071,275899
2038,jamercee,3,0.00109,34851,12.63180,275899
2039,jamierytlewski,3,0.00109,34854,12.63288,275899
2040,jamshedd,3,0.00109,34857,12.63397,275899
2041,JanBessai,3,0.00109,34860,12.63506,275899
2042,janclarin,3,0.00109,34863,12.63615,275899
2043,janhesters,3,0.00109,34866,12.63723,275899
2044,jankdc,3,0.00109,34869,12.63832,275899
2045,janpio,3,0.00109,34872,12.63941,275899
2046,janriemer,3,0.00109,34875,12.64050,275899
2047,JanStevens,3,0.00109,34878,12.64158,275899
2048,jaredpalmer,3,0.00109,34881,12.64267,275899
2049,jasnell,3,0.00109,34884,12.64376,275899
2050,jasonkarns,3,0.00109,34887,12.64484,275899
2051,jasonsturges,3,0.00109,34890,12.64593,275899
2052,jaspermdegroot,3,0.00109,34893,12.64702,275899
2053,jasperSpeicher,3,0.00109,34896,12.64811,275899
2054,Jasu,3,0.00109,34899,12.64919,275899
2055,javadev,3,0.00109,34902,12.65028,275899
2056,jayenashar,3,0.00109,34905,12.65137,275899
2057,JBallin,3,0.00109,34908,12.65246,275899
2058,JBtje,3,0.00109,34911,12.65354,275899
2059,jcolvin79,3,0.00109,34914,12.65463,275899
2060,jdelbello,3,0.00109,34917,12.65572,275899
2061,jDeppen,3,0.00109,34920,12.65681,275899
2062,jefersonduwe,3,0.00109,34923,12.65789,275899
2063,jeffora,3,0.00109,34926,12.65898,275899
2064,JeffreyZhao,3,0.00109,34929,12.66007,275899
2065,jeradrutnam,3,0.00109,34932,12.66115,275899
2066,jerryorta-dev,3,0.00109,34935,12.66224,275899
2067,jesperkc,3,0.00109,34938,12.66333,275899
2068,Jessidhia,3,0.00109,34941,12.66442,275899
2069,jetpack,3,0.00109,34944,12.66550,275899
2070,jfarid27,3,0.00109,34947,12.66659,275899
2071,jfisher446,3,0.00109,34950,12.66768,275899
2072,jfoshee,3,0.00109,34953,12.66877,275899
2073,jgrune,3,0.00109,34956,12.66985,275899
2074,jguady,3,0.00109,34959,12.67094,275899
2075,jhenderson2099,3,0.00109,34962,12.67203,275899
2076,jhermsmeier,3,0.00109,34965,12.67312,275899
2077,Jianru-Lin,3,0.00109,34968,12.67420,275899
2078,JinbeomHong,3,0.00109,34971,12.67529,275899
2079,Jin-H,3,0.00109,34974,12.67638,275899
2080,jinmmd,3,0.00109,34977,12.67747,275899
2081,jkasun,3,0.00109,34980,12.67855,275899
2082,jkuri,3,0.00109,34983,12.67964,275899
2083,jlongster,3,0.00109,34986,12.68073,275899
2084,JobLeonard,3,0.00109,34989,12.68181,275899
2085,joeeames,3,0.00109,34992,12.68290,275899
2086,joeledwards,3,0.00109,34995,12.68399,275899
2087,johanchouquet,3,0.00109,34998,12.68508,275899
2088,JohanO,3,0.00109,35001,12.68616,275899
2089,JohnChen0,3,0.00109,35004,12.68725,275899
2090,johnlindquist,3,0.00109,35007,12.68834,275899
2091,johnnyreilly,3,0.00109,35010,12.68943,275899
2092,johnsenpeder,3,0.00109,35013,12.69051,275899
2093,johnsonlin,3,0.00109,35016,12.69160,275899
2094,jokeyrhyme,3,0.00109,35019,12.69269,275899
2095,jonathanGB,3,0.00109,35022,12.69378,275899
2096,jonbretman,3,0.00109,35025,12.69486,275899
2097,JoniJnm,3,0.00109,35028,12.69595,275899
2098,JonWallsten,3,0.00109,35031,12.69704,275899
2099,josenicomaia,3,0.00109,35034,12.69813,275899
2100,JosephPecoraro,3,0.00109,35037,12.69921,275899
2101,Josh68,3,0.00109,35040,12.70030,275899
2102,joshbrooks,3,0.00109,35043,12.70139,275899
2103,joshuahiggins,3,0.00109,35046,12.70247,275899
2104,jotatoledo,3,0.00109,35049,12.70356,275899
2105,jpvanhal,3,0.00109,35052,12.70465,275899
2106,jrudolph,3,0.00109,35055,12.70574,275899
2107,jschwarty,3,0.00109,35058,12.70682,275899
2108,jscissr,3,0.00109,35061,12.70791,275899
2109,jsina,3,0.00109,35064,12.70900,275899
2110,JSteunou,3,0.00109,35067,12.71009,275899
2111,jtheoof,3,0.00109,35070,12.71117,275899
2112,jub3i,3,0.00109,35073,12.71226,275899
2113,juboba,3,0.00109,35076,12.71335,275899
2114,julianocomg,3,0.00109,35079,12.71444,275899
2115,junglebarry,3,0.00109,35082,12.71552,275899
2116,jure,3,0.00109,35085,12.71661,275899
2117,jwalton,3,0.00109,35088,12.71770,275899
2118,kaicataldo,3,0.00109,35091,12.71878,275899
2119,kaito0228,3,0.00109,35094,12.71987,275899
2120,kamilmysliwiec,3,0.00109,35097,12.72096,275899
2121,karptonite,3,0.00109,35100,12.72205,275899
2122,karthikchintapalli,3,0.00109,35103,12.72313,275899
2123,kasabuta4,3,0.00109,35106,12.72422,275899
2124,kashifshamaz21,3,0.00109,35109,12.72531,275899
2125,KayLeung,3,0.00109,35112,12.72640,275899
2126,kb3eua,3,0.00109,35115,12.72748,275899
2127,kechol,3,0.00109,35118,12.72857,275899
2128,keilla,3,0.00109,35121,12.72966,275899
2129,kentwalters,3,0.00109,35124,12.73075,275899
2130,kevhuang,3,0.00109,35127,12.73183,275899
2131,kevinashworth,3,0.00109,35130,12.73292,275899
2132,kevinmerckx,3,0.00109,35133,12.73401,275899
2133,kevinold,3,0.00109,35136,12.73510,275899
2134,kevinruscoe,3,0.00109,35139,12.73618,275899
2135,KevinVillela,3,0.00109,35142,12.73727,275899
2136,kevinzwhuang,3,0.00109,35145,12.73836,275899
2137,KimBurgess,3,0.00109,35148,12.73944,275899
2138,kingisaac95,3,0.00109,35151,12.74053,275899
2139,kirill-usov,3,0.00109,35154,12.74162,275899
2140,kirjai,3,0.00109,35157,12.74271,275899
2141,klieber,3,0.00109,35160,12.74379,275899
2142,klotzt-draeger,3,0.00109,35163,12.74488,275899
2143,kmarinushkin,3,0.00109,35166,12.74597,275899
2144,kmizu,3,0.00109,35169,12.74706,275899
2145,knowbody,3,0.00109,35172,12.74814,275899
2146,knpwrs,3,0.00109,35175,12.74923,275899
2147,koppor,3,0.00109,35178,12.75032,275899
2148,korthjp17,3,0.00109,35181,12.75141,275899
2149,krantzinator,3,0.00109,35184,12.75249,275899
2150,kristskrilovs,3,0.00109,35187,12.75358,275899
2151,kroeder,3,0.00109,35190,12.75467,275899
2152,krom-xr,3,0.00109,35193,12.75575,275899
2153,kulakowka,3,0.00109,35196,12.75684,275899
2154,kunagpal,3,0.00109,35199,12.75793,275899
2155,kuncevic,3,0.00109,35202,12.75902,275899
2156,kurthong,3,0.00109,35205,12.76010,275899
2157,kurtschelfthout,3,0.00109,35208,12.76119,275899
2158,kvisscher,3,0.00109,35211,12.76228,275899
2159,kweiberth,3,0.00109,35214,12.76337,275899
2160,Laoujin,3,0.00109,35217,12.76445,275899
2161,larssn,3,0.00109,35220,12.76554,275899
2162,leo6104,3,0.00109,35223,12.76663,275899
2163,levibuzolic,3,0.00109,35226,12.76772,275899
2164,lexjacobs,3,0.00109,35229,12.76880,275899
2165,linalu1,3,0.00109,35232,12.76989,275899
2166,linasm,3,0.00109,35235,12.77098,275899
2167,lindsaymacvean,3,0.00109,35238,12.77207,275899
2168,linquize,3,0.00109,35241,12.77315,275899
2169,Linskeyd,3,0.00109,35244,12.77424,275899
2170,liroyleshed,3,0.00109,35247,12.77533,275899
2171,lloydbenson,3,0.00109,35250,12.77641,275899
2172,loiane,3,0.00109,35253,12.77750,275899
2173,longhaiyan,3,0.00109,35256,12.77859,275899
2174,longlho,3,0.00109,35259,12.77968,275899
2175,lookfirst,3,0.00109,35262,12.78076,275899
2176,lordg,3,0.00109,35265,12.78185,275899
2177,lordrip,3,0.00109,35268,12.78294,275899
2178,louistio,3,0.00109,35271,12.78403,275899
2179,lovasoa,3,0.00109,35274,12.78511,275899
2180,lovelangy,3,0.00109,35277,12.78620,275899
2181,lozanol,3,0.00109,35280,12.78729,275899
2182,lslah,3,0.00109,35283,12.78838,275899
2183,luaks,3,0.00109,35286,12.78946,275899
2184,luanshixia,3,0.00109,35289,12.79055,275899
2185,lubomir,3,0.00109,35292,12.79164,275899
2186,LucianBuzzo,3,0.00109,35295,12.79272,275899
2187,lucienbertin,3,0.00109,35298,12.79381,275899
2188,LuisReinoso,3,0.00109,35301,12.79490,275899
2189,lukasgraf,3,0.00109,35304,12.79599,275899
2190,lyml,3,0.00109,35307,12.79707,275899
2191,lysannef,3,0.00109,35310,12.79816,275899
2192,lzsiga,3,0.00109,35313,12.79925,275899
2193,MaartenvE,3,0.00109,35316,12.80034,275899
2194,maasencioh,3,0.00109,35319,12.80142,275899
2195,MadaraUchiha,3,0.00109,35322,12.80251,275899
2196,madrisan,3,0.00109,35325,12.80360,275899
2197,MaksPob,3,0.00109,35328,12.80469,275899
2198,mandarini,3,0.00109,35331,12.80577,275899
2199,manoharreddyporeddy,3,0.00109,35334,12.80686,275899
2200,mantissa7,3,0.00109,35337,12.80795,275899
2201,maramon,3,0.00109,35340,12.80904,275899
2202,MarcinJuraszek,3,0.00109,35343,12.81012,275899
2203,marconilanna,3,0.00109,35346,12.81121,275899
2204,marcusnielsen,3,0.00109,35349,12.81230,275899
2205,markmielke,3,0.00109,35352,12.81338,275899
2206,MarkPflug,3,0.00109,35355,12.81447,275899
2207,marktopper,3,0.00109,35358,12.81556,275899
2208,markus1189,3,0.00109,35361,12.81665,275899
2209,martinbean,3,0.00109,35364,12.81773,275899
2210,martincostello,3,0.00109,35367,12.81882,275899
2211,martin-tarjanyi,3,0.00109,35370,12.81991,275899
2212,marvin-SL,3,0.00109,35373,12.82100,275899
2213,mateusrodrigues,3,0.00109,35376,12.82208,275899
2214,mathieumg,3,0.00109,35379,12.82317,275899
2215,Mathius17,3,0.00109,35382,12.82426,275899
2216,matt24ray,3,0.00109,35385,12.82535,275899
2217,matthewdeeco,3,0.00109,35388,12.82643,275899
2218,matthew-gerstman,3,0.00109,35391,12.82752,275899
2219,matthewhegarty,3,0.00109,35394,12.82861,275899
2220,MattiJarvinen-BA,3,0.00109,35397,12.82969,275899
2221,maxime-allex,3,0.00109,35400,12.83078,275899
2222,Maxim-Mazurok,3,0.00109,35403,12.83187,275899
2223,MaxPRafferty,3,0.00109,35406,12.83296,275899
2224,mbelsky,3,0.00109,35409,12.83404,275899
2225,m-burst,3,0.00109,35412,12.83513,275899
2226,MeiKatz,3,0.00109,35415,12.83622,275899
2227,Meknassih,3,0.00109,35418,12.83731,275899
2228,meldaravaniel,3,0.00109,35421,12.83839,275899
2229,mems,3,0.00109,35424,12.83948,275899
2230,merobal,3,0.00109,35427,12.84057,275899
2231,MerQGh,3,0.00109,35430,12.84166,275899
2232,MeyerNils,3,0.00109,35433,12.84274,275899
2233,mgreenland,3,0.00109,35436,12.84383,275899
2234,miginmrs,3,0.00109,35439,12.84492,275899
2235,mihaip,3,0.00109,35442,12.84601,275899
2236,Mike111177,3,0.00109,35445,12.84709,275899
2237,mikermcneil,3,0.00109,35448,12.84818,275899
2238,MikhailTatsky,3,0.00109,35451,12.84927,275899
2239,mikkomaunu,3,0.00109,35454,12.85035,275899
2240,mircowidmer,3,0.00109,35457,12.85144,275899
2241,misacorn,3,0.00109,35460,12.85253,275899
2242,miyajan,3,0.00109,35463,12.85362,275899
2243,mjhea0,3,0.00109,35466,12.85470,275899
2244,mlichtblau,3,0.00109,35469,12.85579,275899
2245,mmuppa,3,0.00109,35472,12.85688,275899
2246,Mobiletainment,3,0.00109,35475,12.85797,275899
2247,MohammadYounes,3,0.00109,35478,12.85905,275899
2248,mohd-akram,3,0.00109,35481,12.86014,275899
2249,mohdhamm,3,0.00109,35484,12.86123,275899
2250,molly,3,0.00109,35487,12.86232,275899
2251,moonformeli,3,0.00109,35490,12.86340,275899
2252,morriq,3,0.00109,35493,12.86449,275899
2253,mort3za,3,0.00109,35496,12.86558,275899
2254,mpetruska,3,0.00109,35499,12.86666,275899
2255,mrenrich84,3,0.00109,35502,12.86775,275899
2256,mridgway,3,0.00109,35505,12.86884,275899
2257,MrJithil,3,0.00109,35508,12.86993,275899
2258,mrLarbi,3,0.00109,35511,12.87101,275899
2259,msmania,3,0.00109,35514,12.87210,275899
2260,mstrutt,3,0.00109,35517,12.87319,275899
2261,muhajirdev,3,0.00109,35520,12.87428,275899
2262,multics,3,0.00109,35523,12.87536,275899
2263,MumblesNZ,3,0.00109,35526,12.87645,275899
2264,musicq,3,0.00109,35529,12.87754,275899
2265,muzige2000,3,0.00109,35532,12.87863,275899
2266,mwanago,3,0.00109,35535,12.87971,275899
2267,mychaelgo,3,0.00109,35538,12.88080,275899
2268,nacmartin,3,0.00109,35541,12.88189,275899
2269,naholyr,3,0.00109,35544,12.88298,275899
2270,nanjingboy,3,0.00109,35547,12.88406,275899
2271,NathanWalker,3,0.00109,35550,12.88515,275899
2272,naturalwarren,3,0.00109,35553,12.88624,275899
2273,nbellowe,3,0.00109,35556,12.88732,275899
2274,nchetankumar,3,0.00109,35559,12.88841,275899
2275,neojski,3,0.00109,35562,12.88950,275899
2276,NestorTejero,3,0.00109,35565,12.89059,275899
2277,nexus-uw,3,0.00109,35568,12.89167,275899
2278,ngdevelop-tech,3,0.00109,35571,12.89276,275899
2279,NicBonetto,3,0.00109,35574,12.89385,275899
2280,Nicholaiii,3,0.00109,35577,12.89494,275899
2281,Nicholi,3,0.00109,35580,12.89602,275899
2282,nickraphael,3,0.00109,35583,12.89711,275899
2283,nicodh,3,0.00109,35586,12.89820,275899
2284,nicojs,3,0.00109,35589,12.89929,275899
2285,NicolaiSoeborg,3,0.00109,35592,12.90037,275899
2286,nicolasleger,3,0.00109,35595,12.90146,275899
2287,nicolasstucki,3,0.00109,35598,12.90255,275899
2288,Nifled,3,0.00109,35601,12.90364,275899
2289,NightlyNexus,3,0.00109,35604,12.90472,275899
2290,NiklasMerz,3,0.00109,35607,12.90581,275899
2291,nikselite,3,0.00109,35610,12.90690,275899
2292,nikz99,3,0.00109,35613,12.90798,275899
2293,nirkaufman,3,0.00109,35616,12.90907,275899
2294,NMinhNguyen,3,0.00109,35619,12.91016,275899
2295,nnasirzada,3,0.00109,35622,12.91125,275899
2296,noahmedling,3,0.00109,35625,12.91233,275899
2297,nosovk,3,0.00109,35628,12.91342,275899
2298,npcode,3,0.00109,35631,12.91451,275899
2299,nsanitate,3,0.00109,35634,12.91560,275899
2300,nsteenbeek,3,0.00109,35637,12.91668,275899
2301,nthtran,3,0.00109,35640,12.91777,275899
2302,ntulsy,3,0.00109,35643,12.91886,275899
2303,nvborisenko,3,0.00109,35646,12.91995,275899
2304,ockham,3,0.00109,35649,12.92103,275899
2305,ojhaujjwal,3,0.00109,35652,12.92212,275899
2306,okapon,3,0.00109,35655,12.92321,275899
2307,oliviertassinari,3,0.00109,35658,12.92429,275899
2308,OlsonDev,3,0.00109,35661,12.92538,275899
2309,omouse,3,0.00109,35664,12.92647,275899
2310,onlyflix,3,0.00109,35667,12.92756,275899
2311,onovotny,3,0.00109,35670,12.92864,275899
2312,onumossn,3,0.00109,35673,12.92973,275899
2313,ooystein,3,0.00109,35676,12.93082,275899
2314,orischwartz,3,0.00109,35679,12.93191,275899
2315,Orodan,3,0.00109,35682,12.93299,275899
2316,oztune,3,0.00109,35685,12.93408,275899
2317,palanik,3,0.00109,35688,12.93517,275899
2318,panakour,3,0.00109,35691,12.93626,275899
2319,PandiyanCool,3,0.00109,35694,12.93734,275899
2320,partheseas,3,0.00109,35697,12.93843,275899
2321,pascalim,3,0.00109,35700,12.93952,275899
2322,paulmojicatech,3,0.00109,35703,12.94061,275899
2323,PaulTFreedman,3,0.00109,35706,12.94169,275899
2324,pdot86,3,0.00109,35709,12.94278,275899
2325,pedroclayman,3,0.00109,35712,12.94387,275899
2326,peebeebee,3,0.00109,35715,12.94495,275899
2327,penx,3,0.00109,35718,12.94604,275899
2328,peterfuwork,3,0.00109,35721,12.94713,275899
2329,ph1ll,3,0.00109,35724,12.94822,275899
2330,phapdinh,3,0.00109,35727,12.94930,275899
2331,PhiLhoSoft,3,0.00109,35730,12.95039,275899
2332,philquinn,3,0.00109,35733,12.95148,275899
2333,picheli20,3,0.00109,35736,12.95257,275899
2334,pieceofsummer,3,0.00109,35739,12.95365,275899
2335,pilwon,3,0.00109,35742,12.95474,275899
2336,pixtron,3,0.00109,35745,12.95583,275899
2337,pjeby,3,0.00109,35748,12.95692,275899
2338,pjohnmeyer,3,0.00109,35751,12.95800,275899
2339,pkerblaze,3,0.00109,35754,12.95909,275899
2340,pknouff,3,0.00109,35757,12.96018,275899
2341,pkukielka,3,0.00109,35760,12.96126,275899
2342,plabovich,3,0.00109,35763,12.96235,275899
2343,plr108,3,0.00109,35766,12.96344,275899
2344,pmccloghrylaing,3,0.00109,35769,12.96453,275899
2345,pocesar,3,0.00109,35772,12.96561,275899
2346,popey456963,3,0.00109,35775,12.96670,275899
2347,popomore,3,0.00109,35778,12.96779,275899
2348,poychang,3,0.00109,35781,12.96888,275899
2349,prashant-andani,3,0.00109,35784,12.96996,275899
2350,psilospore,3,0.00109,35787,12.97105,275899
2351,ptgamr,3,0.00109,35790,12.97214,275899
2352,ptrzyna,3,0.00109,35793,12.97323,275899
2353,pyitphyoaung,3,0.00109,35796,12.97431,275899
2354,raithit,3,0.00109,35799,12.97540,275899
2355,RaitoBezarius,3,0.00109,35802,12.97649,275899
2356,rajaramtt,3,0.00109,35805,12.97758,275899
2357,rajeshduggal,3,0.00109,35808,12.97866,275899
2358,ramiy,3,0.00109,35811,12.97975,275899
2359,raphaelkross,3,0.00109,35814,12.98084,275899
2360,rauchg,3,0.00109,35817,12.98192,275899
2361,razh,3,0.00109,35820,12.98301,275899
2362,RByers,3,0.00109,35823,12.98410,275899
2363,rcoy-v,3,0.00109,35826,12.98519,275899
2364,rdkmaster,3,0.00109,35829,12.98627,275899
2365,reedloden,3,0.00109,35832,12.98736,275899
2366,reiz,3,0.00109,35835,12.98845,275899
2367,remy,3,0.00109,35838,12.98954,275899
2368,resource11,3,0.00109,35841,12.99062,275899
2369,Retsam,3,0.00109,35844,12.99171,275899
2370,reubsinit,3,0.00109,35847,12.99280,275899
2371,rharter,3,0.00109,35850,12.99389,275899
2372,rhernandez35,3,0.00109,35853,12.99497,275899
2373,ricardopolo,3,0.00109,35856,12.99606,275899
2374,RicardoVaranda,3,0.00109,35859,12.99715,275899
2375,richbeales,3,0.00109,35862,12.99823,275899
2376,richiethomas,3,0.00109,35865,12.99932,275899
2377,RickyRoller,3,0.00109,35868,13.00041,275899
2378,RikkiGibson,3,0.00109,35871,13.00150,275899
2379,rileyL6122428,3,0.00109,35874,13.00258,275899
2380,rionmonster,3,0.00109,35877,13.00367,275899
2381,rixrix,3,0.00109,35880,13.00476,275899
2382,rjolly,3,0.00109,35883,13.00585,275899
2383,rmacklin,3,0.00109,35886,13.00693,275899
2384,rob313663,3,0.00109,35889,13.00802,275899
2385,robguima,3,0.00109,35892,13.00911,275899
2386,robinboehm,3,0.00109,35895,13.01020,275899
2387,robstoll,3,0.00109,35898,13.01128,275899
2388,rolodato,3,0.00109,35901,13.01237,275899
2389,romamatusevich,3,0.00109,35904,13.01346,275899
2390,romanowski,3,0.00109,35907,13.01455,275899
2391,rongduan-zhu,3,0.00109,35910,13.01563,275899
2392,rowanthorpe,3,0.00109,35913,13.01672,275899
2393,Rplus,3,0.00109,35916,13.01781,275899
2394,rrthomas,3,0.00109,35919,13.01889,275899
2395,rs017991,3,0.00109,35922,13.01998,275899
2396,runemoennike,3,0.00109,35925,13.02107,275899
2397,rupav,3,0.00109,35928,13.02216,275899
2398,RussKie,3,0.00109,35931,13.02324,275899
2399,ryo-utsunomiya,3,0.00109,35934,13.02433,275899
2400,rzschech,3,0.00109,35937,13.02542,275899
2401,sahan91,3,0.00109,35940,13.02651,275899
2402,sandbergja,3,0.00109,35943,13.02759,275899
2403,sanderboom,3,0.00109,35946,13.02868,275899
2404,sanex3339,3,0.00109,35949,13.02977,275899
2405,SangKa,3,0.00109,35952,13.03086,275899
2406,saravyas,3,0.00109,35955,13.03194,275899
2407,sasidhar,3,0.00109,35958,13.03303,275899
2408,sawilde,3,0.00109,35961,13.03412,275899
2409,schroederc,3,0.00109,35964,13.03520,275899
2410,scizor666,3,0.00109,35967,13.03629,275899
2411,scooper91,3,0.00109,35970,13.03738,275899
2412,screamingmunch,3,0.00109,35973,13.03847,275899
2413,sctape,3,0.00109,35976,13.03955,275899
2414,SeasonLeee,3,0.00109,35979,13.04064,275899
2415,SebastiaanNijland,3,0.00109,35982,13.04173,275899
2416,SebastienBtr,3,0.00109,35985,13.04282,275899
2417,sebdeckers,3,0.00109,35988,13.04390,275899
2418,Sebmaster,3,0.00109,35991,13.04499,275899
2419,sebnow,3,0.00109,35994,13.04608,275899
2420,segmentationfaulter,3,0.00109,35997,13.04717,275899
2421,seklyza,3,0.00109,36000,13.04825,275899
2422,sercaneraslan,3,0.00109,36003,13.04934,275899
2423,SergeyVolynkin,3,0.00109,36006,13.05043,275899
2424,Sergio-Mira,3,0.00109,36009,13.05152,275899
2425,serkanturgut,3,0.00109,36012,13.05260,275899
2426,sermojohn,3,0.00109,36015,13.05369,275899
2427,serpent5,3,0.00109,36018,13.05478,275899
2428,severen,3,0.00109,36021,13.05586,275899
2429,shahabkondri,3,0.00109,36024,13.05695,275899
2430,Sharondio,3,0.00109,36027,13.05804,275899
2431,ShashankaNataraj,3,0.00109,36030,13.05913,275899
2432,shaungrady,3,0.00109,36033,13.06021,275899
2433,sheikalthaf,3,0.00109,36036,13.06130,275899
2434,shibasish,3,0.00109,36039,13.06239,275899
2435,Shingyx,3,0.00109,36042,13.06348,275899
2436,shioyang,3,0.00109,36045,13.06456,275899
2437,Showtim3,3,0.00109,36048,13.06565,275899
2438,sibiraj-s,3,0.00109,36051,13.06674,275899
2439,siddhant1,3,0.00109,36054,13.06783,275899
2440,silvenon,3,0.00109,36057,13.06891,275899
2441,SirJackovich,3,0.00109,36060,13.07000,275899
2442,Smartis2812,3,0.00109,36063,13.07109,275899
2443,smartm0use,3,0.00109,36066,13.07217,275899
2444,smelnikov,3,0.00109,36069,13.07326,275899
2445,SMHFandA,3,0.00109,36072,13.07435,275899
2446,smithl,3,0.00109,36075,13.07544,275899
2447,smoke,3,0.00109,36078,13.07652,275899
2448,Smurf81,3,0.00109,36081,13.07761,275899
2449,sobolevn,3,0.00109,36084,13.07870,275899
2450,sod,3,0.00109,36087,13.07979,275899
2451,solderjs,3,0.00109,36090,13.08087,275899
2452,sompylasar,3,0.00109,36093,13.08196,275899
2453,soslan,3,0.00109,36096,13.08305,275899
2454,spaceribs,3,0.00109,36099,13.08414,275899
2455,Spikhalskiy,3,0.00109,36102,13.08522,275899
2456,srichandradeep,3,0.00109,36105,13.08631,275899
2457,ssonal,3,0.00109,36108,13.08740,275899
2458,StacyGay,3,0.00109,36111,13.08849,275899
2459,Steffen185,3,0.00109,36114,13.08957,275899
2460,Stephan202,3,0.00109,36117,13.09066,275899
2461,stephensauceda,3,0.00109,36120,13.09175,275899
2462,steveisok,3,0.00109,36123,13.09283,275899
2463,stevenanthonyrevo,3,0.00109,36126,13.09392,275899
2464,StevenLiekens,3,0.00109,36129,13.09501,275899
2465,stevenvachon,3,0.00109,36132,13.09610,275899
2466,stoneLeaf,3,0.00109,36135,13.09718,275899
2467,strawbrary,3,0.00109,36138,13.09827,275899
2468,StyXman,3,0.00109,36141,13.09936,275899
2469,stz-seongheon,3,0.00109,36144,13.10045,275899
2470,sudo-suhas,3,0.00109,36147,13.10153,275899
2471,sugoidesune,3,0.00109,36150,13.10262,275899
2472,sumitknoldus,3,0.00109,36153,13.10371,275899
2473,SunnyWar,3,0.00109,36156,13.10480,275899
2474,surajpoddar16,3,0.00109,36159,13.10588,275899
2475,swaroopsm,3,0.00109,36162,13.10697,275899
2476,Synoon,3,0.00109,36165,13.10806,275899
2477,systemallica,3,0.00109,36168,13.10915,275899
2478,syzzer,3,0.00109,36171,13.11023,275899
2479,taggon,3,0.00109,36174,13.11132,275899
2480,tamas-nemeth,3,0.00109,36177,13.11241,275899
2481,tatsuyafw,3,0.00109,36180,13.11349,275899
2482,taurose,3,0.00109,36183,13.11458,275899
2483,tcoz,3,0.00109,36186,13.11567,275899
2484,tdeschryver,3,0.00109,36189,13.11676,275899
2485,tefbop,3,0.00109,36192,13.11784,275899
2486,terabaud,3,0.00109,36195,13.11893,275899
2487,teyc,3,0.00109,36198,13.12002,275899
2488,tgiphil,3,0.00109,36201,13.12111,275899
2489,tgrrtt,3,0.00109,36204,13.12219,275899
2490,ThaneshR,3,0.00109,36207,13.12328,275899
2491,the-best-dev,3,0.00109,36210,13.12437,275899
2492,TheBlueSky,3,0.00109,36213,13.12546,275899
2493,thebyteman,3,0.00109,36216,13.12654,275899
2494,TheMushrr00m,3,0.00109,36219,13.12763,275899
2495,TheRoSS,3,0.00109,36222,13.12872,275899
2496,TheSporkBaron,3,0.00109,36225,13.12980,275899
2497,thg2k,3,0.00109,36228,13.13089,275899
2498,th-ko,3,0.00109,36231,13.13198,275899
2499,ThornWinters,3,0.00109,36234,13.13307,275899
2500,ti1024,3,0.00109,36237,13.13415,275899
2501,tiaguinho,3,0.00109,36240,13.13524,275899
2502,Tibing,3,0.00109,36243,13.13633,275899
2503,tienpham94,3,0.00109,36246,13.13742,275899
2504,timblack1,3,0.00109,36249,13.13850,275899
2505,tim-blair,3,0.00109,36252,13.13959,275899
2506,timjacobi,3,0.00109,36255,13.14068,275899
2507,timkendrick,3,0.00109,36258,13.14177,275899
2508,timkraut,3,0.00109,36261,13.14285,275899
2509,TimvdLippe,3,0.00109,36264,13.14394,275899
2510,tkh44,3,0.00109,36267,13.14503,275899
2511,tmcw,3,0.00109,36270,13.14612,275899
2512,tnguyen14,3,0.00109,36273,13.14720,275899
2513,Tobyee,3,0.00109,36276,13.14829,275899
2514,todorpr,3,0.00109,36279,13.14938,275899
2515,tonylukasavage,3,0.00109,36282,13.15046,275899
2516,TooTallNate,3,0.00109,36285,13.15155,275899
2517,tracker1,3,0.00109,36288,13.15264,275899
2518,Tragetaschen,3,0.00109,36291,13.15373,275899
2519,treylitefm,3,0.00109,36294,13.15481,275899
2520,trezm,3,0.00109,36297,13.15590,275899
2521,trstringer,3,0.00109,36300,13.15699,275899
2522,TuckerWhitehouse,3,0.00109,36303,13.15808,275899
2523,TwoDCube,3,0.00109,36306,13.15916,275899
2524,tylerbuchea,3,0.00109,36309,13.16025,275899
2525,tyreer,3,0.00109,36312,13.16134,275899
2526,ukyo,3,0.00109,36315,13.16243,275899
2527,unional,3,0.00109,36318,13.16351,275899
2528,untitaker,3,0.00109,36321,13.16460,275899
2529,Vadorequest,3,0.00109,36324,13.16569,275899
2530,VanTanev,3,0.00109,36327,13.16677,275899
2531,varunnvs92,3,0.00109,36330,13.16786,275899
2532,vasileorza,3,0.00109,36333,13.16895,275899
2533,VasiliyNovikov,3,0.00109,36336,13.17004,275899
2534,vepasto,3,0.00109,36339,13.17112,275899
2535,vetom,3,0.00109,36342,13.17221,275899
2536,victornoel,3,0.00109,36345,13.17330,275899
2537,victor-o-silva,3,0.00109,36348,13.17439,275899
2538,vidavidorra,3,0.00109,36351,13.17547,275899
2539,VinitTomar,3,0.00109,36354,13.17656,275899
2540,vitomeuli,3,0.00109,36357,13.17765,275899
2541,vitvad,3,0.00109,36360,13.17874,275899
2542,vladimir-kazakov,3,0.00109,36363,13.17982,275899
2543,vlbee,3,0.00109,36366,13.18091,275899
2544,vogloblinsky,3,0.00109,36369,13.18200,275899
2545,Volga,3,0.00109,36372,13.18309,275899
2546,vucalur,3,0.00109,36375,13.18417,275899
2547,w1zeman1p,3,0.00109,36378,13.18526,275899
2548,wali-s,3,0.00109,36381,13.18635,275899
2549,Wcc723,3,0.00109,36384,13.18743,275899
2550,wcjohnson11,3,0.00109,36387,13.18852,275899
2551,weitzhandler,3,0.00109,36390,13.18961,275899
2552,wilgert,3,0.00109,36393,13.19070,275899
2553,willTG,3,0.00109,36396,13.19178,275899
2554,wkwiatek,3,0.00109,36399,13.19287,275899
2555,wmarques,3,0.00109,36402,13.19396,275899
2556,wmertens,3,0.00109,36405,13.19505,275899
2557,wnqnguo,3,0.00109,36408,13.19613,275899
2558,wyze,3,0.00109,36411,13.19722,275899
2559,Xaerxess,3,0.00109,36414,13.19831,275899
2560,XaveScor,3,0.00109,36417,13.19940,275899
2561,xcodebuild,3,0.00109,36420,13.20048,275899
2562,Xegyn,3,0.00109,36423,13.20157,275899
2563,xhoogland,3,0.00109,36426,13.20266,275899
2564,xiangzhuyuan,3,0.00109,36429,13.20374,275899
2565,xingao267,3,0.00109,36432,13.20483,275899
2566,xybu,3,0.00109,36435,13.20592,275899
2567,Yahkob,3,0.00109,36438,13.20701,275899
2568,yaman-jain,3,0.00109,36441,13.20809,275899
2569,yangmillstheory,3,0.00109,36444,13.20918,275899
2570,YannBertrand,3,0.00109,36447,13.21027,275899
2571,yasirmhd,3,0.00109,36450,13.21136,275899
2572,yasserkaddour,3,0.00109,36453,13.21244,275899
2573,YevhenLukomskyi,3,0.00109,36456,13.21353,275899
2574,yhagio,3,0.00109,36459,13.21462,275899
2575,yilinglu,3,0.00109,36462,13.21571,275899
2576,ymekuria,3,0.00109,36465,13.21679,275899
2577,yongdamsh,3,0.00109,36468,13.21788,275899
2578,yuan3y,3,0.00109,36471,13.21897,275899
2579,yuchi1989,3,0.00109,36474,13.22006,275899
2580,yukiwongky,3,0.00109,36477,13.22114,275899
2581,yvanin,3,0.00109,36480,13.22223,275899
2582,yxliang01,3,0.00109,36483,13.22332,275899
2583,ZachLamb,3,0.00109,36486,13.22440,275899
2584,zdouble,3,0.00109,36489,13.22549,275899
2585,zhengkai,3,0.00109,36492,13.22658,275899
2586,zhilich,3,0.00109,36495,13.22767,275899
2587,zhukov,3,0.00109,36498,13.22875,275899
2588,zjmiller,3,0.00109,36501,13.22984,275899
2589,ZLester,3,0.00109,36504,13.23093,275899
2590,Zovube,3,0.00109,36507,13.23202,275899
2591,zsd4yr,3,0.00109,36510,13.23310,275899
2592,zverbeta,3,0.00109,36513,13.23419,275899
2593,zwenza,3,0.00109,36516,13.23528,275899
2594,zwhitchcox,3,0.00109,36519,13.23637,275899
2595,zzz40500,3,0.00109,36522,13.23745,275899
2596,0x4139,2,0.00072,36524,13.23818,275899
2597,0xced,2,0.00072,36526,13.23890,275899
2598,0xflotus,2,0.00072,36528,13.23963,275899
2599,193s,2,0.00072,36530,13.24035,275899
2600,2E0PGS,2,0.00072,36532,13.24108,275899
2601,3dd13,2,0.00072,36534,13.24180,275899
2602,3LOK,2,0.00072,36536,13.24253,275899
2603,3noch,2,0.00072,36538,13.24325,275899
2604,403studio,2,0.00072,36540,13.24398,275899
2605,8398a7,2,0.00072,36542,13.24470,275899
2606,8to5Developer,2,0.00072,36544,13.24543,275899
2607,a510,2,0.00072,36546,13.24615,275899
2608,aackerman,2,0.00072,36548,13.24688,275899
2609,aandrewww,2,0.00072,36550,13.24760,275899
2610,aaronroberson,2,0.00072,36552,13.24833,275899
2611,aaugustin,2,0.00072,36554,13.24905,275899
2612,abalmos,2,0.00072,36556,13.24978,275899
2613,abargnesi,2,0.00072,36558,13.25050,275899
2614,abhas9,2,0.00072,36560,13.25123,275899
2615,AbhishekGarg,2,0.00072,36562,13.25195,275899
2616,abnud1,2,0.00072,36564,13.25268,275899
2617,acjbizar,2,0.00072,36566,13.25340,275899
2618,acourtiol,2,0.00072,36568,13.25413,275899
2619,adam77,2,0.00072,36570,13.25485,275899
2620,adambowles,2,0.00072,36572,13.25558,275899
2621,adamcohen,2,0.00072,36574,13.25630,275899
2622,adamjmcgrath,2,0.00072,36576,13.25703,275899
2623,adampenn,2,0.00072,36578,13.25775,275899
2624,adamretter,2,0.00072,36580,13.25848,275899
2625,adamyi,2,0.00072,36582,13.25920,275899
2626,adarrra,2,0.00072,36584,13.25992,275899
2627,addyosmani,2,0.00072,36586,13.26065,275899
2628,adekbadek,2,0.00072,36588,13.26137,275899
2629,adoyle-h,2,0.00072,36590,13.26210,275899
2630,adrianhopebailie,2,0.00072,36592,13.26282,275899
2631,adriantanasa,2,0.00072,36594,13.26355,275899
2632,adriensamson,2,0.00072,36596,13.26427,275899
2633,Adusei,2,0.00072,36598,13.26500,275899
2634,aelafifi,2,0.00072,36600,13.26572,275899
2635,aelij,2,0.00072,36602,13.26645,275899
2636,af,2,0.00072,36604,13.26717,275899
2637,afanasy,2,0.00072,36606,13.26790,275899
2638,afitiskin,2,0.00072,36608,13.26862,275899
2639,aft90,2,0.00072,36610,13.26935,275899
2640,agievich,2,0.00072,36612,13.27007,275899
2641,agray,2,0.00072,36614,13.27080,275899
2642,AgtLucas,2,0.00072,36616,13.27152,275899
2643,aguspina,2,0.00072,36618,13.27225,275899
2644,ahamid,2,0.00072,36620,13.27297,275899
2645,ahmedalejo,2,0.00072,36622,13.27370,275899
2646,AhmedMustafa,2,0.00072,36624,13.27442,275899
2647,ahsan-ayaz,2,0.00072,36626,13.27515,275899
2648,aianus,2,0.00072,36628,13.27587,275899
2649,airamrguez,2,0.00072,36630,13.27660,275899
2650,airs0urce,2,0.00072,36632,13.27732,275899
2651,aitboudad,2,0.00072,36634,13.27805,275899
2652,ajbogh,2,0.00072,36636,13.27877,275899
2653,ajcrowe,2,0.00072,36638,13.27950,275899
2654,akai,2,0.00072,36640,13.28022,275899
2655,akamch,2,0.00072,36642,13.28095,275899
2656,akatopo,2,0.00072,36644,13.28167,275899
2657,akaustav,2,0.00072,36646,13.28240,275899
2658,akshayagarwal,2,0.00072,36648,13.28312,275899
2659,Alanscut,2,0.00072,36650,13.28385,275899
2660,alanzheng88,2,0.00072,36652,13.28457,275899
2661,albertogoffi,2,0.00072,36654,13.28530,275899
2662,alburthoffman,2,0.00072,36656,13.28602,275899
2663,Alcaro,2,0.00072,36658,13.28675,275899
2664,AlejandroRivera,2,0.00072,36660,13.28747,275899
2665,Aleksandyr,2,0.00072,36662,13.28820,275899
2666,aleqi200,2,0.00072,36664,13.28892,275899
2667,AlexanderOMara,2,0.00072,36666,13.28965,275899
2668,alexandrnikitin,2,0.00072,36668,13.29037,275899
2669,alexbaumgertner,2,0.00072,36670,13.29110,275899
2670,alexbyk,2,0.00072,36672,13.29182,275899
2671,AlexG2017,2,0.00072,36674,13.29255,275899
2672,alexk000,2,0.00072,36676,13.29327,275899
2673,alexkirsz,2,0.00072,36678,13.29400,275899
2674,alexkrolick,2,0.00072,36680,13.29472,275899
2675,Alex-Sokolov,2,0.00072,36682,13.29545,275899
2676,alexsorokoletov,2,0.00072,36684,13.29617,275899
2677,AlexxNica,2,0.00072,36686,13.29689,275899
2678,alfaslash,2,0.00072,36688,13.29762,275899
2679,alFReD-NSH,2,0.00072,36690,13.29834,275899
2680,alippai,2,0.00072,36692,13.29907,275899
2681,allofthenorthwood,2,0.00072,36694,13.29979,275899
2682,AlmogShaul,2,0.00072,36696,13.30052,275899
2683,alpancs,2,0.00072,36698,13.30124,275899
2684,alumis,2,0.00072,36700,13.30197,275899
2685,alyssamichelle,2,0.00072,36702,13.30269,275899
2686,amandeepmittal,2,0.00072,36704,13.30342,275899
2687,ameyjadiye,2,0.00072,36706,13.30414,275899
2688,aminsoheyli,2,0.00072,36708,13.30487,275899
2689,amirelemam,2,0.00072,36710,13.30559,275899
2690,Anber,2,0.00072,36712,13.30632,275899
2691,AndersSahlin,2,0.00072,36714,13.30704,275899
2692,andreacc,2,0.00072,36716,13.30777,275899
2693,andresroberto,2,0.00072,36718,13.30849,275899
2694,andrewrota,2,0.00072,36720,13.30922,275899
2695,andyexeter,2,0.00072,36722,13.30994,275899
2696,andygrundman,2,0.00072,36724,13.31067,275899
2697,andymc12,2,0.00072,36726,13.31139,275899
2698,andypotts,2,0.00072,36728,13.31212,275899
2699,andyscott,2,0.00072,36730,13.31284,275899
2700,angelo-v,2,0.00072,36732,13.31357,275899
2701,angfal,2,0.00072,36734,13.31429,275899
2702,anirudhramanan,2,0.00072,36736,13.31502,275899
2703,annp89,2,0.00072,36738,13.31574,275899
2704,anotheredward,2,0.00072,36740,13.31647,275899
2705,ansvonwa,2,0.00072,36742,13.31719,275899
2706,anthonyryan1,2,0.00072,36744,13.31792,275899
2707,antoniom,2,0.00072,36746,13.31864,275899
2708,AnuragPorwal,2,0.00072,36748,13.31937,275899
2709,apirom9,2,0.00072,36750,13.32009,275899
2710,aral,2,0.00072,36752,13.32082,275899
2711,arbaaz,2,0.00072,36754,13.32154,275899
2712,arcana261,2,0.00072,36756,13.32227,275899
2713,ArchmageInc,2,0.00072,36758,13.32299,275899
2714,Ardeshir81,2,0.00072,36760,13.32372,275899
2715,argelius,2,0.00072,36762,13.32444,275899
2716,ariabuckles,2,0.00072,36764,13.32517,275899
2717,arm1n,2,0.00072,36766,13.32589,275899
2718,armaanahluwalia,2,0.00072,36768,13.32662,275899
2719,armfazh,2,0.00072,36770,13.32734,275899
2720,arminsolecki,2,0.00072,36772,13.32807,275899
2721,armostafizi,2,0.00072,36774,13.32879,275899
2722,arnif,2,0.00072,36776,13.32952,275899
2723,ArnoSaine,2,0.00072,36778,13.33024,275899
2724,arpitpandey0209,2,0.00072,36780,13.33097,275899
2725,arshabh,2,0.00072,36782,13.33169,275899
2726,ArtemLanovyy,2,0.00072,36784,13.33242,275899
2727,artnez,2,0.00072,36786,13.33314,275899
2728,ArturBaybulatov,2,0.00072,36788,13.33386,275899
2729,arty-name,2,0.00072,36790,13.33459,275899
2730,arunjvs,2,0.00072,36792,13.33531,275899
2731,arw-travela,2,0.00072,36794,13.33604,275899
2732,ashaffer,2,0.00072,36796,13.33676,275899
2733,ashinzekene,2,0.00072,36798,13.33749,275899
2734,AskYous,2,0.00072,36800,13.33821,275899
2735,aSoujyuTanaka,2,0.00072,36802,13.33894,275899
2736,asulaiman,2,0.00072,36804,13.33966,275899
2737,atd,2,0.00072,36806,13.34039,275899
2738,atul-shimpi,2,0.00072,36808,13.34111,275899
2739,AudyOdi,2,0.00072,36810,13.34184,275899
2740,aurium,2,0.00072,36812,13.34256,275899
2741,austinpray,2,0.00072,36814,13.34329,275899
2742,autopulated,2,0.00072,36816,13.34401,275899
2743,avens19,2,0.00072,36818,13.34474,275899
2744,avioli,2,0.00072,36820,13.34546,275899
2745,avivr,2,0.00072,36822,13.34619,275899
2746,awdyson,2,0.00072,36824,13.34691,275899
2747,axel22,2,0.00072,36826,13.34764,275899
2748,ayende,2,0.00072,36828,13.34836,275899
2749,azat,2,0.00072,36830,13.34909,275899
2750,b3nj4m,2,0.00072,36832,13.34981,275899
2751,B3zo0,2,0.00072,36834,13.35054,275899
2752,babhishek21,2,0.00072,36836,13.35126,275899
2753,bancek,2,0.00072,36838,13.35199,275899
2754,banli17,2,0.00072,36840,13.35271,275899
2755,baopham,2,0.00072,36842,13.35344,275899
2756,baribadamshin,2,0.00072,36844,13.35416,275899
2757,Bartosz-D3V,2,0.00072,36846,13.35489,275899
2758,bary822,2,0.00072,36848,13.35561,275899
2759,bascoder,2,0.00072,36850,13.35634,275899
2760,based2,2,0.00072,36852,13.35706,275899
2761,batiste,2,0.00072,36854,13.35779,275899
2762,batusai513,2,0.00072,36856,13.35851,275899
2763,bbamsch,2,0.00072,36858,13.35924,275899
2764,bbartels,2,0.00072,36860,13.35996,275899
2765,BBB,2,0.00072,36862,13.36069,275899
2766,BBKolton,2,0.00072,36864,13.36141,275899
2767,bcherny,2,0.00072,36866,13.36214,275899
2768,beatak,2,0.00072,36868,13.36286,275899
2769,beausmith,2,0.00072,36870,13.36359,275899
2770,behrangsa,2,0.00072,36872,13.36431,275899
2771,behzad888,2,0.00072,36874,13.36504,275899
2772,belev,2,0.00072,36876,13.36576,275899
2773,believer,2,0.00072,36878,13.36649,275899
2774,benatespina,2,0.00072,36880,13.36721,275899
2775,bengadbois,2,0.00072,36882,13.36794,275899
2776,benhutchison,2,0.00072,36884,13.36866,275899
2777,benjamin-albert,2,0.00072,36886,13.36939,275899
2778,benjaminp,2,0.00072,36888,13.37011,275899
2779,benjaminpick,2,0.00072,36890,13.37083,275899
2780,BenjaminVadant,2,0.00072,36892,13.37156,275899
2781,Bennet11,2,0.00072,36894,13.37228,275899
2782,bennyn,2,0.00072,36896,13.37301,275899
2783,benpye,2,0.00072,36898,13.37373,275899
2784,benwiley4000,2,0.00072,36900,13.37446,275899
2785,beradrian,2,0.00072,36902,13.37518,275899
2786,beznosd,2,0.00072,36904,13.37591,275899
2787,bfanger,2,0.00072,36906,13.37663,275899
2788,bgever,2,0.00072,36908,13.37736,275899
2789,bgnx,2,0.00072,36910,13.37808,275899
2790,bgpat,2,0.00072,36912,13.37881,275899
2791,Bhambya,2,0.00072,36914,13.37953,275899
2792,BigBadBleuCheese,2,0.00072,36916,13.38026,275899
2793,bildja,2,0.00072,36918,13.38098,275899
2794,billymoon,2,0.00072,36920,13.38171,275899
2795,bjarneo,2,0.00072,36922,13.38243,275899
2796,bjouhier,2,0.00072,36924,13.38316,275899
2797,bkiselka,2,0.00072,36926,13.38388,275899
2798,bl00mber,2,0.00072,36928,13.38461,275899
2799,blacksun1,2,0.00072,36930,13.38533,275899
2800,BlancheP,2,0.00072,36932,13.38606,275899
2801,BlueHatbRit,2,0.00072,36934,13.38678,275899
2802,bluepnume,2,0.00072,36936,13.38751,275899
2803,bman654,2,0.00072,36938,13.38823,275899
2804,bnabholz,2,0.00072,36940,13.38896,275899
2805,bojand,2,0.00072,36942,13.38968,275899
2806,bokub,2,0.00072,36944,13.39041,275899
2807,bording,2,0.00072,36946,13.39113,275899
2808,borgboyone,2,0.00072,36948,13.39186,275899
2809,bradbrandhorst,2,0.00072,36950,13.39258,275899
2810,bradford-hamilton,2,0.00072,36952,13.39331,275899
2811,bradyisom,2,0.00072,36954,13.39403,275899
2812,brandwe,2,0.00072,36956,13.39476,275899
2813,Brantner,2,0.00072,36958,13.39548,275899
2814,Brar,2,0.00072,36960,13.39621,275899
2815,brendo,2,0.00072,36962,13.39693,275899
2816,brentsnook,2,0.00072,36964,13.39766,275899
2817,brentvatne,2,0.00072,36966,13.39838,275899
2818,brettdh,2,0.00072,36968,13.39911,275899
2819,briankung,2,0.00072,36970,13.39983,275899
2820,BrianLondon,2,0.00072,36972,13.40056,275899
2821,bripkens,2,0.00072,36974,13.40128,275899
2822,BRKalow,2,0.00072,36976,13.40201,275899
2823,bruceharris,2,0.00072,36978,13.40273,275899
2824,brunin2509,2,0.00072,36980,13.40346,275899
2825,brycebaril,2,0.00072,36982,13.40418,275899
2826,brychcy,2,0.00072,36984,13.40491,275899
2827,bsamek,2,0.00072,36986,13.40563,275899
2828,bsingr,2,0.00072,36988,13.40636,275899
2829,bspaulding,2,0.00072,36990,13.40708,275899
2830,b-spencer,2,0.00072,36992,13.40781,275899
2831,btelles,2,0.00072,36994,13.40853,275899
2832,bttmly,2,0.00072,36996,13.40925,275899
2833,bubersson,2,0.00072,36998,13.40998,275899
2834,bulgakovalexander,2,0.00072,37000,13.41070,275899
2835,byronigoe,2,0.00072,37002,13.41143,275899
2836,bzoz,2,0.00072,37004,13.41215,275899
2837,C45tr0,2,0.00072,37006,13.41288,275899
2838,cahbb,2,0.00072,37008,13.41360,275899
2839,calebboyd,2,0.00072,37010,13.41433,275899
2840,calibr,2,0.00072,37012,13.41505,275899
2841,Calidus,2,0.00072,37014,13.41578,275899
2842,carloluis,2,0.00072,37016,13.41650,275899
2843,carolinapowers,2,0.00072,37018,13.41723,275899
2844,CarstenWickner,2,0.00072,37020,13.41795,275899
2845,cassianomon,2,0.00072,37022,13.41868,275899
2846,Castaneda1914,2,0.00072,37024,13.41940,275899
2847,cb372,2,0.00072,37026,13.42013,275899
2848,cbdeveloper,2,0.00072,37028,13.42085,275899
2849,cbosco,2,0.00072,37030,13.42158,275899
2850,cedral,2,0.00072,37032,13.42230,275899
2851,cerkiner,2,0.00072,37034,13.42303,275899
2852,cfleschhut,2,0.00072,37036,13.42375,275899
2853,cg-cnu,2,0.00072,37038,13.42448,275899
2854,chadfawcett,2,0.00072,37040,13.42520,275899
2855,chalup,2,0.00072,37042,13.42593,275899
2856,chanakasan,2,0.00072,37044,13.42665,275899
2857,chang-chao,2,0.00072,37046,13.42738,275899
2858,charliegdev,2,0.00072,37048,13.42810,275899
2859,charlierudolph,2,0.00072,37050,13.42883,275899
2860,charlie-s,2,0.00072,37052,13.42955,275899
2861,charsleysa,2,0.00072,37054,13.43028,275899
2862,cheesestringer,2,0.00072,37056,13.43100,275899
2863,chengpohi,2,0.00072,37058,13.43173,275899
2864,cherouvim,2,0.00072,37060,13.43245,275899
2865,chill117,2,0.00072,37062,13.43318,275899
2866,chjj,2,0.00072,37064,13.43390,275899
2867,Chocobo1,2,0.00072,37066,13.43463,275899
2868,choury,2,0.00072,37068,13.43535,275899
2869,ChrisAckerman,2,0.00072,37070,13.43608,275899
2870,chrisakers,2,0.00072,37072,13.43680,275899
2871,ChrisCinelli,2,0.00072,37074,13.43753,275899
2872,chrisdukakis,2,0.00072,37076,13.43825,275899
2873,chriseppstein,2,0.00072,37078,13.43898,275899
2874,chrisirhc,2,0.00072,37080,13.43970,275899
2875,chrislambe,2,0.00072,37082,13.44043,275899
2876,chrisokasaki,2,0.00072,37084,13.44115,275899
2877,chrisse27,2,0.00072,37086,13.44188,275899
2878,christianrondeau,2,0.00072,37088,13.44260,275899
2879,chrstnbrn,2,0.00072,37090,13.44333,275899
2880,churchie317,2,0.00072,37092,13.44405,275899
2881,cianclarke,2,0.00072,37094,13.44478,275899
2882,cif,2,0.00072,37096,13.44550,275899
2883,ckniffen,2,0.00072,37098,13.44622,275899
2884,cky,2,0.00072,37100,13.44695,275899
2885,clabough,2,0.00072,37102,13.44767,275899
2886,clamp03,2,0.00072,37104,13.44840,275899
2887,Cleod9,2,0.00072,37106,13.44912,275899
2888,cn007b,2,0.00072,37108,13.44985,275899
2889,cnishina,2,0.00072,37110,13.45057,275899
2890,cobbweb,2,0.00072,37112,13.45130,275899
2891,CodeBlanch,2,0.00072,37114,13.45202,275899
2892,CodeMan99,2,0.00072,37116,13.45275,275899
2893,coderaiser,2,0.00072,37118,13.45347,275899
2894,coderbydesign,2,0.00072,37120,13.45420,275899
2895,CodyReichert,2,0.00072,37122,13.45492,275899
2896,Cole-Beckwith-SP,2,0.00072,37124,13.45565,275899
2897,colesimmons,2,0.00072,37126,13.45637,275899
2898,colindickson,2,0.00072,37128,13.45710,275899
2899,colunga91,2,0.00072,37130,13.45782,275899
2900,Coly010,2,0.00072,37132,13.45855,275899
2901,coreysf,2,0.00072,37134,13.45927,275899
2902,Corniel,2,0.00072,37136,13.46000,275899
2903,CorvusCorrax,2,0.00072,37138,13.46072,275899
2904,coryhouse,2,0.00072,37140,13.46145,275899
2905,coryrylan,2,0.00072,37142,13.46217,275899
2906,cos,2,0.00072,37144,13.46290,275899
2907,coultonluke,2,0.00072,37146,13.46362,275899
2908,coxlinton,2,0.00072,37148,13.46435,275899
2909,crispen-smith,2,0.00072,37150,13.46507,275899
2910,crisptrutski,2,0.00072,37152,13.46580,275899
2911,cristidrg,2,0.00072,37154,13.46652,275899
2912,cristobalito,2,0.00072,37156,13.46725,275899
2913,cristovaov,2,0.00072,37158,13.46797,275899
2914,crooksey,2,0.00072,37160,13.46870,275899
2915,crossjs,2,0.00072,37162,13.46942,275899
2916,csharp,2,0.00072,37164,13.47015,275899
2917,cspotcode,2,0.00072,37166,13.47087,275899
2918,cstefanache,2,0.00072,37168,13.47160,275899
2919,ctz,2,0.00072,37170,13.47232,275899
2920,curlydevil,2,0.00072,37172,13.47305,275899
2921,czajkowski,2,0.00072,37174,13.47377,275899
2922,d0g,2,0.00072,37176,13.47450,275899
2923,d2bit,2,0.00072,37178,13.47522,275899
2924,d4rky-pl,2,0.00072,37180,13.47595,275899
2925,dacoozheng,2,0.00072,37182,13.47667,275899
2926,dahim2006,2,0.00072,37184,13.47740,275899
2927,dajeffri,2,0.00072,37186,13.47812,275899
2928,dalcib,2,0.00072,37188,13.47885,275899
2929,daltones,2,0.00072,37190,13.47957,275899
2930,danbucholtz,2,0.00072,37192,13.48030,275899
2931,danielcrisp,2,0.00072,37194,13.48102,275899
2932,danieletorelli,2,0.00072,37196,13.48175,275899
2933,danielknell,2,0.00072,37198,13.48247,275899
2934,DanielNill,2,0.00072,37200,13.48319,275899
2935,DanielRosenwasser,2,0.00072,37202,13.48392,275899
2936,daniel-shuy,2,0.00072,37204,13.48464,275899
2937,danielstjules,2,0.00072,37206,13.48537,275899
2938,danielwiehl,2,0.00072,37208,13.48609,275899
2939,dante2008,2,0.00072,37210,13.48682,275899
2940,danthegoodman,2,0.00072,37212,13.48754,275899
2941,danvitoriano,2,0.00072,37214,13.48827,275899
2942,dariusk,2,0.00072,37216,13.48899,275899
2943,darobin,2,0.00072,37218,13.48972,275899
2944,dashtinejad,2,0.00072,37220,13.49044,275899
2945,daveaglick,2,0.00072,37222,13.49117,275899
2946,davej,2,0.00072,37224,13.49189,275899
2947,davesidious,2,0.00072,37226,13.49262,275899
2948,DaveVoyles,2,0.00072,37228,13.49334,275899
2949,davewasmer,2,0.00072,37230,13.49407,275899
2950,david-driscoll,2,0.00072,37232,13.49479,275899
2951,DavidePastore,2,0.00072,37234,13.49552,275899
2952,davidhu2000,2,0.00072,37236,13.49624,275899
2953,DavidSouther,2,0.00072,37238,13.49697,275899
2954,david-unergie,2,0.00072,37240,13.49769,275899
2955,davidxmoody,2,0.00072,37242,13.49842,275899
2956,DavSanchez,2,0.00072,37244,13.49914,275899
2957,davyengone,2,0.00072,37246,13.49987,275899
2958,DAXaholic,2,0.00072,37248,13.50059,275899
2959,dblevins,2,0.00072,37250,13.50132,275899
2960,dcooper16,2,0.00072,37252,13.50204,275899
2961,ddunkin,2,0.00072,37254,13.50277,275899
2962,deblockt,2,0.00072,37256,13.50349,275899
2963,deb-saunders,2,0.00072,37258,13.50422,275899
2964,debugmodedotnet,2,0.00072,37260,13.50494,275899
2965,Degusto,2,0.00072,37262,13.50567,275899
2966,Delapouite,2,0.00072,37264,13.50639,275899
2967,delavara,2,0.00072,37266,13.50712,275899
2968,delirius325,2,0.00072,37268,13.50784,275899
2969,delitescere,2,0.00072,37270,13.50857,275899
2970,DenisGorbachev,2,0.00072,37272,13.50929,275899
2971,dennisgl,2,0.00072,37274,13.51002,275899
2972,densh,2,0.00072,37276,13.51074,275899
2973,denyskoch,2,0.00072,37278,13.51147,275899
2974,dericgw,2,0.00072,37280,13.51219,275899
2975,DerZyklop,2,0.00072,37282,13.51292,275899
2976,devmeyster,2,0.00072,37284,13.51364,275899
2977,devoto13,2,0.00072,37286,13.51437,275899
2978,devrchancay,2,0.00072,37288,13.51509,275899
2979,dfontenot,2,0.00072,37290,13.51582,275899
2980,dfrownfelter,2,0.00072,37292,13.51654,275899
2981,dgilbert,2,0.00072,37294,13.51727,275899
2982,dharaburda,2,0.00072,37296,13.51799,275899
2983,dhiru30,2,0.00072,37298,13.51872,275899
2984,dhurlburtusa,2,0.00072,37300,13.51944,275899
2985,diegofss11,2,0.00072,37302,13.52016,275899
2986,diegomrsantos,2,0.00072,37304,13.52089,275899
2987,difelice,2,0.00072,37306,13.52161,275899
2988,digitaldrummerj,2,0.00072,37308,13.52234,275899
2989,dimapaloskin,2,0.00072,37310,13.52306,275899
2990,dirkfeytons,2,0.00072,37312,13.52379,275899
2991,diyews,2,0.00072,37314,13.52451,275899
2992,djrodgerspryor,2,0.00072,37316,13.52524,275899
2993,dlax,2,0.00072,37318,13.52596,275899
2994,dlink,2,0.00072,37320,13.52669,275899
2995,dlstucki,2,0.00072,37322,13.52741,275899
2996,dmaslov,2,0.00072,37324,13.52814,275899
2997,dmnd,2,0.00072,37326,13.52886,275899
2998,dnalborczyk,2,0.00072,37328,13.52959,275899
2999,Doehl,2,0.00072,37330,13.53031,275899
3000,domoritz,2,0.00072,37332,13.53104,275899
3001,domusofsail,2,0.00072,37334,13.53176,275899
3002,dotLou,2,0.00072,37336,13.53249,275899
3003,dotzero,2,0.00072,37338,13.53321,275899
3004,douglasgimli,2,0.00072,37340,13.53394,275899
3005,douglasnaphas,2,0.00072,37342,13.53466,275899
3006,dpercy,2,0.00072,37344,13.53539,275899
3007,dpismenny,2,0.00072,37346,13.53611,275899
3008,dpurp,2,0.00072,37348,13.53684,275899
3009,drazisil,2,0.00072,37350,13.53756,275899
3010,drewnoakes,2,0.00072,37352,13.53829,275899
3011,Dreyer,2,0.00072,37354,13.53901,275899
3012,dreyks,2,0.00072,37356,13.53974,275899
3013,DrMarcII,2,0.00072,37358,13.54046,275899
3014,drmonkeyninja,2,0.00072,37360,13.54119,275899
3015,Droogans,2,0.00072,37362,13.54191,275899
3016,DrPizza,2,0.00072,37364,13.54264,275899
3017,drpoggi,2,0.00072,37366,13.54336,275899
3018,drusin,2,0.00072,37368,13.54409,275899
3019,dskells,2,0.00072,37370,13.54481,275899
3020,dufferzafar,2,0.00072,37372,13.54554,275899
3021,dummycode,2,0.00072,37374,13.54626,275899
3022,dumpstate,2,0.00072,37376,13.54699,275899
3023,duncanleung,2,0.00072,37378,13.54771,275899
3024,dushmis,2,0.00072,37380,13.54844,275899
3025,Duske,2,0.00072,37382,13.54916,275899
3026,dwanderton,2,0.00072,37384,13.54989,275899
3027,dxuehu,2,0.00072,37386,13.55061,275899
3028,dylanseago,2,0.00072,37388,13.55134,275899
3029,dyrock,2,0.00072,37390,13.55206,275899
3030,dzonatan,2,0.00072,37392,13.55279,275899
3031,eadordzhiev,2,0.00072,37394,13.55351,275899
3032,eagleeye,2,0.00072,37396,13.55424,275899
3033,e-cloud,2,0.00072,37398,13.55496,275899
3034,ecnepsnai,2,0.00072,37400,13.55569,275899
3035,eddyerburgh,2,0.00072,37402,13.55641,275899
3036,EdricChan03,2,0.00072,37404,13.55714,275899
3037,eduard9x,2,0.00072,37406,13.55786,275899
3038,eeeqxxtg,2,0.00072,37408,13.55858,275899
3039,eemeli,2,0.00072,37410,13.55931,275899
3040,eeue56,2,0.00072,37412,13.56003,275899
3041,ehmicky,2,0.00072,37414,13.56076,275899
3042,Eisermann,2,0.00072,37416,13.56148,275899
3043,ekkis,2,0.00072,37418,13.56221,275899
3044,elbaloo,2,0.00072,37420,13.56293,275899
3045,ElForastero,2,0.00072,37422,13.56366,275899
3046,Elhebert,2,0.00072,37424,13.56438,275899
3047,elinor-fung,2,0.00072,37426,13.56511,275899
3048,elkdanger,2,0.00072,37428,13.56583,275899
3049,eloytoro,2,0.00072,37430,13.56656,275899
3050,ElRaph,2,0.00072,37432,13.56728,275899
3051,elvisbegovic,2,0.00072,37434,13.56801,275899
3052,emedws,2,0.00072,37436,13.56873,275899
3053,EmericBr,2,0.00072,37438,13.56946,275899
3054,emilio,2,0.00072,37440,13.57018,275899
3055,EmilTholin,2,0.00072,37442,13.57091,275899
3056,emilyselwood,2,0.00072,37444,13.57163,275899
3057,emmanne08,2,0.00072,37446,13.57236,275899
3058,emmanuelbernard,2,0.00072,37448,13.57308,275899
3059,enkore,2,0.00072,37450,13.57381,275899
3060,EnoahNetzach,2,0.00072,37452,13.57453,275899
3061,enqode-hub,2,0.00072,37454,13.57526,275899
3062,enriquedacostacambio,2,0.00072,37456,13.57598,275899
3063,eoneill,2,0.00072,37458,13.57671,275899
3064,epps,2,0.00072,37460,13.57743,275899
3065,epsitec,2,0.00072,37462,13.57816,275899
3066,ericdouglas,2,0.00072,37464,13.57888,275899
3067,erictsangx,2,0.00072,37466,13.57961,275899
3068,EricWhiteDev,2,0.00072,37468,13.58033,275899
3069,eriol,2,0.00072,37470,13.58106,275899
3070,Ermiar,2,0.00072,37472,13.58178,275899
3071,Errorname,2,0.00072,37474,13.58251,275899
3072,erykwalder,2,0.00072,37476,13.58323,275899
3073,esagawe,2,0.00072,37478,13.58396,275899
3074,esr360,2,0.00072,37480,13.58468,275899
3075,eternalharvest,2,0.00072,37482,13.58541,275899
3076,Ethan-Arrowood,2,0.00072,37484,13.58613,275899
3077,ethanbeyer,2,0.00072,37486,13.58686,275899
3078,ethanwood17,2,0.00072,37488,13.58758,275899
3079,etiktin,2,0.00072,37490,13.58831,275899
3080,EugeneGarbuzov,2,0.00072,37492,13.58903,275899
3081,evancarey,2,0.00072,37494,13.58976,275899
3082,evgenyt1,2,0.00072,37496,13.59048,275899
3083,exvito,2,0.00072,37498,13.59121,275899
3084,EyalRonel,2,0.00072,37500,13.59193,275899
3085,EzequielB,2,0.00072,37502,13.59266,275899
3086,fa137,2,0.00072,37504,13.59338,275899
3087,fabiomcosta,2,0.00072,37506,13.59411,275899
3088,fabriciomurta,2,0.00072,37508,13.59483,275899
3089,faheel,2,0.00072,37510,13.59555,275899
3090,falms,2,0.00072,37512,13.59628,275899
3091,fasterthanlime,2,0.00072,37514,13.59700,275899
3092,fatso83,2,0.00072,37516,13.59773,275899
3093,fbergr,2,0.00072,37518,13.59845,275899
3094,FDIM,2,0.00072,37520,13.59918,275899
3095,fedesasso,2,0.00072,37522,13.59990,275899
3096,feelepxyz,2,0.00072,37524,13.60063,275899
3097,FelAl,2,0.00072,37526,13.60135,275899
3098,felipepessoto,2,0.00072,37528,13.60208,275899
3099,felixmosh,2,0.00072,37530,13.60280,275899
3100,felvhage,2,0.00072,37532,13.60353,275899
3101,fgreinacher,2,0.00072,37534,13.60425,275899
3102,firrae,2,0.00072,37536,13.60498,275899
3103,fishbar,2,0.00072,37538,13.60570,275899
3104,fkgozali,2,0.00072,37540,13.60643,275899
3105,FlashSheridan,2,0.00072,37542,13.60715,275899
3106,flowlight0,2,0.00072,37544,13.60788,275899
3107,flxwu,2,0.00072,37546,13.60860,275899
3108,fmbandit,2,0.00072,37548,13.60933,275899
3109,fmvilas,2,0.00072,37550,13.61005,275899
3110,FokkeZB,2,0.00072,37552,13.61078,275899
3111,fommil,2,0.00072,37554,13.61150,275899
3112,fonziemedia,2,0.00072,37556,13.61223,275899
3113,foolmoron,2,0.00072,37558,13.61295,275899
3114,foomango,2,0.00072,37560,13.61368,275899
3115,forkfork,2,0.00072,37562,13.61440,275899
3116,Foxtrek64,2,0.00072,37564,13.61513,275899
3117,foyangyu,2,0.00072,37566,13.61585,275899
3118,fpoumian,2,0.00072,37568,13.61658,275899
3119,francisdb,2,0.00072,37570,13.61730,275899
3120,francois2metz,2,0.00072,37572,13.61803,275899
3121,frankmorgner,2,0.00072,37574,13.61875,275899
3122,FransBouma,2,0.00072,37576,13.61948,275899
3123,freddyboucher,2,0.00072,37578,13.62020,275899
3124,freeall,2,0.00072,37580,13.62093,275899
3125,frehner,2,0.00072,37582,13.62165,275899
3126,fridays,2,0.00072,37584,13.62238,275899
3127,frostming,2,0.00072,37586,13.62310,275899
3128,FRSgit,2,0.00072,37588,13.62383,275899
3129,galgeek,2,0.00072,37590,13.62455,275899
3130,gangsthub,2,0.00072,37592,13.62528,275899
3131,garethnic,2,0.00072,37594,13.62600,275899
3132,garrows,2,0.00072,37596,13.62673,275899
3133,garycourt,2,0.00072,37598,13.62745,275899
3134,GaryPEGEOT,2,0.00072,37600,13.62818,275899
3135,gebilaoxiong,2,0.00072,37602,13.62890,275899
3136,geeknik,2,0.00072,37604,13.62963,275899
3137,geekrumper,2,0.00072,37606,13.63035,275899
3138,gengjiawen,2,0.00072,37608,13.63108,275899
3139,geoffthorpe,2,0.00072,37610,13.63180,275899
3140,georgekosmidis,2,0.00072,37612,13.63252,275899
3141,georgeonofrei,2,0.00072,37614,13.63325,275899
3142,GeorgiChochov,2,0.00072,37616,13.63397,275899
3143,gfoust,2,0.00072,37618,13.63470,275899
3144,ghardin137,2,0.00072,37620,13.63542,275899
3145,ghostd,2,0.00072,37622,13.63615,275899
3146,ghuntley,2,0.00072,37624,13.63687,275899
3147,gilchenzion,2,0.00072,37626,13.63760,275899
3148,g-k,2,0.00072,37628,13.63832,275899
3149,gkwang,2,0.00072,37630,13.63905,275899
3150,glassdimly,2,0.00072,37632,13.63977,275899
3151,Glazy,2,0.00072,37634,13.64050,275899
3152,glegrain,2,0.00072,37636,13.64122,275899
3153,glenstaes,2,0.00072,37638,13.64195,275899
3154,glombek,2,0.00072,37640,13.64267,275899
3155,gnovack,2,0.00072,37642,13.64340,275899
3156,goenning,2,0.00072,37644,13.64412,275899
3157,gomel4ever,2,0.00072,37646,13.64485,275899
3158,gonzalez,2,0.00072,37648,13.64557,275899
3159,gorbiz,2,0.00072,37650,13.64630,275899
3160,g-palmer,2,0.00072,37652,13.64702,275899
3161,gparlakov,2,0.00072,37654,13.64775,275899
3162,gpspake,2,0.00072,37656,13.64847,275899
3163,gr2m,2,0.00072,37658,13.64920,275899
3164,gracebenz,2,0.00072,37660,13.64992,275899
3165,Grasseh,2,0.00072,37662,13.65065,275899
3166,Green-Bug,2,0.00072,37664,13.65137,275899
3167,greggunner,2,0.00072,37666,13.65210,275899
3168,gregkalapos,2,0.00072,37668,13.65282,275899
3169,GregoryPorter,2,0.00072,37670,13.65355,275899
3170,griffinmyers,2,0.00072,37672,13.65427,275899
3171,grisha-kotler,2,0.00072,37674,13.65500,275899
3172,groninge01,2,0.00072,37676,13.65572,275899
3173,Grygir,2,0.00072,37678,13.65645,275899
3174,gsklee,2,0.00072,37680,13.65717,275899
3175,gswalden,2,0.00072,37682,13.65790,275899
3176,gucluoz,2,0.00072,37684,13.65862,275899
3177,guiguan,2,0.00072,37686,13.65935,275899
3178,guimon,2,0.00072,37688,13.66007,275899
3179,guiruiz,2,0.00072,37690,13.66080,275899
3180,guox191,2,0.00072,37692,13.66152,275899
3181,gu-xionghong,2,0.00072,37694,13.66225,275899
3182,gxvv,2,0.00072,37696,13.66297,275899
3183,gyfis,2,0.00072,37698,13.66370,275899
3184,gzm0,2,0.00072,37700,13.66442,275899
3185,hadrienk,2,0.00072,37702,13.66515,275899
3186,haishengwu-okta,2,0.00072,37704,13.66587,275899
3187,hajekj,2,0.00072,37706,13.66660,275899
3188,halitogunc,2,0.00072,37708,13.66732,275899
3189,hamish-rose,2,0.00072,37710,13.66805,275899
3190,hans-kinnek,2,0.00072,37712,13.66877,275899
3191,hariberry,2,0.00072,37714,13.66949,275899
3192,harishgadiya,2,0.00072,37716,13.67022,275899
3193,HarveyZhang,2,0.00072,37718,13.67094,275899
3194,haubi,2,0.00072,37720,13.67167,275899
3195,haveo,2,0.00072,37722,13.67239,275899
3196,haveyaseen,2,0.00072,37724,13.67312,275899
3197,hawkrives,2,0.00072,37726,13.67384,275899
3198,hbrotan,2,0.00072,37728,13.67457,275899
3199,hc-codersatlas,2,0.00072,37730,13.67529,275899
3200,heavybeard,2,0.00072,37732,13.67602,275899
3201,hehachris,2,0.00072,37734,13.67674,275899
3202,helio-frota,2,0.00072,37736,13.67747,275899
3203,helios1101,2,0.00072,37738,13.67819,275899
3204,hemp,2,0.00072,37740,13.67892,275899
3205,hendricius,2,0.00072,37742,13.67964,275899
3206,hgwood,2,0.00072,37744,13.68037,275899
3207,hhua1120,2,0.00072,37746,13.68109,275899
3208,hibnico,2,0.00072,37748,13.68182,275899
3209,hikaru-light,2,0.00072,37750,13.68254,275899
3210,himynameisdave,2,0.00072,37752,13.68327,275899
3211,HiveSolution,2,0.00072,37754,13.68399,275899
3212,hjmoss,2,0.00072,37756,13.68472,275899
3213,hknielsen,2,0.00072,37758,13.68544,275899
3214,hleumas,2,0.00072,37760,13.68617,275899
3215,hmethvin,2,0.00072,37762,13.68689,275899
3216,HornyakBence,2,0.00072,37764,13.68762,275899
3217,HotelDon,2,0.00072,37766,13.68834,275899
3218,hotforfeature,2,0.00072,37768,13.68907,275899
3219,hshn,2,0.00072,37770,13.68979,275899
3220,htmldoug,2,0.00072,37772,13.69052,275899
3221,huaoguo,2,0.00072,37774,13.69124,275899
3222,huerlisi,2,0.00072,37776,13.69197,275899
3223,hugomn,2,0.00072,37778,13.69269,275899
3224,huww98,2,0.00072,37780,13.69342,275899
3225,hxsf,2,0.00072,37782,13.69414,275899
3226,h-yamamo,2,0.00072,37784,13.69487,275899
3227,hypersw,2,0.00072,37786,13.69559,275899
3228,iainnicol,2,0.00072,37788,13.69632,275899
3229,ianobermiller,2,0.00072,37790,13.69704,275899
3230,iarna,2,0.00072,37792,13.69777,275899
3231,iblamefish,2,0.00072,37794,13.69849,275899
3232,iconoeugen,2,0.00072,37796,13.69922,275899
3233,idg10,2,0.00072,37798,13.69994,275899
3234,idlerboris,2,0.00072,37800,13.70067,275899
3235,IdoBn,2,0.00072,37802,13.70139,275899
3236,ieatfood,2,0.00072,37804,13.70212,275899
3237,IeuanG,2,0.00072,37806,13.70284,275899
3238,igorline,2,0.00072,37808,13.70357,275899
3239,iilei,2,0.00072,37810,13.70429,275899
3240,IlCallo,2,0.00072,37812,13.70502,275899
3241,iliasch,2,0.00072,37814,13.70574,275899
3242,ilyasidorchik,2,0.00072,37816,13.70647,275899
3243,imagentleman,2,0.00072,37818,13.70719,275899
3244,imba-tjd,2,0.00072,37820,13.70791,275899
3245,ImgBotApp,2,0.00072,37822,13.70864,275899
3246,imikay,2,0.00072,37824,13.70936,275899
3247,imjanghyuk,2,0.00072,37826,13.71009,275899
3248,IndigoVerge,2,0.00072,37828,13.71081,275899
3249,indrimuska,2,0.00072,37830,13.71154,275899
3250,indutny,2,0.00072,37832,13.71226,275899
3251,inkinworld,2,0.00072,37834,13.71299,275899
3252,insin,2,0.00072,37836,13.71371,275899
3253,int64ago,2,0.00072,37838,13.71444,275899
3254,ipeters90,2,0.00072,37840,13.71516,275899
3255,ipinak,2,0.00072,37842,13.71589,275899
3256,iRumba,2,0.00072,37844,13.71661,275899
3257,isaacplmann,2,0.00072,37846,13.71734,275899
3258,isnotnick,2,0.00072,37848,13.71806,275899
3259,istarkov,2,0.00072,37850,13.71879,275899
3260,istudens,2,0.00072,37852,13.71951,275899
3261,itamark,2,0.00072,37854,13.72024,275899
3262,itchyny,2,0.00072,37856,13.72096,275899
3263,ivandevp,2,0.00072,37858,13.72169,275899
3264,ivan-kleshnin,2,0.00072,37860,13.72241,275899
3265,ivikash,2,0.00072,37862,13.72314,275899
3266,ivoanjo,2,0.00072,37864,13.72386,275899
3267,ivomju,2,0.00072,37866,13.72459,275899
3268,J3remyD,2,0.00072,37868,13.72531,275899
3269,j4nw,2,0.00072,37870,13.72604,275899
3270,jaaberg,2,0.00072,37872,13.72676,275899
3271,jablko,2,0.00072,37874,13.72749,275899
3272,jacktan1991,2,0.00072,37876,13.72821,275899
3273,JacobJohansen,2,0.00072,37878,13.72894,275899
3274,jacobrask,2,0.00072,37880,13.72966,275899
3275,jacobscarter,2,0.00072,37882,13.73039,275899
3276,Jaco-Pretorius,2,0.00072,37884,13.73111,275899
3277,jadarnel27,2,0.00072,37886,13.73184,275899
3278,Jaehlee11,2,0.00072,37888,13.73256,275899
3279,jagomf,2,0.00072,37890,13.73329,275899
3280,jahraphael,2,0.00072,37892,13.73401,275899
3281,jahumes,2,0.00072,37894,13.73474,275899
3282,JakeChampion,2,0.00072,37896,13.73546,275899
3283,jakewins,2,0.00072,37898,13.73619,275899
3284,jalbrzym,2,0.00072,37900,13.73691,275899
3285,Jamaks,2,0.00072,37902,13.73764,275899
3286,jamedranoa,2,0.00072,37904,13.73836,275899
3287,james4388,2,0.00072,37906,13.73909,275899
3288,JamesBoon,2,0.00072,37908,13.73981,275899
3289,james-callahan,2,0.00072,37910,13.74054,275899
3290,jamesgpearce,2,0.00072,37912,13.74126,275899
3291,jamessawle,2,0.00072,37914,13.74199,275899
3292,jameswomack,2,0.00072,37916,13.74271,275899
3293,Jamim,2,0.00072,37918,13.74344,275899
3294,JanDalF,2,0.00072,37920,13.74416,275899
3295,JandersonConstantino,2,0.00072,37922,13.74488,275899
3296,jandockx,2,0.00072,37924,13.74561,275899
3297,Janfred,2,0.00072,37926,13.74633,275899
3298,JanisE,2,0.00072,37928,13.74706,275899
3299,jannic,2,0.00072,37930,13.74778,275899
3300,jasongrlicky,2,0.00072,37932,13.74851,275899
3301,jasonwilliams,2,0.00072,37934,13.74923,275899
3302,javache,2,0.00072,37936,13.74996,275899
3303,javkhaanj7,2,0.00072,37938,13.75068,275899
3304,jaykrell,2,0.00072,37940,13.75141,275899
3305,jayspringate,2,0.00072,37942,13.75213,275899
3306,jayvdb,2,0.00072,37944,13.75286,275899
3307,jbandi,2,0.00072,37946,13.75358,275899
3308,jbarnettwomply,2,0.00072,37948,13.75431,275899
3309,jbe2277,2,0.00072,37950,13.75503,275899
3310,JBeatz,2,0.00072,37952,13.75576,275899
3311,jbelien,2,0.00072,37954,13.75648,275899
3312,jbenoit2011,2,0.00072,37956,13.75721,275899
3313,jbialobr,2,0.00072,37958,13.75793,275899
3314,jboavida,2,0.00072,37960,13.75866,275899
3315,jbonta,2,0.00072,37962,13.75938,275899
3316,jborgland,2,0.00072,37964,13.76011,275899
3317,jchiatt,2,0.00072,37966,13.76083,275899
3318,jcrben,2,0.00072,37968,13.76156,275899
3319,jcready,2,0.00072,37970,13.76228,275899
3320,jcspader,2,0.00072,37972,13.76301,275899
3321,jdanil,2,0.00072,37974,13.76373,275899
3322,jd-carroll,2,0.00072,37976,13.76446,275899
3323,jdelStrother,2,0.00072,37978,13.76518,275899
3324,jdorfman,2,0.00072,37980,13.76591,275899
3325,jdufresne,2,0.00072,37982,13.76663,275899
3326,jedesah,2,0.00072,37984,13.76736,275899
3327,jedwards1211,2,0.00072,37986,13.76808,275899
3328,JeffCyr,2,0.00072,37988,13.76881,275899
3329,jeffhandley,2,0.00072,37990,13.76953,275899
3330,jeffreypriebe,2,0.00072,37992,13.77026,275899
3331,Jefiozie,2,0.00072,37994,13.77098,275899
3332,jenjwong,2,0.00072,37996,13.77171,275899
3333,jennifer-mann,2,0.00072,37998,13.77243,275899
3334,jennyraj,2,0.00072,38000,13.77316,275899
3335,jeremenichelli,2,0.00072,38002,13.77388,275899
3336,jeremyruppel,2,0.00072,38004,13.77461,275899
3337,jerome-nelson,2,0.00072,38006,13.77533,275899
3338,jessebeach,2,0.00072,38008,13.77606,275899
3339,jessicamvs,2,0.00072,38010,13.77678,275899
3340,jessycormier,2,0.00072,38012,13.77751,275899
3341,jgalat,2,0.00072,38014,13.77823,275899
3342,jghaines,2,0.00072,38016,13.77896,275899
3343,jhabdas,2,0.00072,38018,13.77968,275899
3344,jhamm,2,0.00072,38020,13.78041,275899
3345,jharris4,2,0.00072,38022,13.78113,275899
3346,jhnaldo,2,0.00072,38024,13.78185,275899
3347,jiabaowu,2,0.00072,38026,13.78258,275899
3348,JianMeng,2,0.00072,38028,13.78330,275899
3349,jiayihu,2,0.00072,38030,13.78403,275899
3350,jileeon,2,0.00072,38032,13.78475,275899
3351,Jimbly,2,0.00072,38034,13.78548,275899
3352,JimiHFord,2,0.00072,38036,13.78620,275899
3353,jiminikiz,2,0.00072,38038,13.78693,275899
3354,jimlloyd,2,0.00072,38040,13.78765,275899
3355,jimmywarting,2,0.00072,38042,13.78838,275899
3356,jimthedev,2,0.00072,38044,13.78910,275899
3357,jjware,2,0.00072,38046,13.78983,275899
3358,jmaebe,2,0.00072,38048,13.79055,275899
3359,jmbyerly,2,0.00072,38050,13.79128,275899
3360,jmendeth,2,0.00072,38052,13.79200,275899
3361,jnaputi253,2,0.00072,38054,13.79273,275899
3362,joakimbl,2,0.00072,38056,13.79345,275899
3363,jochenberger,2,0.00072,38058,13.79418,275899
3364,joe2018Outlookcom,2,0.00072,38060,13.79490,275899
3365,joearasin,2,0.00072,38062,13.79563,275899
3366,joefreeman,2,0.00072,38064,13.79635,275899
3367,joej164,2,0.00072,38066,13.79708,275899
3368,joejordanbrown,2,0.00072,38068,13.79780,275899
3369,joekrill,2,0.00072,38070,13.79853,275899
3370,joel-leitch,2,0.00072,38072,13.79925,275899
3371,joelongstreet,2,0.00072,38074,13.79998,275899
3372,joeratt,2,0.00072,38076,13.80070,275899
3373,JohanLarsson,2,0.00072,38078,13.80143,275899
3374,johannes-scharlach,2,0.00072,38080,13.80215,275899
3375,joh-klein,2,0.00072,38082,13.80288,275899
3376,johnhoffman,2,0.00072,38084,13.80360,275899
3377,johnjohndoe,2,0.00072,38086,13.80433,275899
3378,johnlonganecker,2,0.00072,38088,13.80505,275899
3379,johnnyRose,2,0.00072,38090,13.80578,275899
3380,johntron,2,0.00072,38092,13.80650,275899
3381,joliss,2,0.00072,38094,13.80723,275899
3382,jolly-roger,2,0.00072,38096,13.80795,275899
3383,jonahkirangi,2,0.00072,38098,13.80868,275899
3384,jonathantyates,2,0.00072,38100,13.80940,275899
3385,jongear,2,0.00072,38102,13.81013,275899
3386,jo-ninja,2,0.00072,38104,13.81085,275899
3387,jonmill,2,0.00072,38106,13.81158,275899
3388,jonotron,2,0.00072,38108,13.81230,275899
3389,joongsoo,2,0.00072,38110,13.81303,275899
3390,jordanstephens,2,0.00072,38112,13.81375,275899
3391,jorgeucano,2,0.00072,38114,13.81448,275899
3392,JosephTremoulet,2,0.00072,38116,13.81520,275899
3393,joshalling,2,0.00072,38118,13.81593,275899
3394,JoshData,2,0.00072,38120,13.81665,275899
3395,joshdrees,2,0.00072,38122,13.81738,275899
3396,josherick,2,0.00072,38124,13.81810,275899
3397,joshgerdes,2,0.00072,38126,13.81883,275899
3398,joshuacaron,2,0.00072,38128,13.81955,275899
3399,JoshuaGross,2,0.00072,38130,13.82027,275899
3400,JoshuaJWilborn,2,0.00072,38132,13.82100,275899
3401,JoshuaKGoldberg,2,0.00072,38134,13.82172,275899
3402,JosVerburg,2,0.00072,38136,13.82245,275899
3403,JoviDeCroock,2,0.00072,38138,13.82317,275899
3404,joyzheng,2,0.00072,38140,13.82390,275899
3405,jpelcis,2,0.00072,38142,13.82462,275899
3406,jpkleemans,2,0.00072,38144,13.82535,275899
3407,jplebre,2,0.00072,38146,13.82607,275899
3408,jrocha,2,0.00072,38148,13.82680,275899
3409,jsayol,2,0.00072,38150,13.82752,275899
3410,jschmidb,2,0.00072,38152,13.82825,275899
3411,jseabold,2,0.00072,38154,13.82897,275899
3412,jsto,2,0.00072,38156,13.82970,275899
3413,JTKnox91,2,0.00072,38158,13.83042,275899
3414,juandiana,2,0.00072,38160,13.83115,275899
3415,juangabreil,2,0.00072,38162,13.83187,275899
3416,juikim,2,0.00072,38164,13.83260,275899
3417,julen,2,0.00072,38166,13.83332,275899
3418,juliushardt,2,0.00072,38168,13.83405,275899
3419,julkwel,2,0.00072,38170,13.83477,275899
3420,JustATrick,2,0.00072,38172,13.83550,275899
3421,justincron,2,0.00072,38174,13.83622,275899
3422,jwbay,2,0.00072,38176,13.83695,275899
3423,jwworth,2,0.00072,38178,13.83767,275899
3424,kacf,2,0.00072,38180,13.83840,275899
3425,kachhalimbu,2,0.00072,38182,13.83912,275899
3426,Kachulio1,2,0.00072,38184,13.83985,275899
3427,Kahbazi,2,0.00072,38186,13.84057,275899
3428,kaigouthro,2,0.00072,38188,13.84130,275899
3429,KaiserItachi,2,0.00072,38190,13.84202,275899
3430,kambleaa007,2,0.00072,38192,13.84275,275899
3431,kamilkloch,2,0.00072,38194,13.84347,275899
3432,kaminskypavel,2,0.00072,38196,13.84420,275899
3433,kamranayub,2,0.00072,38198,13.84492,275899
3434,kamronbatman,2,0.00072,38200,13.84565,275899
3435,kant2002,2,0.00072,38202,13.84637,275899
3436,kapace,2,0.00072,38204,13.84710,275899
3437,karlhorky,2,0.00072,38206,13.84782,275899
3438,karthikb351,2,0.00072,38208,13.84855,275899
3439,kasperlewau,2,0.00072,38210,13.84927,275899
3440,kastentx,2,0.00072,38212,13.85000,275899
3441,kaufholdr,2,0.00072,38214,13.85072,275899
3442,kaylee42,2,0.00072,38216,13.85145,275899
3443,kemitchell,2,0.00072,38218,13.85217,275899
3444,kendaleiv,2,0.00072,38220,13.85290,275899
3445,ken-guru,2,0.00072,38222,13.85362,275899
3446,kenotron,2,0.00072,38224,13.85435,275899
3447,kevdonk,2,0.00072,38226,13.85507,275899
3448,kevgathuku,2,0.00072,38228,13.85580,275899
3449,kevinkucharczyk,2,0.00072,38230,13.85652,275899
3450,kevinSuttle,2,0.00072,38232,13.85724,275899
3451,kgajera,2,0.00072,38234,13.85797,275899
3452,KieranDotCo,2,0.00072,38236,13.85869,275899
3453,kikoanis,2,0.00072,38238,13.85942,275899
3454,kindy,2,0.00072,38240,13.86014,275899
3455,KirankumarAmbati,2,0.00072,38242,13.86087,275899
3456,kirillkh,2,0.00072,38244,13.86159,275899
3457,kirrg001,2,0.00072,38246,13.86232,275899
3458,kiyolee,2,0.00072,38248,13.86304,275899
3459,kkocel,2,0.00072,38250,13.86377,275899
3460,kkoopa,2,0.00072,38252,13.86449,275899
3461,kkopachev,2,0.00072,38254,13.86522,275899
3462,kkopanidis,2,0.00072,38256,13.86594,275899
3463,KlemenPlazar,2,0.00072,38258,13.86667,275899
3464,klimenko,2,0.00072,38260,13.86739,275899
3465,kmaida,2,0.00072,38262,13.86812,275899
3466,kmccullough,2,0.00072,38264,13.86884,275899
3467,knekritz,2,0.00072,38266,13.86957,275899
3468,kobake,2,0.00072,38268,13.87029,275899
3469,KoleMyers,2,0.00072,38270,13.87102,275899
3470,komainu8,2,0.00072,38272,13.87174,275899
3471,kopancek,2,0.00072,38274,13.87247,275899
3472,Kopyov,2,0.00072,38276,13.87319,275899
3473,kor-k,2,0.00072,38278,13.87392,275899
3474,korli,2,0.00072,38280,13.87464,275899
3475,kpping,2,0.00072,38282,13.87537,275899
3476,kpwbo,2,0.00072,38284,13.87609,275899
3477,krk,2,0.00072,38286,13.87682,275899
3478,kroky,2,0.00072,38288,13.87754,275899
3479,kruyvanna,2,0.00072,38290,13.87827,275899
3480,ktos,2,0.00072,38292,13.87899,275899
3481,kulabun,2,0.00072,38294,13.87972,275899
3482,kumarmj,2,0.00072,38296,13.88044,275899
3483,kumpera,2,0.00072,38298,13.88117,275899
3484,kuncevich,2,0.00072,38300,13.88189,275899
3485,kunukn,2,0.00072,38302,13.88262,275899
3486,kurtfurbush,2,0.00072,38304,13.88334,275899
3487,kvetis,2,0.00072,38306,13.88407,275899
3488,kwiateusz,2,0.00072,38308,13.88479,275899
3489,kwiatkk1,2,0.00072,38310,13.88552,275899
3490,kwonoj,2,0.00072,38312,13.88624,275899
3491,kwypchlo,2,0.00072,38314,13.88697,275899
3492,kylecho,2,0.00072,38316,13.88769,275899
3493,Lacaranian,2,0.00072,38318,13.88842,275899
3494,lachlanjc,2,0.00072,38320,13.88914,275899
3495,laiso,2,0.00072,38322,13.88987,275899
3496,laispace,2,0.00072,38324,13.89059,275899
3497,lakerko,2,0.00072,38326,13.89132,275899
3498,Landmaster,2,0.00072,38328,13.89204,275899
3499,landrok,2,0.00072,38330,13.89277,275899
3500,landvibe,2,0.00072,38332,13.89349,275899
3501,larsgrefer,2,0.00072,38334,13.89421,275899
3502,larsp,2,0.00072,38336,13.89494,275899
3503,lasekio,2,0.00072,38338,13.89566,275899
3504,lasthero,2,0.00072,38340,13.89639,275899
3505,lastland,2,0.00072,38342,13.89711,275899
3506,laur89,2,0.00072,38344,13.89784,275899
3507,LaurensN,2,0.00072,38346,13.89856,275899
3508,lazywithclass,2,0.00072,38348,13.89929,275899
3509,lbalmaceda,2,0.00072,38350,13.90001,275899
3510,lborgav,2,0.00072,38352,13.90074,275899
3511,lchesson,2,0.00072,38354,13.90146,275899
3512,LeeAdcock,2,0.00072,38356,13.90219,275899
3513,leehankyeol,2,0.00072,38358,13.90291,275899
3514,LeekAnarchism,2,0.00072,38360,13.90364,275899
3515,LeffeBakedBird,2,0.00072,38362,13.90436,275899
3516,lelandrichardson,2,0.00072,38364,13.90509,275899
3517,leobalter,2,0.00072,38366,13.90581,275899
3518,LeoLogeart,2,0.00072,38368,13.90654,275899
3519,leonardosouza,2,0.00072,38370,13.90726,275899
3520,leshkovichpvl,2,0.00072,38372,13.90799,275899
3521,lespacedunmatin,2,0.00072,38374,13.90871,275899
3522,LeSuisse,2,0.00072,38376,13.90944,275899
3523,Lette,2,0.00072,38378,13.91016,275899
3524,leventov,2,0.00072,38380,13.91089,275899
3525,levgaas,2,0.00072,38382,13.91161,275899
3526,lewisblackwood,2,0.00072,38384,13.91234,275899
3527,lght,2,0.00072,38386,13.91306,275899
3528,Liad91,2,0.00072,38388,13.91379,275899
3529,liamkeaton,2,0.00072,38390,13.91451,275899
3530,libHive,2,0.00072,38392,13.91524,275899
3531,libreninja,2,0.00072,38394,13.91596,275899
3532,libuk,2,0.00072,38396,13.91669,275899
3533,lifeiscontent,2,0.00072,38398,13.91741,275899
3534,liff,2,0.00072,38400,13.91814,275899
3535,light24bulbs,2,0.00072,38402,13.91886,275899
3536,lihaoyi,2,0.00072,38404,13.91959,275899
3537,linshunghuang,2,0.00072,38406,13.92031,275899
3538,lionelerard,2,0.00072,38408,13.92104,275899
3539,lislon,2,0.00072,38410,13.92176,275899
3540,listton,2,0.00072,38412,13.92249,275899
3541,liushmh,2,0.00072,38414,13.92321,275899
3542,livthomas,2,0.00072,38416,13.92394,275899
3543,lizhe2004,2,0.00072,38418,13.92466,275899
3544,llambda,2,0.00072,38420,13.92539,275899
3545,lleevvyy,2,0.00072,38422,13.92611,275899
3546,llorenspujol,2,0.00072,38424,13.92684,275899
3547,lobster2012-user,2,0.00072,38426,13.92756,275899
3548,localstatic,2,0.00072,38428,13.92829,275899
3549,loganripplinger,2,0.00072,38430,13.92901,275899
3550,loicgasser,2,0.00072,38432,13.92974,275899
3551,lokson,2,0.00072,38434,13.93046,275899
3552,lolyonok,2,0.00072,38436,13.93118,275899
3553,lopesc,2,0.00072,38438,13.93191,275899
3554,lostintangent,2,0.00072,38440,13.93263,275899
3555,lotyrin,2,0.00072,38442,13.93336,275899
3556,louischatriot,2,0.00072,38444,13.93408,275899
3557,lovell,2,0.00072,38446,13.93481,275899
3558,lox,2,0.00072,38448,13.93553,275899
3559,lpinca,2,0.00072,38450,13.93626,275899
3560,LPTK,2,0.00072,38452,13.93698,275899
3561,lscspirit,2,0.00072,38454,13.93771,275899
3562,lsharir,2,0.00072,38456,13.93843,275899
3563,lucastetreault,2,0.00072,38458,13.93916,275899
3564,luciomartinez,2,0.00072,38460,13.93988,275899
3565,luftywiranda13,2,0.00072,38462,13.94061,275899
3566,luigiberrettini,2,0.00072,38464,13.94133,275899
3567,luka454,2,0.00072,38466,13.94206,275899
3568,lukasmatta,2,0.00072,38468,13.94278,275899
3569,lukasolson,2,0.00072,38470,13.94351,275899
3570,lukeb,2,0.00072,38472,13.94423,275899
3571,lukebelliveau,2,0.00072,38474,13.94496,275899
3572,lukeb-uk,2,0.00072,38476,13.94568,275899
3573,lukefrake,2,0.00072,38478,13.94641,275899
3574,lukehorvat,2,0.00072,38480,13.94713,275899
3575,lukepolo,2,0.00072,38482,13.94786,275899
3576,lukewaite,2,0.00072,38484,13.94858,275899
3577,lukewestby,2,0.00072,38486,13.94931,275899
3578,lutzhorn,2,0.00072,38488,13.95003,275899
3579,lvn,2,0.00072,38490,13.95076,275899
3580,lyngaas,2,0.00072,38492,13.95148,275899
3581,lziest,2,0.00072,38494,13.95221,275899
3582,m0uneer,2,0.00072,38496,13.95293,275899
3583,m18,2,0.00072,38498,13.95366,275899
3584,m90,2,0.00072,38500,13.95438,275899
3585,MaadMax,2,0.00072,38502,13.95511,275899
3586,MaceWindu,2,0.00072,38504,13.95583,275899
3587,MacroChip,2,0.00072,38506,13.95656,275899
3588,madcampos,2,0.00072,38508,13.95728,275899
3589,madetara,2,0.00072,38510,13.95801,275899
3590,magnificode,2,0.00072,38512,13.95873,275899
3591,mahalde,2,0.00072,38514,13.95946,275899
3592,maiermic,2,0.00072,38516,13.96018,275899
3593,maleetz,2,0.00072,38518,13.96091,275899
3594,malgosiastp,2,0.00072,38520,13.96163,275899
3595,Manduro,2,0.00072,38522,13.96236,275899
3596,manimis902,2,0.00072,38524,13.96308,275899
3597,ManishPatidar1,2,0.00072,38526,13.96381,275899
3598,manonthemat,2,0.00072,38528,13.96453,275899
3599,MansourFall,2,0.00072,38530,13.96526,275899
3600,mantasaudickas,2,0.00072,38532,13.96598,275899
3601,manuelschneider,2,0.00072,38534,13.96671,275899
3602,marcelosdm,2,0.00072,38536,13.96743,275899
3603,marcin-mazurek,2,0.00072,38538,13.96816,275899
3604,marcnet80,2,0.00072,38540,13.96888,275899
3605,marcolino,2,0.00072,38542,13.96960,275899
3606,Marcono1234,2,0.00072,38544,13.97033,275899
3607,marcospassos,2,0.00072,38546,13.97105,275899
3608,mareklinka,2,0.00072,38548,13.97178,275899
3609,marionebl,2,0.00072,38550,13.97250,275899
3610,mariosouto,2,0.00072,38552,13.97323,275899
3611,mariotacke,2,0.00072,38554,13.97395,275899
3612,markgardner,2,0.00072,38556,13.97468,275899
3613,MarkHerhold,2,0.00072,38558,13.97540,275899
3614,MarkMurphy,2,0.00072,38560,13.97613,275899
3615,MarkPieszak,2,0.00072,38562,13.97685,275899
3616,MarkusSintonen,2,0.00072,38564,13.97758,275899
3617,marlonbarcarol,2,0.00072,38566,13.97830,275899
3618,marschall,2,0.00072,38568,13.97903,275899
3619,MarshallOfSound,2,0.00072,38570,13.97975,275899
3620,marta-krzyk-dev,2,0.00072,38572,13.98048,275899
3621,martingbrown,2,0.00072,38574,13.98120,275899
3622,MartinMa,2,0.00072,38576,13.98193,275899
3623,martinmcwhorter,2,0.00072,38578,13.98265,275899
3624,martinscholz83,2,0.00072,38580,13.98338,275899
3625,mashhoodr,2,0.00072,38582,13.98410,275899
3626,MasseGuillaume,2,0.00072,38584,13.98483,275899
3627,massic80,2,0.00072,38586,13.98555,275899
3628,mastermatt,2,0.00072,38588,13.98628,275899
3629,matanlurey,2,0.00072,38590,13.98700,275899
3630,mathuin,2,0.00072,38592,13.98773,275899
3631,matiaslarsson,2,0.00072,38594,13.98845,275899
3632,matt40k,2,0.00072,38596,13.98918,275899
3633,mattbdean,2,0.00072,38598,13.98990,275899
3634,matteofigus,2,0.00072,38600,13.99063,275899
3635,matthewdordal,2,0.00072,38602,13.99135,275899
3636,MatthewRayfield,2,0.00072,38604,13.99208,275899
3637,MatthewShotton,2,0.00072,38606,13.99280,275899
3638,MatthiasKunnen,2,0.00072,38608,13.99353,275899
3639,mattjanssen,2,0.00072,38610,13.99425,275899
3640,mattpolzin,2,0.00072,38612,13.99498,275899
3641,mattwarren,2,0.00072,38614,13.99570,275899
3642,maxbarnas,2,0.00072,38616,13.99643,275899
3643,maxschmeling,2,0.00072,38618,13.99715,275899
3644,maxwt,2,0.00072,38620,13.99788,275899
3645,mbrookes,2,0.00072,38622,13.99860,275899
3646,mcculls,2,0.00072,38624,13.99933,275899
3647,mcdado,2,0.00072,38626,14.00005,275899
3648,mchapman,2,0.00072,38628,14.00078,275899
3649,mchv,2,0.00072,38630,14.00150,275899
3650,mcpDESIGNS,2,0.00072,38632,14.00223,275899
3651,mdarveau,2,0.00072,38634,14.00295,275899
3652,mdlavin,2,0.00072,38636,14.00368,275899
3653,meDavid,2,0.00072,38638,14.00440,275899
3654,medikoo,2,0.00072,38640,14.00513,275899
3655,megastef,2,0.00072,38642,14.00585,275899
3656,Meir017,2,0.00072,38644,14.00657,275899
3657,meirotstein,2,0.00072,38646,14.00730,275899
3658,melbourne2991,2,0.00072,38648,14.00802,275899
3659,meliaxford,2,0.00072,38650,14.00875,275899
3660,mercutiodesign,2,0.00072,38652,14.00947,275899
3661,meziantou,2,0.00072,38654,14.01020,275899
3662,mfijas,2,0.00072,38656,14.01092,275899
3663,mfitz3,2,0.00072,38658,14.01165,275899
3664,mgenereu,2,0.00072,38660,14.01237,275899
3665,mgenware,2,0.00072,38662,14.01310,275899
3666,mgolovatiy-atconsulting-ru,2,0.00072,38664,14.01382,275899
3667,mguidotto,2,0.00072,38666,14.01455,275899
3668,mguinness,2,0.00072,38668,14.01527,275899
3669,mhadam,2,0.00072,38670,14.01600,275899
3670,mheiber,2,0.00072,38672,14.01672,275899
3671,mhibino,2,0.00072,38674,14.01745,275899
3672,mhujer,2,0.00072,38676,14.01817,275899
3673,micellius,2,0.00072,38678,14.01890,275899
3674,michaelaird,2,0.00072,38680,14.01962,275899
3675,michaelb958,2,0.00072,38682,14.02035,275899
3676,michaelbazos,2,0.00072,38684,14.02107,275899
3677,MichaelDeBoey,2,0.00072,38686,14.02180,275899
3678,michaelgmcd,2,0.00072,38688,14.02252,275899
3679,MichaelJGW,2,0.00072,38690,14.02325,275899
3680,MicheleBertoli,2,0.00072,38692,14.02397,275899
3681,miguelc1221,2,0.00072,38694,14.02470,275899
3682,MiguelMadero,2,0.00072,38696,14.02542,275899
3683,miguelmota,2,0.00072,38698,14.02615,275899
3684,mihbor,2,0.00072,38700,14.02687,275899
3685,mikaelstaldal,2,0.00072,38702,14.02760,275899
3686,mikejacobson,2,0.00072,38704,14.02832,275899
3687,mikeldpl,2,0.00072,38706,14.02905,275899
3688,MikeRalphson,2,0.00072,38708,14.02977,275899
3689,mikernet,2,0.00072,38710,14.03050,275899
3690,MikeyBeLike,2,0.00072,38712,14.03122,275899
3691,milesj,2,0.00072,38714,14.03195,275899
3692,miloszkukla,2,0.00072,38716,14.03267,275899
3693,Minilfat,2,0.00072,38718,14.03340,275899
3694,miquelruiz,2,0.00072,38720,14.03412,275899
3695,miraage,2,0.00072,38722,14.03485,275899
3696,Mischi,2,0.00072,38724,14.03557,275899
3697,Mixpa,2,0.00072,38726,14.03630,275899
3698,mjp41,2,0.00072,38728,14.03702,275899
3699,mjschranz,2,0.00072,38730,14.03775,275899
3700,mjwwit,2,0.00072,38732,14.03847,275899
3701,mkalish,2,0.00072,38734,14.03920,275899
3702,mkasperski,2,0.00072,38736,14.03992,275899
3703,mkordas,2,0.00072,38738,14.04065,275899
3704,mk-pmb,2,0.00072,38740,14.04137,275899
3705,mlrv,2,0.00072,38742,14.04210,275899
3706,mlwilkerson,2,0.00072,38744,14.04282,275899
3707,mmiszy,2,0.00072,38746,14.04354,275899
3708,mmiyashita,2,0.00072,38748,14.04427,275899
3709,moacirosa,2,0.00072,38750,14.04499,275899
3710,MoFtZ,2,0.00072,38752,14.04572,275899
3711,mondwan,2,0.00072,38754,14.04644,275899
3712,monosoul,2,0.00072,38756,14.04717,275899
3713,Moorzee,2,0.00072,38758,14.04789,275899
3714,moretti,2,0.00072,38760,14.04862,275899
3715,morgoth,2,0.00072,38762,14.04934,275899
3716,morgsmccauley,2,0.00072,38764,14.05007,275899
3717,moshen,2,0.00072,38766,14.05079,275899
3718,Mottie,2,0.00072,38768,14.05152,275899
3719,mourahi,2,0.00072,38770,14.05224,275899
3720,mperrando,2,0.00072,38772,14.05297,275899
3721,mpiotrowicz,2,0.00072,38774,14.05369,275899
3722,mplonka,2,0.00072,38776,14.05442,275899
3723,mpollmeier,2,0.00072,38778,14.05514,275899
3724,MrJean,2,0.00072,38780,14.05587,275899
3725,MrRexZ,2,0.00072,38782,14.05659,275899
3726,mseemann,2,0.00072,38784,14.05732,275899
3727,MSK61,2,0.00072,38786,14.05804,275899
3728,msosa,2,0.00072,38788,14.05877,275899
3729,ms-tg,2,0.00072,38790,14.05949,275899
3730,mszabo-wikia,2,0.00072,38792,14.06022,275899
3731,mtharrison,2,0.00072,38794,14.06094,275899
3732,mtrdp642,2,0.00072,38796,14.06167,275899
3733,mtrojnar,2,0.00072,38798,14.06239,275899
3734,mtsmfm,2,0.00072,38800,14.06312,275899
3735,mukrop,2,0.00072,38802,14.06384,275899
3736,mukulhase,2,0.00072,38804,14.06457,275899
3737,mumairali,2,0.00072,38806,14.06529,275899
3738,murashki,2,0.00072,38808,14.06602,275899
3739,murbar,2,0.00072,38810,14.06674,275899
3740,murtazahaveliwala,2,0.00072,38812,14.06747,275899
3741,musclor,2,0.00072,38814,14.06819,275899
3742,musou1500,2,0.00072,38816,14.06892,275899
3743,mustela,2,0.00072,38818,14.06964,275899
3744,mweibel,2,0.00072,38820,14.07037,275899
3745,mykolaharmash,2,0.00072,38822,14.07109,275899
3746,mzabriskie,2,0.00072,38824,14.07182,275899
3747,mzdunek93,2,0.00072,38826,14.07254,275899
3748,mzdv,2,0.00072,38828,14.07327,275899
3749,mzitnik,2,0.00072,38830,14.07399,275899
3750,mzuehlke,2,0.00072,38832,14.07472,275899
3751,n3tr,2,0.00072,38834,14.07544,275899
3752,n8schloss,2,0.00072,38836,14.07617,275899
3753,naartjie,2,0.00072,38838,14.07689,275899
3754,nachtwandler,2,0.00072,38840,14.07762,275899
3755,Nadia--,2,0.00072,38842,14.07834,275899
3756,naferx,2,0.00072,38844,14.07907,275899
3757,nafg,2,0.00072,38846,14.07979,275899
3758,nahuel,2,0.00072,38848,14.08051,275899
3759,NameFILIP,2,0.00072,38850,14.08124,275899
3760,namhong2001,2,0.00072,38852,14.08196,275899
3761,nanomosfet,2,0.00072,38854,14.08269,275899
3762,Naragato,2,0.00072,38856,14.08341,275899
3763,nasitra,2,0.00072,38858,14.08414,275899
3764,nasserghiasi,2,0.00072,38860,14.08486,275899
3765,NateEag,2,0.00072,38862,14.08559,275899
3766,navaati,2,0.00072,38864,14.08631,275899
3767,NaveenShivanna86,2,0.00072,38866,14.08704,275899
3768,nazar-pc,2,0.00072,38868,14.08776,275899
3769,nbali,2,0.00072,38870,14.08849,275899
3770,nblka,2,0.00072,38872,14.08921,275899
3771,necinc,2,0.00072,38874,14.08994,275899
3772,nedbat,2,0.00072,38876,14.09066,275899
3773,NekR,2,0.00072,38878,14.09139,275899
3774,nename0,2,0.00072,38880,14.09211,275899
3775,Nepomuceno,2,0.00072,38882,14.09284,275899
3776,nerai,2,0.00072,38884,14.09356,275899
3777,nextgenthemes,2,0.00072,38886,14.09429,275899
3778,nfriend,2,0.00072,38888,14.09501,275899
3779,ngg,2,0.00072,38890,14.09574,275899
3780,ngoyal,2,0.00072,38892,14.09646,275899
3781,NGPixel,2,0.00072,38894,14.09719,275899
3782,ngrieble,2,0.00072,38896,14.09791,275899
3783,nhardy,2,0.00072,38898,14.09864,275899
3784,nhodges,2,0.00072,38900,14.09936,275899
3785,nickclaw,2,0.00072,38902,14.10009,275899
3786,NickHeiner,2,0.00072,38904,14.10081,275899
3787,nickmerwin,2,0.00072,38906,14.10154,275899
3788,Nico385412,2,0.00072,38908,14.10226,275899
3789,nicolasmccurdy,2,0.00072,38910,14.10299,275899
3790,NicoLB,2,0.00072,38912,14.10371,275899
3791,nielsbom,2,0.00072,38914,14.10444,275899
3792,niftylettuce,2,0.00072,38916,14.10516,275899
3793,nihgwu,2,0.00072,38918,14.10589,275899
3794,NikaBuligini,2,0.00072,38920,14.10661,275899
3795,nikoudel,2,0.00072,38922,14.10734,275899
3796,niksudan,2,0.00072,38924,14.10806,275899
3797,Nilegfx,2,0.00072,38926,14.10879,275899
3798,nimaa77,2,0.00072,38928,14.10951,275899
3799,nimrod-becker,2,0.00072,38930,14.11024,275899
3800,ninesalt,2,0.00072,38932,14.11096,275899
3801,niustephanie,2,0.00072,38934,14.11169,275899
3802,nju33,2,0.00072,38936,14.11241,275899
3803,nkbt,2,0.00072,38938,14.11314,275899
3804,nmalaguti,2,0.00072,38940,14.11386,275899
3805,noahadams,2,0.00072,38942,14.11459,275899
3806,nolanlawson,2,0.00072,38944,14.11531,275899
3807,Nonemoticoner,2,0.00072,38946,14.11604,275899
3808,nono,2,0.00072,38948,14.11676,275899
3809,nowke,2,0.00072,38950,14.11749,275899
3810,noynir,2,0.00072,38952,14.11821,275899
3811,nstdio,2,0.00072,38954,14.11893,275899
3812,NTag,2,0.00072,38956,14.11966,275899
3813,ntkme,2,0.00072,38958,14.12038,275899
3814,ntotten,2,0.00072,38960,14.12111,275899
3815,NubCoda,2,0.00072,38962,14.12183,275899
3816,nuc,2,0.00072,38964,14.12256,275899
3817,null511,2,0.00072,38966,14.12328,275899
3818,nutboltu,2,0.00072,38968,14.12401,275899
3819,obligaron,2,0.00072,38970,14.12473,275899
3820,ObsidianMinor,2,0.00072,38972,14.12546,275899
3821,ochameau,2,0.00072,38974,14.12618,275899
3822,ochanje210,2,0.00072,38976,14.12691,275899
3823,oculus42,2,0.00072,38978,14.12763,275899
3824,oddui,2,0.00072,38980,14.12836,275899
3825,ogom,2,0.00072,38982,14.12908,275899
3826,oiva,2,0.00072,38984,14.12981,275899
3827,ojab,2,0.00072,38986,14.13053,275899
3828,okmr-d,2,0.00072,38988,14.13126,275899
3829,olafurpg,2,0.00072,38990,14.13198,275899
3830,older,2,0.00072,38992,14.13271,275899
3831,olegdunkan,2,0.00072,38994,14.13343,275899
3832,oleggolovkovuss,2,0.00072,38996,14.13416,275899
3833,OlenDavis,2,0.00072,38998,14.13488,275899
3834,OliverJAsh,2,0.00072,39000,14.13561,275899
3835,olivierkaisin,2,0.00072,39002,14.13633,275899
3836,olof,2,0.00072,39004,14.13706,275899
3837,oloflarsson,2,0.00072,39006,14.13778,275899
3838,olsonpm,2,0.00072,39008,14.13851,275899
3839,Om4ar,2,0.00072,39010,14.13923,275899
3840,OMantere,2,0.00072,39012,14.13996,275899
3841,omidfi,2,0.00072,39014,14.14068,275899
3842,Omniroot,2,0.00072,39016,14.14141,275899
3843,oncletom,2,0.00072,39018,14.14213,275899
3844,onokumus,2,0.00072,39020,14.14286,275899
3845,ooflorent,2,0.00072,39022,14.14358,275899
3846,opencrypto,2,0.00072,39024,14.14431,275899
3847,opensslonzos-github,2,0.00072,39026,14.14503,275899
3848,optician,2,0.00072,39028,14.14576,275899
3849,orgads,2,0.00072,39030,14.14648,275899
3850,orif-jr,2,0.00072,39032,14.14721,275899
3851,OriR,2,0.00072,39034,14.14793,275899
3852,ortexx,2,0.00072,39036,14.14866,275899
3853,oscar-b,2,0.00072,39038,14.14938,275899
3854,oscar-stripe,2,0.00072,39040,14.15011,275899
3855,osher,2,0.00072,39042,14.15083,275899
3856,osiegmar,2,0.00072,39044,14.15156,275899
3857,oskardudycz,2,0.00072,39046,14.15228,275899
3858,otodockal,2,0.00072,39048,14.15301,275899
3859,ounziw,2,0.00072,39050,14.15373,275899
3860,ovangle,2,0.00072,39052,14.15446,275899
3861,OzieGamma,2,0.00072,39054,14.15518,275899
3862,OzzieOrca,2,0.00072,39056,14.15590,275899
3863,p0v1n0m,2,0.00072,39058,14.15663,275899
3864,Pablo-Ivan,2,0.00072,39060,14.15735,275899
3865,pablonete,2,0.00072,39062,14.15808,275899
3866,paladox,2,0.00072,39064,14.15880,275899
3867,pallxk,2,0.00072,39066,14.15953,275899
3868,panacekcz,2,0.00072,39068,14.16025,275899
3869,paniko0,2,0.00072,39070,14.16098,275899
3870,papandreou,2,0.00072,39072,14.16170,275899
3871,parambirs,2,0.00072,39074,14.16243,275899
3872,pards,2,0.00072,39076,14.16315,275899
3873,pas2al,2,0.00072,39078,14.16388,275899
3874,pascalzwick,2,0.00072,39080,14.16460,275899
3875,pass86,2,0.00072,39082,14.16533,275899
3876,PathogenDavid,2,0.00072,39084,14.16605,275899
3877,patocallaghan,2,0.00072,39086,14.16678,275899
3878,patyatka,2,0.00072,39088,14.16750,275899
3879,paulcpederson,2,0.00072,39090,14.16823,275899
3880,paulferaud,2,0.00072,39092,14.16895,275899
3881,paulhroth,2,0.00072,39094,14.16968,275899
3882,pbi-qfs,2,0.00072,39096,14.17040,275899
3883,pcalin,2,0.00072,39098,14.17113,275899
3884,pcameron-,2,0.00072,39100,14.17185,275899
3885,pedrotst,2,0.00072,39102,14.17258,275899
3886,pereorga,2,0.00072,39104,14.17330,275899
3887,persandstrom,2,0.00072,39106,14.17403,275899
3888,peterbudai,2,0.00072,39108,14.17475,275899
3889,petercm,2,0.00072,39110,14.17548,275899
3890,peterjurkovic,2,0.00072,39112,14.17620,275899
3891,PeterMortensen,2,0.00072,39114,14.17693,275899
3892,peter-mouland,2,0.00072,39116,14.17765,275899
3893,petermz,2,0.00072,39118,14.17838,275899
3894,peterpeterparker,2,0.00072,39120,14.17910,275899
3895,peterpoe,2,0.00072,39122,14.17983,275899
3896,peteward44,2,0.00072,39124,14.18055,275899
3897,pgarrison,2,0.00072,39126,14.18128,275899
3898,phadej,2,0.00072,39128,14.18200,275899
3899,pharkare,2,0.00072,39130,14.18273,275899
3900,pheyvaer,2,0.00072,39132,14.18345,275899
3901,phillipalexander,2,0.00072,39134,14.18418,275899
3902,piloopin,2,0.00072,39136,14.18490,275899
3903,pirelenito,2,0.00072,39138,14.18563,275899
3904,piscolomo,2,0.00072,39140,14.18635,275899
3905,pithu,2,0.00072,39142,14.18708,275899
3906,PixnBits,2,0.00072,39144,14.18780,275899
3907,Plortinus,2,0.00072,39146,14.18853,275899
3908,pmcelhaney,2,0.00072,39148,14.18925,275899
3909,pmq20,2,0.00072,39150,14.18998,275899
3910,poizan42,2,0.00072,39152,14.19070,275899
3911,polsys,2,0.00072,39154,14.19143,275899
3912,Polvista,2,0.00072,39156,14.19215,275899
3913,pon,2,0.00072,39158,14.19287,275899
3914,pontusab,2,0.00072,39160,14.19360,275899
3915,portgasd666,2,0.00072,39162,14.19432,275899
3916,PoziWorld,2,0.00072,39164,14.19505,275899
3917,prashantpawar,2,0.00072,39166,14.19577,275899
3918,prathamesh-sonpatki,2,0.00072,39168,14.19650,275899
3919,preaction,2,0.00072,39170,14.19722,275899
3920,pschlan,2,0.00072,39172,14.19795,275899
3921,pselden,2,0.00072,39174,14.19867,275899
3922,Psidium,2,0.00072,39176,14.19940,275899
3923,psysp,2,0.00072,39178,14.20012,275899
3924,ptemplier,2,0.00072,39180,14.20085,275899
3925,Ptival,2,0.00072,39182,14.20157,275899
3926,ptoonen,2,0.00072,39184,14.20230,275899
3927,ptrcarta,2,0.00072,39186,14.20302,275899
3928,puffnfresh,2,0.00072,39188,14.20375,275899
3929,punkish,2,0.00072,39190,14.20447,275899
3930,Purus,2,0.00072,39192,14.20520,275899
3931,pvorona,2,0.00072,39194,14.20592,275899
3932,qbzzt,2,0.00072,39196,14.20665,275899
3933,qm3ster,2,0.00072,39198,14.20737,275899
3934,quanah,2,0.00072,39200,14.20810,275899
3935,qub1t,2,0.00072,39202,14.20882,275899
3936,Quintinity,2,0.00072,39204,14.20955,275899
3937,qunying,2,0.00072,39206,14.21027,275899
3938,quocvu,2,0.00072,39208,14.21100,275899
3939,Radi123,2,0.00072,39210,14.21172,275899
3940,RahulNagekar,2,0.00072,39212,14.21245,275899
3941,rajendraarora16,2,0.00072,39214,14.21317,275899
3942,Rajivts,2,0.00072,39216,14.21390,275899
3943,RalfKoban,2,0.00072,39218,14.21462,275899
3944,raniervf,2,0.00072,39220,14.21535,275899
3945,Rastopyr,2,0.00072,39222,14.21607,275899
3946,rationull,2,0.00072,39224,14.21680,275899
3947,ravefalcon92,2,0.00072,39226,14.21752,275899
3948,raybooysen,2,0.00072,39228,14.21825,275899
3949,raydog,2,0.00072,39230,14.21897,275899
3950,raygervais,2,0.00072,39232,14.21970,275899
3951,rbdrenn,2,0.00072,39234,14.22042,275899
3952,rbrtmrtn,2,0.00072,39236,14.22115,275899
3953,rcartwright,2,0.00072,39238,14.22187,275899
3954,reaction1989,2,0.00072,39240,14.22260,275899
3955,realdubb,2,0.00072,39242,14.22332,275899
3956,RebootJeff,2,0.00072,39244,14.22405,275899
3957,redcom,2,0.00072,39246,14.22477,275899
3958,Redsandro,2,0.00072,39248,14.22550,275899
3959,rek,2,0.00072,39250,14.22622,275899
3960,reneras,2,0.00072,39252,14.22695,275899
3961,reniowood,2,0.00072,39254,14.22767,275899
3962,resalisbury,2,0.00072,39256,14.22840,275899
3963,Retropotenza,2,0.00072,39258,14.22912,275899
3964,rf,2,0.00072,39260,14.22984,275899
3965,RFenolio,2,0.00072,39262,14.23057,275899
3966,rfkm,2,0.00072,39264,14.23129,275899
3967,rgansevles,2,0.00072,39266,14.23202,275899
3968,RGelman,2,0.00072,39268,14.23274,275899
3969,rgrove,2,0.00072,39270,14.23347,275899
3970,RheaAyase,2,0.00072,39272,14.23419,275899
3971,rhys-vdw,2,0.00072,39274,14.23492,275899
3972,RichardBradley,2,0.00072,39276,14.23564,275899
3973,Rich-Harris,2,0.00072,39278,14.23637,275899
3974,richmoore,2,0.00072,39280,14.23709,275899
3975,risseraka,2,0.00072,39282,14.23782,275899
3976,riuri,2,0.00072,39284,14.23854,275899
3977,rivenhk,2,0.00072,39286,14.23927,275899
3978,rizoom,2,0.00072,39288,14.23999,275899
3979,rjatkinson2,2,0.00072,39290,14.24072,275899
3980,rjenks,2,0.00072,39292,14.24144,275899
3981,rmhartog,2,0.00072,39294,14.24217,275899
3982,rmhasan,2,0.00072,39296,14.24289,275899
3983,rmm5t,2,0.00072,39298,14.24362,275899
3984,rnglnd,2,0.00072,39300,14.24434,275899
3985,robertbrignull,2,0.00072,39302,14.24507,275899
3986,robin850,2,0.00072,39304,14.24579,275899
3987,robinwassen,2,0.00072,39306,14.24652,275899
3988,robinweser,2,0.00072,39308,14.24724,275899
3989,robisim74,2,0.00072,39310,14.24797,275899
3990,RobJacobs,2,0.00072,39312,14.24869,275899
3991,RobSiklos,2,0.00072,39314,14.24942,275899
3992,Rob--W,2,0.00072,39316,14.25014,275899
3993,robwierzbowski,2,0.00072,39318,14.25087,275899
3994,RodneyEbanks,2,0.00072,39320,14.25159,275899
3995,rodocite,2,0.00072,39322,14.25232,275899
3996,Rohitkrops,2,0.00072,39324,14.25304,275899
3997,RolandR,2,0.00072,39326,14.25377,275899
3998,Romasz,2,0.00072,39328,14.25449,275899
3999,romkor,2,0.00072,39330,14.25522,275899
4000,ronnyroeller,2,0.00072,39332,14.25594,275899
4001,ronperris,2,0.00072,39334,14.25667,275899
4002,roooodcastro,2,0.00072,39336,14.25739,275899
4003,RoopeHakulinen,2,0.00072,39338,14.25812,275899
4004,rootulp,2,0.00072,39340,14.25884,275899
4005,Rowno,2,0.00072,39342,14.25957,275899
4006,roydukkey,2,0.00072,39344,14.26029,275899
4007,royopa,2,0.00072,39346,14.26102,275899
4008,royra,2,0.00072,39348,14.26174,275899
4009,RpprRoger,2,0.00072,39350,14.26247,275899
4010,rqrqrqrq,2,0.00072,39352,14.26319,275899
4011,rrrene,2,0.00072,39354,14.26392,275899
4012,rspier,2,0.00072,39356,14.26464,275899
4013,rtpHarry,2,0.00072,39358,14.26537,275899
4014,rudolfolah,2,0.00072,39360,14.26609,275899
4015,rusmaxim,2,0.00072,39362,14.26682,275899
4016,Rvanlaak,2,0.00072,39364,14.26754,275899
4017,rwoodnz,2,0.00072,39366,14.26826,275899
4018,rwuebker,2,0.00072,39368,14.26899,275899
4019,ryan1st,2,0.00072,39370,14.26971,275899
4020,RyanDale,2,0.00072,39372,14.27044,275899
4021,ryanhendry,2,0.00072,39374,14.27116,275899
4022,ryanhughes,2,0.00072,39376,14.27189,275899
4023,ryanmeador,2,0.00072,39378,14.27261,275899
4024,S2-,2,0.00072,39380,14.27334,275899
4025,SadPandaBear,2,0.00072,39382,14.27406,275899
4026,sagirk,2,0.00072,39384,14.27479,275899
4027,sahutd,2,0.00072,39386,14.27551,275899
4028,saiichihashimoto,2,0.00072,39388,14.27624,275899
4029,sairion,2,0.00072,39390,14.27696,275899
4030,Sakarisson,2,0.00072,39392,14.27769,275899
4031,salier,2,0.00072,39394,14.27841,275899
4032,Salil999,2,0.00072,39396,14.27914,275899
4033,samal84,2,0.00072,39398,14.27986,275899
4034,samccone,2,0.00072,39400,14.28059,275899
4035,SamCortopassi,2,0.00072,39402,14.28131,275899
4036,samsch,2,0.00072,39404,14.28204,275899
4037,samuelcole,2,0.00072,39406,14.28276,275899
4038,samuelfullerthomas,2,0.00072,39408,14.28349,275899
4039,sandervn,2,0.00072,39410,14.28421,275899
4040,sankargorthi,2,0.00072,39412,14.28494,275899
4041,santigimeno,2,0.00072,39414,14.28566,275899
4042,saoirse-zee,2,0.00072,39416,14.28639,275899
4043,Sapphire64,2,0.00072,39418,14.28711,275899
4044,sarkiroka,2,0.00072,39420,14.28784,275899
4045,sarod,2,0.00072,39422,14.28856,275899
4046,sassanh,2,0.00072,39424,14.28929,275899
4047,sava-smith,2,0.00072,39426,14.29001,275899
4048,saxicek,2,0.00072,39428,14.29074,275899
4049,sboptimal,2,0.00072,39430,14.29146,275899
4050,scampi,2,0.00072,39432,14.29219,275899
4051,sceendy,2,0.00072,39434,14.29291,275899
4052,schempy,2,0.00072,39436,14.29364,275899
4053,schwabe,2,0.00072,39438,14.29436,275899
4054,schwigri,2,0.00072,39440,14.29509,275899
4055,scottarver,2,0.00072,39442,14.29581,275899
4056,Scottkao85,2,0.00072,39444,14.29654,275899
4057,sdbedi,2,0.00072,39446,14.29726,275899
4058,seanbright,2,0.00072,39448,14.29799,275899
4059,SeanHenderson,2,0.00072,39450,14.29871,275899
4060,seaster,2,0.00072,39452,14.29944,275899
4061,SebastianC,2,0.00072,39454,14.30016,275899
4062,sebmck,2,0.00072,39456,14.30089,275899
4063,Sebring,2,0.00072,39458,14.30161,275899
4064,Seddryck,2,0.00072,39460,14.30234,275899
4065,seferov,2,0.00072,39462,14.30306,275899
4066,sereysethy,2,0.00072,39464,14.30379,275899
4067,Serginho,2,0.00072,39466,14.30451,275899
4068,sericaia,2,0.00072,39468,14.30523,275899
4069,seteen,2,0.00072,39470,14.30596,275899
4070,sethbattin,2,0.00072,39472,14.30668,275899
4071,sfinktah,2,0.00072,39474,14.30741,275899
4072,sgbrown,2,0.00072,39476,14.30813,275899
4073,ShahramMebashar,2,0.00072,39478,14.30886,275899
4074,SHAHRUKH-KHAN,2,0.00072,39480,14.30958,275899
4075,ShaneDelmore,2,0.00072,39482,14.31031,275899
4076,sharathgeorgem,2,0.00072,39484,14.31103,275899
4077,ShaviPathania,2,0.00072,39486,14.31176,275899
4078,shinok01,2,0.00072,39488,14.31248,275899
4079,Shivam-Vyas,2,0.00072,39490,14.31321,275899
4080,shivijais,2,0.00072,39492,14.31393,275899
4081,shkrobova,2,0.00072,39494,14.31466,275899
4082,shubheksha,2,0.00072,39496,14.31538,275899
4083,sibartlett,2,0.00072,39498,14.31611,275899
4084,sibelius,2,0.00072,39500,14.31683,275899
4085,SidRoberts,2,0.00072,39502,14.31756,275899
4086,SiegfriedEhret,2,0.00072,39504,14.31828,275899
4087,sihaelov,2,0.00072,39506,14.31901,275899
4088,Siilwyn,2,0.00072,39508,14.31973,275899
4089,silverwind,2,0.00072,39510,14.32046,275899
4090,simlu,2,0.00072,39512,14.32118,275899
4091,simonpai,2,0.00072,39514,14.32191,275899
4092,Sirivasv,2,0.00072,39516,14.32263,275899
4093,sjy,2,0.00072,39518,14.32336,275899
4094,skratchdot,2,0.00072,39520,14.32408,275899
4095,skyupward,2,0.00072,39522,14.32481,275899
4096,slavede,2,0.00072,39524,14.32553,275899
4097,SlexAxton,2,0.00072,39526,14.32626,275899
4098,sliftist,2,0.00072,39528,14.32698,275899
4099,slobo-showbie,2,0.00072,39530,14.32771,275899
4100,Slumber86,2,0.00072,39532,14.32843,275899
4101,smaniotto,2,0.00072,39534,14.32916,275899
4102,smashercosmo,2,0.00072,39536,14.32988,275899
4103,smbape,2,0.00072,39538,14.33061,275899
4104,smwentum,2,0.00072,39540,14.33133,275899
4105,snakajima,2,0.00072,39542,14.33206,275899
4106,SneakyFish5,2,0.00072,39544,14.33278,275899
4107,snow01,2,0.00072,39546,14.33351,275899
4108,SobakaSlava,2,0.00072,39548,14.33423,275899
4109,sonewman,2,0.00072,39550,14.33496,275899
4110,sonnemaf,2,0.00072,39552,14.33568,275899
4111,sorohan,2,0.00072,39554,14.33641,275899
4112,soygul,2,0.00072,39556,14.33713,275899
4113,Sp1l,2,0.00072,39558,14.33786,275899
4114,spacanowski,2,0.00072,39560,14.33858,275899
4115,SpaceBeers,2,0.00072,39562,14.33931,275899
4116,sparraguerra,2,0.00072,39564,14.34003,275899
4117,spiroid,2,0.00072,39566,14.34076,275899
4118,spongessuck,2,0.00072,39568,14.34148,275899
4119,spudly,2,0.00072,39570,14.34220,275899
4120,sshock,2,0.00072,39572,14.34293,275899
4121,StanEgo,2,0.00072,39574,14.34365,275899
4122,starkch,2,0.00072,39576,14.34438,275899
4123,stephaniepurvis,2,0.00072,39578,14.34510,275899
4124,stephan-tolksdorf,2,0.00072,39580,14.34583,275899
4125,stepharr,2,0.00072,39582,14.34655,275899
4126,StephenCooper,2,0.00072,39584,14.34728,275899
4127,stephenmathieson,2,0.00072,39586,14.34800,275899
4128,Stephie,2,0.00072,39588,14.34873,275899
4129,sterling,2,0.00072,39590,14.34945,275899
4130,steve8708,2,0.00072,39592,14.35018,275899
4131,stianjensen,2,0.00072,39594,14.35090,275899
4132,stickfigure,2,0.00072,39596,14.35163,275899
4133,stolenkid,2,0.00072,39598,14.35235,275899
4134,stormystormy,2,0.00072,39600,14.35308,275899
4135,strarsis,2,0.00072,39602,14.35380,275899
4136,straube,2,0.00072,39604,14.35453,275899
4137,StreetStrider,2,0.00072,39606,14.35525,275899
4138,stucox,2,0.00072,39608,14.35598,275899
4139,stukselbax,2,0.00072,39610,14.35670,275899
4140,stusmall,2,0.00072,39612,14.35743,275899
4141,styopdev,2,0.00072,39614,14.35815,275899
4142,Stzx,2,0.00072,39616,14.35888,275899
4143,sujeet,2,0.00072,39618,14.35960,275899
4144,sukima,2,0.00072,39620,14.36033,275899
4145,sumt-mgardner,2,0.00072,39622,14.36105,275899
4146,sungwoncho,2,0.00072,39624,14.36178,275899
4147,SunHuawei,2,0.00072,39626,14.36250,275899
4148,sunny,2,0.00072,39628,14.36323,275899
4149,supasate,2,0.00072,39630,14.36395,275899
4150,surajwy,2,0.00072,39632,14.36468,275899
4151,susisu,2,0.00072,39634,14.36540,275899
4152,sveyret,2,0.00072,39636,14.36613,275899
4153,swaincreates,2,0.00072,39638,14.36685,275899
4154,swaldman,2,0.00072,39640,14.36758,275899
4155,swalker2,2,0.00072,39642,14.36830,275899
4156,sw-yx,2,0.00072,39644,14.36903,275899
4157,sxmichael,2,0.00072,39646,14.36975,275899
4158,syllant,2,0.00072,39648,14.37048,275899
4159,tabdulradi,2,0.00072,39650,14.37120,275899
4160,taehwanno,2,0.00072,39652,14.37193,275899
4161,tagCincy,2,0.00072,39654,14.37265,275899
4162,tameraydin,2,0.00072,39656,14.37338,275899
4163,tamlyn,2,0.00072,39658,14.37410,275899
4164,tanzislam,2,0.00072,39660,14.37483,275899
4165,tardyp,2,0.00072,39662,14.37555,275899
4166,tarebyte,2,0.00072,39664,14.37628,275899
4167,tasos-ale,2,0.00072,39666,14.37700,275899
4168,taylorc93,2,0.00072,39668,14.37773,275899
4169,tdinucci,2,0.00072,39670,14.37845,275899
4170,tdurtschi,2,0.00072,39672,14.37917,275899
4171,tedpennings,2,0.00072,39674,14.37990,275899
4172,teebot,2,0.00072,39676,14.38062,275899
4173,teemulehtinen,2,0.00072,39678,14.38135,275899
4174,telmen,2,0.00072,39680,14.38207,275899
4175,tenjaa,2,0.00072,39682,14.38280,275899
4176,tgfjt,2,0.00072,39684,14.38352,275899
4177,tgodzik,2,0.00072,39686,14.38425,275899
4178,thatmarvin,2,0.00072,39688,14.38497,275899
4179,TheAppleFreak,2,0.00072,39690,14.38570,275899
4180,theel0ja,2,0.00072,39692,14.38642,275899
4181,TheHalcyonSavant,2,0.00072,39694,14.38715,275899
4182,TheLarkInn,2,0.00072,39696,14.38787,275899
4183,theLine,2,0.00072,39698,14.38860,275899
4184,theogravity,2,0.00072,39700,14.38932,275899
4185,Thesoro,2,0.00072,39702,14.39005,275899
4186,TheTalisman,2,0.00072,39704,14.39077,275899
4187,TheToolbox,2,0.00072,39706,14.39150,275899
4188,thevoidf,2,0.00072,39708,14.39222,275899
4189,thiagoarrais,2,0.00072,39710,14.39295,275899
4190,thiagodelgado111,2,0.00072,39712,14.39367,275899
4191,thiskevinwang,2,0.00072,39714,14.39440,275899
4192,thomas-j-moffett,2,0.00072,39716,14.39512,275899
4193,ThomasLandauer,2,0.00072,39718,14.39585,275899
4194,thomasphorton,2,0.00072,39720,14.39657,275899
4195,Thorium,2,0.00072,39722,14.39730,275899
4196,thp,2,0.00072,39724,14.39802,275899
4197,tiagoefmoraes,2,0.00072,39726,14.39875,275899
4198,tiagofernandez,2,0.00072,39728,14.39947,275899
4199,tibbon,2,0.00072,39730,14.40020,275899
4200,TiGR,2,0.00072,39732,14.40092,275899
4201,tijwelch,2,0.00072,39734,14.40165,275899
4202,Tillerino,2,0.00072,39736,14.40237,275899
4203,tillmon,2,0.00072,39738,14.40310,275899
4204,timcosta,2,0.00072,39740,14.40382,275899
4205,timdeschryver,2,0.00072,39742,14.40455,275899
4206,timdp,2,0.00072,39744,14.40527,275899
4207,timkordas,2,0.00072,39746,14.40600,275899
4208,timlevett,2,0.00072,39748,14.40672,275899
4209,timmoy,2,0.00072,39750,14.40745,275899
4210,timsly,2,0.00072,39752,14.40817,275899
4211,tinchou,2,0.00072,39754,14.40890,275899
4212,tinglof,2,0.00072,39756,14.40962,275899
4213,TinyMan,2,0.00072,39758,14.41035,275899
4214,tk3369,2,0.00072,39760,14.41107,275899
4215,tkorakas,2,0.00072,39762,14.41180,275899
4216,tkrotoff,2,0.00072,39764,14.41252,275899
4217,tleruitte,2,0.00072,39766,14.41325,275899
4218,tlhunter,2,0.00072,39768,14.41397,275899
4219,tlinkowski,2,0.00072,39770,14.41470,275899
4220,toastman,2,0.00072,39772,14.41542,275899
4221,tobhult,2,0.00072,39774,14.41615,275899
4222,tobli,2,0.00072,39776,14.41687,275899
4223,To-da,2,0.00072,39778,14.41759,275899
4224,todd,2,0.00072,39780,14.41832,275899
4225,toddself,2,0.00072,39782,14.41904,275899
4226,todesking,2,0.00072,39784,14.41977,275899
4227,togakangaroo,2,0.00072,39786,14.42049,275899
4228,tolemac,2,0.00072,39788,14.42122,275899
4229,Tom910,2,0.00072,39790,14.42194,275899
4230,tomaszbakula,2,0.00072,39792,14.42267,275899
4231,tomchristie,2,0.00072,39794,14.42339,275899
4232,tomhorvat,2,0.00072,39796,14.42412,275899
4233,tomkel,2,0.00072,39798,14.42484,275899
4234,tom-schoener,2,0.00072,39800,14.42557,275899
4235,tom-sherman,2,0.00072,39802,14.42629,275899
4236,tomulin1,2,0.00072,39804,14.42702,275899
4237,topaxi,2,0.00072,39806,14.42774,275899
4238,Tornhoof,2,0.00072,39808,14.42847,275899
4239,torniker,2,0.00072,39810,14.42919,275899
4240,toshimaru,2,0.00072,39812,14.42992,275899
4241,tranhl,2,0.00072,39814,14.43064,275899
4242,travi,2,0.00072,39816,14.43137,275899
4243,treymack,2,0.00072,39818,14.43209,275899
4244,tridium,2,0.00072,39820,14.43282,275899
4245,troutowicz,2,0.00072,39822,14.43354,275899
4246,trvra,2,0.00072,39824,14.43427,275899
4247,tschieggm,2,0.00072,39826,14.43499,275899
4248,tsclaus,2,0.00072,39828,14.43572,275899
4249,tsm91,2,0.00072,39830,14.43644,275899
4250,TSMMark,2,0.00072,39832,14.43717,275899
4251,tsubik,2,0.00072,39834,14.43789,275899
4252,tuckbick,2,0.00072,39836,14.43862,275899
4253,tuexen,2,0.00072,39838,14.43934,275899
4254,tvler,2,0.00072,39840,14.44007,275899
4255,Tvrqvoise,2,0.00072,39842,14.44079,275899
4256,twhitbeck,2,0.00072,39844,14.44152,275899
4257,TwistedHardware,2,0.00072,39846,14.44224,275899
4258,txdv,2,0.00072,39848,14.44297,275899
4259,TylerBrock,2,0.00072,39850,14.44369,275899
4260,typhoon1983,2,0.00072,39852,14.44442,275899
4261,tyscorp,2,0.00072,39854,14.44514,275899
4262,tzachshabtay,2,0.00072,39856,14.44587,275899
4263,uber5001,2,0.00072,39858,14.44659,275899
4264,uhaciogullari,2,0.00072,39860,14.44732,275899
4265,ulikoehler,2,0.00072,39862,14.44804,275899
4266,ulrichb,2,0.00072,39864,14.44877,275899
4267,uncleAndyChen,2,0.00072,39866,14.44949,275899
4268,user-none,2,0.00072,39868,14.45022,275899
4269,usmonster,2,0.00072,39870,14.45094,275899
4270,vadimdemedes,2,0.00072,39872,14.45167,275899
4271,vaicine,2,0.00072,39874,14.45239,275899
4272,valscion,2,0.00072,39876,14.45312,275899
4273,VanJanssen,2,0.00072,39878,14.45384,275899
4274,vanshady,2,0.00072,39880,14.45456,275899
4275,vaverix,2,0.00072,39882,14.45529,275899
4276,vbraun,2,0.00072,39884,14.45601,275899
4277,v-dev-1,2,0.00072,39886,14.45674,275899
4278,vdukhovni,2,0.00072,39888,14.45746,275899
4279,vedatmahir,2,0.00072,39890,14.45819,275899
4280,vedelaar,2,0.00072,39892,14.45891,275899
4281,veger,2,0.00072,39894,14.45964,275899
4282,velemas,2,0.00072,39896,14.46036,275899
4283,ventuno,2,0.00072,39898,14.46109,275899
4284,vergenzt,2,0.00072,39900,14.46181,275899
4285,vglushak,2,0.00072,39902,14.46254,275899
4286,vgoma,2,0.00072,39904,14.46326,275899
4287,vgvenkat,2,0.00072,39906,14.46399,275899
4288,VictoriaQ,2,0.00072,39908,14.46471,275899
4289,VictorNicollet,2,0.00072,39910,14.46544,275899
4290,ViIvanov,2,0.00072,39912,14.46616,275899
4291,vijithassar,2,0.00072,39914,14.46689,275899
4292,vikynandha,2,0.00072,39916,14.46761,275899
4293,vincecampanale,2,0.00072,39918,14.46834,275899
4294,vinsonchuong,2,0.00072,39920,14.46906,275899
4295,vitalets,2,0.00072,39922,14.46979,275899
4296,vitorbal,2,0.00072,39924,14.47051,275899
4297,vitorpereirafarfetchcom,2,0.00072,39926,14.47124,275899
4298,vittorius,2,0.00072,39928,14.47196,275899
4299,vivmishra,2,0.00072,39930,14.47269,275899
4300,vkarpov15,2,0.00072,39932,14.47341,275899
4301,vkrol,2,0.00072,39934,14.47414,275899
4302,vladimirkosmala,2,0.00072,39936,14.47486,275899
4303,vladshcherbin,2,0.00072,39938,14.47559,275899
4304,vmeurisse,2,0.00072,39940,14.47631,275899
4305,vmx,2,0.00072,39942,14.47704,275899
4306,Voev,2,0.00072,39944,14.47776,275899
4307,volkaino,2,0.00072,39946,14.47849,275899
4308,voxpelli,2,0.00072,39948,14.47921,275899
4309,vpfautz,2,0.00072,39950,14.47994,275899
4310,vprasanth,2,0.00072,39952,14.48066,275899
4311,vramana,2,0.00072,39954,14.48139,275899
4312,vreuter,2,0.00072,39956,14.48211,275899
4313,vteremasov,2,0.00072,39958,14.48284,275899
4314,Vusys,2,0.00072,39960,14.48356,275899
4315,vvo,2,0.00072,39962,14.48429,275899
4316,w33ble,2,0.00072,39964,14.48501,275899
4317,w3apps,2,0.00072,39966,14.48574,275899
4318,wacii,2,0.00072,39968,14.48646,275899
4319,wajda,2,0.00072,39970,14.48719,275899
4320,WatchSteveDrum,2,0.00072,39972,14.48791,275899
4321,wayou,2,0.00072,39974,14.48864,275899
4322,wbrawner,2,0.00072,39976,14.48936,275899
4323,wcontayon,2,0.00072,39978,14.49009,275899
4324,webtrix,2,0.00072,39980,14.49081,275899
4325,weinholtendian,2,0.00072,39982,14.49153,275899
4326,wesbos,2,0.00072,39984,14.49226,275899
4327,wesinator,2,0.00072,39986,14.49298,275899
4328,westonpace,2,0.00072,39988,14.49371,275899
4329,WhereIsMyBubble,2,0.00072,39990,14.49443,275899
4330,whitneyit,2,0.00072,39992,14.49516,275899
4331,whoffmann,2,0.00072,39994,14.49588,275899
4332,Widdershin,2,0.00072,39996,14.49661,275899
4333,willfong,2,0.00072,39998,14.49733,275899
4334,willnorris,2,0.00072,40000,14.49806,275899
4335,willyboy,2,0.00072,40002,14.49878,275899
4336,winhowes,2,0.00072,40004,14.49951,275899
4337,winniehell,2,0.00072,40006,14.50023,275899
4338,wi-ski,2,0.00072,40008,14.50096,275899
4339,wkaluza,2,0.00072,40010,14.50168,275899
4340,wmhilton,2,0.00072,40012,14.50241,275899
4341,wnvko,2,0.00072,40014,14.50313,275899
4342,wpopielarski,2,0.00072,40016,14.50386,275899
4343,wraithgar,2,0.00072,40018,14.50458,275899
4344,ws0w,2,0.00072,40020,14.50531,275899
4345,wselwood,2,0.00072,40022,14.50603,275899
4346,ww898,2,0.00072,40024,14.50676,275899
4347,x753,2,0.00072,40026,14.50748,275899
4348,Xapuu,2,0.00072,40028,14.50821,275899
4349,xavierguihot,2,0.00072,40030,14.50893,275899
4350,xenoterracide,2,0.00072,40032,14.50966,275899
4351,xfg,2,0.00072,40034,14.51038,275899
4352,XFree,2,0.00072,40036,14.51111,275899
4353,xiangyuecn,2,0.00072,40038,14.51183,275899
4354,xixilive,2,0.00072,40040,14.51256,275899
4355,yaelkeemink,2,0.00072,40042,14.51328,275899
4356,yannickglt,2,0.00072,40044,14.51401,275899
4357,yasoob,2,0.00072,40046,14.51473,275899
4358,yausername,2,0.00072,40048,14.51546,275899
4359,YawarRaza7349,2,0.00072,40050,14.51618,275899
4360,Yaxian,2,0.00072,40052,14.51691,275899
4361,ycmjason,2,0.00072,40054,14.51763,275899
4362,yenshih,2,0.00072,40056,14.51836,275899
4363,Yermo,2,0.00072,40058,14.51908,275899
4364,yesplease,2,0.00072,40060,14.51981,275899
4365,yichaowang,2,0.00072,40062,14.52053,275899
4366,yihangho,2,0.00072,40064,14.52126,275899
4367,Y-Less,2,0.00072,40066,14.52198,275899
4368,yodeyer,2,0.00072,40068,14.52271,275899
4369,yoshuki,2,0.00072,40070,14.52343,275899
4370,youdz,2,0.00072,40072,14.52416,275899
4371,Youmoo,2,0.00072,40074,14.52488,275899
4372,ysugimoto,2,0.00072,40076,14.52561,275899
4373,yufcuy,2,0.00072,40078,14.52633,275899
4374,yuler,2,0.00072,40080,14.52706,275899
4375,yuriybash,2,0.00072,40082,14.52778,275899
4376,YuriyOborozhnyi,2,0.00072,40084,14.52850,275899
4377,YusongLiu,2,0.00072,40086,14.52923,275899
4378,yu-tian113,2,0.00072,40088,14.52995,275899
4379,yuxino,2,0.00072,40090,14.53068,275899
4380,z-10,2,0.00072,40092,14.53140,275899
4381,zackseuberling,2,0.00072,40094,14.53213,275899
4382,Zaid-Al-Omari,2,0.00072,40096,14.53285,275899
4383,zalenix,2,0.00072,40098,14.53358,275899
4384,zartdinov,2,0.00072,40100,14.53430,275899
4385,zaygraveyard,2,0.00072,40102,14.53503,275899
4386,zazabe,2,0.00072,40104,14.53575,275899
4387,zce,2,0.00072,40106,14.53648,275899
4388,zenazn,2,0.00072,40108,14.53720,275899
4389,zenflow,2,0.00072,40110,14.53793,275899
4390,zenglian,2,0.00072,40112,14.53865,275899
4391,zhangtreefish,2,0.00072,40114,14.53938,275899
4392,zharro,2,0.00072,40116,14.54010,275899
4393,zhaxi,2,0.00072,40118,14.54083,275899
4394,zhenlan,2,0.00072,40120,14.54155,275899
4395,zicai,2,0.00072,40122,14.54228,275899
4396,zivillian,2,0.00072,40124,14.54300,275899
4397,zlm2012,2,0.00072,40126,14.54373,275899
4398,zombieJ,2,0.00072,40128,14.54445,275899
4399,zzz6519003,2,0.00072,40130,14.54518,275899
4400,000panther,1,0.00036,40131,14.54554,275899
4401,03byron,1,0.00036,40132,14.54590,275899
4402,0x1mason,1,0.00036,40133,14.54627,275899
4403,0x2206,1,0.00036,40134,14.54663,275899
4404,0x6773,1,0.00036,40135,14.54699,275899
4405,0xmohit,1,0.00036,40136,14.54735,275899
4406,0zAND1z,1,0.00036,40137,14.54771,275899
4407,10xLaCroixDrinker,1,0.00036,40138,14.54808,275899
4408,1egoman,1,0.00036,40139,14.54844,275899
4409,231293,1,0.00036,40140,14.54880,275899
4410,243083df,1,0.00036,40141,14.54916,275899
4411,2efPer,1,0.00036,40142,14.54953,275899
4412,2is10,1,0.00036,40143,14.54989,275899
4413,38elements,1,0.00036,40144,14.55025,275899
4414,3flex,1,0.00036,40145,14.55061,275899
4415,3rf,1,0.00036,40146,14.55098,275899
4416,43081j,1,0.00036,40147,14.55134,275899
4417,4leem,1,0.00036,40148,14.55170,275899
4418,64lines,1,0.00036,40149,14.55206,275899
4419,91bananas,1,0.00036,40150,14.55243,275899
4420,A1vinSmith,1,0.00036,40151,14.55279,275899
4421,aakash2602,1,0.00036,40152,14.55315,275899
4422,aakoch,1,0.00036,40153,14.55351,275899
4423,aakti,1,0.00036,40154,14.55388,275899
4424,aaoferreira,1,0.00036,40155,14.55424,275899
4425,aarboleda1,1,0.00036,40156,14.55460,275899
4426,aaronang,1,0.00036,40157,14.55496,275899
4427,aaroncraig10e,1,0.00036,40158,14.55533,275899
4428,aaron-em,1,0.00036,40159,14.55569,275899
4429,AaronFriel,1,0.00036,40160,14.55605,275899
4430,aaronjensen,1,0.00036,40161,14.55641,275899
4431,aaronofleonard,1,0.00036,40162,14.55678,275899
4432,aartur,1,0.00036,40163,14.55714,275899
4433,aashikgowda,1,0.00036,40164,14.55750,275899
4434,aashil,1,0.00036,40165,14.55786,275899
4435,aassaad,1,0.00036,40166,14.55823,275899
4436,abatkin,1,0.00036,40167,14.55859,275899
4437,Abazhenov,1,0.00036,40168,14.55895,275899
4438,abdullahtariq1171,1,0.00036,40169,14.55931,275899
4439,abejfehr,1,0.00036,40170,14.55968,275899
4440,abettadapur,1,0.00036,40171,14.56004,275899
4441,AbhishekBiswal,1,0.00036,40172,14.56040,275899
4442,abiduzz420,1,0.00036,40173,14.56076,275899
4443,abierbaum,1,0.00036,40174,14.56113,275899
4444,abigsmall,1,0.00036,40175,14.56149,275899
4445,Aboisier,1,0.00036,40176,14.56185,275899
4446,aboveyou00,1,0.00036,40177,14.56221,275899
4447,abrad1212,1,0.00036,40178,14.56258,275899
4448,abraham,1,0.00036,40179,14.56294,275899
4449,abstein2,1,0.00036,40180,14.56330,275899
4450,abucur,1,0.00036,40181,14.56366,275899
4451,abvalentine,1,0.00036,40182,14.56403,275899
4452,abyx,1,0.00036,40183,14.56439,275899
4453,acdenhartog,1,0.00036,40184,14.56475,275899
4454,acerbusace,1,0.00036,40185,14.56511,275899
4455,aceyoung9,1,0.00036,40186,14.56548,275899
4456,achimha,1,0.00036,40187,14.56584,275899
4457,acid-chicken,1,0.00036,40188,14.56620,275899
4458,acifani,1,0.00036,40189,14.56656,275899
4459,acinader,1,0.00036,40190,14.56692,275899
4460,acjay,1,0.00036,40191,14.56729,275899
4461,ACJustPlay,1,0.00036,40192,14.56765,275899
4462,acrazing,1,0.00036,40193,14.56801,275899
4463,acroca,1,0.00036,40194,14.56837,275899
4464,actra-gschuster,1,0.00036,40195,14.56874,275899
4465,acutexyz,1,0.00036,40196,14.56910,275899
4466,adamgruber,1,0.00036,40197,14.56946,275899
4467,adammacias,1,0.00036,40198,14.56982,275899
4468,adamreeve,1,0.00036,40199,14.57019,275899
4469,adamsea,1,0.00036,40200,14.57055,275899
4470,adamvoss,1,0.00036,40201,14.57091,275899
4471,AdamWills,1,0.00036,40202,14.57127,275899
4472,adamzap,1,0.00036,40203,14.57164,275899
4473,adelevie,1,0.00036,40204,14.57200,275899
4474,adeolabadmus,1,0.00036,40205,14.57236,275899
4475,adgoncal,1,0.00036,40206,14.57272,275899
4476,aditya1906,1,0.00036,40207,14.57309,275899
4477,adjohnson916,1,0.00036,40208,14.57345,275899
4478,adraeth,1,0.00036,40209,14.57381,275899
4479,adrianolek,1,0.00036,40210,14.57417,275899
4480,AdrienHorgnies,1,0.00036,40211,14.57454,275899
4481,adros,1,0.00036,40212,14.57490,275899
4482,adutra,1,0.00036,40213,14.57526,275899
4483,adwiii,1,0.00036,40214,14.57562,275899
4484,aegoroff,1,0.00036,40215,14.57599,275899
4485,aeschright,1,0.00036,40216,14.57635,275899
4486,afeld,1,0.00036,40217,14.57671,275899
4487,afhole,1,0.00036,40218,14.57707,275899
4488,aftab10662,1,0.00036,40219,14.57744,275899
4489,AftabAnsari10662,1,0.00036,40220,14.57780,275899
4490,agale123,1,0.00036,40221,14.57816,275899
4491,AGCB,1,0.00036,40222,14.57852,275899
4492,aghour,1,0.00036,40223,14.57889,275899
4493,agiron123,1,0.00036,40224,14.57925,275899
4494,agpreynolds,1,0.00036,40225,14.57961,275899
4495,aguynamedben,1,0.00036,40226,14.57997,275899
4496,ahacking,1,0.00036,40227,14.58034,275899
4497,ahfarmer,1,0.00036,40228,14.58070,275899
4498,ahmdsolmn,1,0.00036,40229,14.58106,275899
4499,Ahmed,1,0.00036,40230,14.58142,275899
4500,ahmedsoliman92,1,0.00036,40231,14.58179,275899
4501,ahoisl,1,0.00036,40232,14.58215,275899
4502,ahonn,1,0.00036,40233,14.58251,275899
4503,AhsanAyaz,1,0.00036,40234,14.58287,275899
4504,aicest,1,0.00036,40235,14.58324,275899
4505,aidanxyz,1,0.00036,40236,14.58360,275899
4506,aifodu,1,0.00036,40237,14.58396,275899
4507,aigdonia,1,0.00036,40238,14.58432,275899
4508,aijo,1,0.00036,40239,14.58468,275899
4509,aisipos,1,0.00036,40240,14.58505,275899
4510,ajayambre,1,0.00036,40241,14.58541,275899
4511,aj-dev,1,0.00036,40242,14.58577,275899
4512,ajhsu,1,0.00036,40243,14.58613,275899
4513,aj-r,1,0.00036,40244,14.58650,275899
4514,ak1r4,1,0.00036,40245,14.58686,275899
4515,akamike,1,0.00036,40246,14.58722,275899
4516,akd-io,1,0.00036,40247,14.58758,275899
4517,akheron,1,0.00036,40248,14.58795,275899
4518,Akim95,1,0.00036,40249,14.58831,275899
4519,akoken,1,0.00036,40250,14.58867,275899
4520,akost,1,0.00036,40251,14.58903,275899
4521,akshayp,1,0.00036,40252,14.58940,275899
4522,akulnurislam,1,0.00036,40253,14.58976,275899
4523,akvamalin,1,0.00036,40254,14.59012,275899
4524,alanmoo,1,0.00036,40255,14.59048,275899
4525,AlanParr,1,0.00036,40256,14.59085,275899
4526,alanshaw,1,0.00036,40257,14.59121,275899
4527,alansouzati,1,0.00036,40258,14.59157,275899
4528,alaouy,1,0.00036,40259,14.59193,275899
4529,albermav,1,0.00036,40260,14.59230,275899
4530,Alberto-,1,0.00036,40261,14.59266,275899
4531,albertopiras,1,0.00036,40262,14.59302,275899
4532,alcalyn,1,0.00036,40263,14.59338,275899
4533,aldenml,1,0.00036,40264,14.59375,275899
4534,aldo-roman,1,0.00036,40265,14.59411,275899
4535,aleclarson,1,0.00036,40266,14.59447,275899
4536,aleeeftw,1,0.00036,40267,14.59483,275899
4537,alekseyzadorozhniy,1,0.00036,40268,14.59520,275899
4538,alewiscondev,1,0.00036,40269,14.59556,275899
4539,alex1712,1,0.00036,40270,14.59592,275899
4540,alex321,1,0.00036,40271,14.59628,275899
4541,alex94cp,1,0.00036,40272,14.59665,275899
4542,alex94puchades,1,0.00036,40273,14.59701,275899
4543,alexanderad,1,0.00036,40274,14.59737,275899
4544,alexandercerutti,1,0.00036,40275,14.59773,275899
4545,AlexanderGranhof,1,0.00036,40276,14.59810,275899
4546,AlexanderLukin,1,0.00036,40277,14.59846,275899
4547,AlexanderTserkovniy,1,0.00036,40278,14.59882,275899
4548,alexanderweiss,1,0.00036,40279,14.59918,275899
4549,Alexandrshy,1,0.00036,40280,14.59955,275899
4550,AlexBHarley,1,0.00036,40281,14.59991,275899
4551,alexbokii,1,0.00036,40282,14.60027,275899
4552,AlexDenisov,1,0.00036,40283,14.60063,275899
4553,alexdunphy,1,0.00036,40284,14.60100,275899
4554,Alexey-NM,1,0.00036,40285,14.60136,275899
4555,alexgibson,1,0.00036,40286,14.60172,275899
4556,alexhardwicke,1,0.00036,40287,14.60208,275899
4557,alexilyaev,1,0.00036,40288,14.60245,275899
4558,alexlouden,1,0.00036,40289,14.60281,275899
4559,AlexNeises,1,0.00036,40290,14.60317,275899
4560,alex-okrushko,1,0.00036,40291,14.60353,275899
4561,alexpien,1,0.00036,40292,14.60389,275899
4562,alexpls,1,0.00036,40293,14.60426,275899
4563,alexr101,1,0.00036,40294,14.60462,275899
4564,alexreardon,1,0.00036,40295,14.60498,275899
4565,alexrohleder,1,0.00036,40296,14.60534,275899
4566,alex-teren,1,0.00036,40297,14.60571,275899
4567,alexvictoor,1,0.00036,40298,14.60607,275899
4568,AlfioEmanueleFresta,1,0.00036,40299,14.60643,275899
4569,alfonsogoberjr,1,0.00036,40300,14.60679,275899
4570,alfredh,1,0.00036,40301,14.60716,275899
4571,alfredr,1,0.00036,40302,14.60752,275899
4572,ali,1,0.00036,40303,14.60788,275899
4573,alicederyn,1,0.00036,40304,14.60824,275899
4574,aliceklipper,1,0.00036,40305,14.60861,275899
4575,ali-master,1,0.00036,40306,14.60897,275899
4576,alirezaafkar,1,0.00036,40307,14.60933,275899
4577,alirezavalizade,1,0.00036,40308,14.60969,275899
4578,alisherdavronov,1,0.00036,40309,14.61006,275899
4579,alitaheri,1,0.00036,40310,14.61042,275899
4580,almirsarajcic,1,0.00036,40311,14.61078,275899
4581,Alois-xx,1,0.00036,40312,14.61114,275899
4582,alopatin,1,0.00036,40313,14.61151,275899
4583,alopezsanchez,1,0.00036,40314,14.61187,275899
4584,alsami,1,0.00036,40315,14.61223,275899
4585,alubbe,1,0.00036,40316,14.61259,275899
4586,alundiak,1,0.00036,40317,14.61296,275899
4587,alur,1,0.00036,40318,14.61332,275899
4588,alvarotrigo,1,0.00036,40319,14.61368,275899
4589,amaranthrose,1,0.00036,40320,14.61404,275899
4590,amaravora,1,0.00036,40321,14.61441,275899
4591,amaseda,1,0.00036,40322,14.61477,275899
4592,amfern,1,0.00036,40323,14.61513,275899
4593,amiller-gh,1,0.00036,40324,14.61549,275899
4594,amit3vr,1,0.00036,40325,14.61586,275899
4595,amitdash291,1,0.00036,40326,14.61622,275899
4596,amitzur,1,0.00036,40327,14.61658,275899
4597,AmmarHasan,1,0.00036,40328,14.61694,275899
4598,AMoreaux,1,0.00036,40329,14.61731,275899
4599,amritaramnauth,1,0.00036,40330,14.61767,275899
4600,amseager,1,0.00036,40331,14.61803,275899
4601,amurdock,1,0.00036,40332,14.61839,275899
4602,amygori,1,0.00036,40333,14.61876,275899
4603,amykyta,1,0.00036,40334,14.61912,275899
4604,AnaEliza,1,0.00036,40335,14.61948,275899
4605,anaibol,1,0.00036,40336,14.61984,275899
4606,AnandChowdhary,1,0.00036,40337,14.62021,275899
4607,anantanandgupta,1,0.00036,40338,14.62057,275899
4608,anatoliy8493,1,0.00036,40339,14.62093,275899
4609,anchnk,1,0.00036,40340,14.62129,275899
4610,andela-batolagbe,1,0.00036,40341,14.62166,275899
4611,AndersDJohnson,1,0.00036,40342,14.62202,275899
4612,AndersMad,1,0.00036,40343,14.62238,275899
4613,andersonaguiar,1,0.00036,40344,14.62274,275899
4614,Andersos,1,0.00036,40345,14.62310,275899
4615,andidavies92,1,0.00036,40346,14.62347,275899
4616,andidev,1,0.00036,40347,14.62383,275899
4617,andre487,1,0.00036,40348,14.62419,275899
4618,andrebsguedes,1,0.00036,40349,14.62455,275899
4619,Andrei15193,1,0.00036,40350,14.62492,275899
4620,AndreiRailean,1,0.00036,40351,14.62528,275899
4621,andrejsinigoj,1,0.00036,40352,14.62564,275899
4622,andre-n,1,0.00036,40353,14.62600,275899
4623,andrew,1,0.00036,40354,14.62637,275899
4624,Andrew8xx8,1,0.00036,40355,14.62673,275899
4625,andrewarchi,1,0.00036,40356,14.62709,275899
4626,andrewdotn,1,0.00036,40357,14.62745,275899
4627,AndrewFinlay,1,0.00036,40358,14.62782,275899
4628,AndrewHenderson,1,0.00036,40359,14.62818,275899
4629,andrewhood125,1,0.00036,40360,14.62854,275899
4630,andrewimm,1,0.00036,40361,14.62890,275899
4631,AndrewKvalheim,1,0.00036,40362,14.62927,275899
4632,andrewlock,1,0.00036,40363,14.62963,275899
4633,andrewnester,1,0.00036,40364,14.62999,275899
4634,andrewshir,1,0.00036,40365,14.63035,275899
4635,andrewzhaosc,1,0.00036,40366,14.63072,275899
4636,andreybleme,1,0.00036,40367,14.63108,275899
4637,andreypopp,1,0.00036,40368,14.63144,275899
4638,andreyst,1,0.00036,40369,14.63180,275899
4639,andriisoldatenko,1,0.00036,40370,14.63217,275899
4640,andydavies92,1,0.00036,40371,14.63253,275899
4641,andyfeller,1,0.00036,40372,14.63289,275899
4642,andys8,1,0.00036,40373,14.63325,275899
4643,andyshora,1,0.00036,40374,14.63362,275899
4644,Anemolo,1,0.00036,40375,14.63398,275899
4645,anfedorov,1,0.00036,40376,14.63434,275899
4646,angadgill92,1,0.00036,40377,14.63470,275899
4647,AngryPidgeon,1,0.00036,40378,14.63507,275899
4648,anibalsanchez,1,0.00036,40379,14.63543,275899
4649,aniruddha-adhikary,1,0.00036,40380,14.63579,275899
4650,ankeetmaini,1,0.00036,40381,14.63615,275899
4651,ankitbko,1,0.00036,40382,14.63652,275899
4652,anniepank,1,0.00036,40383,14.63688,275899
4653,Announcement,1,0.00036,40384,14.63724,275899
4654,Anomen,1,0.00036,40385,14.63760,275899
4655,anotherpit,1,0.00036,40386,14.63797,275899
4656,anselmbradford,1,0.00036,40387,14.63833,275899
4657,anslzo,1,0.00036,40388,14.63869,275899
4658,anteriovieira,1,0.00036,40389,14.63905,275899
4659,anthonyvdotbe,1,0.00036,40390,14.63942,275899
4660,AnthumChris,1,0.00036,40391,14.63978,275899
4661,antiufo,1,0.00036,40392,14.64014,275899
4662,antleblanc,1,0.00036,40393,14.64050,275899
4663,antoniopangallo,1,0.00036,40394,14.64086,275899
4664,antons,1,0.00036,40395,14.64123,275899
4665,antonstefanov,1,0.00036,40396,14.64159,275899
4666,antplant,1,0.00036,40397,14.64195,275899
4667,anubhavgupta,1,0.00036,40398,14.64231,275899
4668,anujaware,1,0.00036,40399,14.64268,275899
4669,AoDev,1,0.00036,40400,14.64304,275899
4670,APassanisi,1,0.00036,40401,14.64340,275899
4671,apostolos,1,0.00036,40402,14.64376,275899
4672,appden,1,0.00036,40403,14.64413,275899
4673,applideveloper,1,0.00036,40404,14.64449,275899
4674,AprilArcus,1,0.00036,40405,14.64485,275899
4675,Aprillion,1,0.00036,40406,14.64521,275899
4676,apsdehal,1,0.00036,40407,14.64558,275899
4677,apsknight,1,0.00036,40408,14.64594,275899
4678,aquarion,1,0.00036,40409,14.64630,275899
4679,ar7z1,1,0.00036,40410,14.64666,275899
4680,arahansen,1,0.00036,40411,14.64703,275899
4681,araname,1,0.00036,40412,14.64739,275899
4682,araslanov,1,0.00036,40413,14.64775,275899
4683,a-r-d,1,0.00036,40414,14.64811,275899
4684,aredridel,1,0.00036,40415,14.64848,275899
4685,arendjr,1,0.00036,40416,14.64884,275899
4686,arend-von-reinersdorff,1,0.00036,40417,14.64920,275899
4687,ares128,1,0.00036,40418,14.64956,275899
4688,Arhell,1,0.00036,40419,14.64993,275899
4689,arifogel,1,0.00036,40420,14.65029,275899
4690,arkamar,1,0.00036,40421,14.65065,275899
4691,arkan,1,0.00036,40422,14.65101,275899
4692,Arkanosis,1,0.00036,40423,14.65138,275899
4693,armandino,1,0.00036,40424,14.65174,275899
4694,arminherling,1,0.00036,40425,14.65210,275899
4695,arnaudroger,1,0.00036,40426,14.65246,275899
4696,Arneball,1,0.00036,40427,14.65283,275899
4697,arodr967,1,0.00036,40428,14.65319,275899
4698,aroget,1,0.00036,40429,14.65355,275899
4699,arosh,1,0.00036,40430,14.65391,275899
4700,arouel,1,0.00036,40431,14.65428,275899
4701,arpit2438735,1,0.00036,40432,14.65464,275899
4702,ArtemKoval,1,0.00036,40433,14.65500,275899
4703,ArtsiomCh,1,0.00036,40434,14.65536,275899
4704,arturoromeroslc,1,0.00036,40435,14.65573,275899
4705,arturoromerotcs,1,0.00036,40436,14.65609,275899
4706,artyil,1,0.00036,40437,14.65645,275899
4707,artywhite,1,0.00036,40438,14.65681,275899
4708,aruberto,1,0.00036,40439,14.65718,275899
4709,arunasank,1,0.00036,40440,14.65754,275899
4710,arxene,1,0.00036,40441,14.65790,275899
4711,aryelu,1,0.00036,40442,14.65826,275899
4712,arzafran,1,0.00036,40443,14.65863,275899
4713,asaarilahti,1,0.00036,40444,14.65899,275899
4714,asa-git,1,0.00036,40445,14.65935,275899
4715,asakaev,1,0.00036,40446,14.65971,275899
4716,ASayre,1,0.00036,40447,14.66007,275899
4717,ascott18,1,0.00036,40448,14.66044,275899
4718,aseovic,1,0.00036,40449,14.66080,275899
4719,ashishdawale20,1,0.00036,40450,14.66116,275899
4720,ashishpatelcs,1,0.00036,40451,14.66152,275899
4721,ashwinbhaskar,1,0.00036,40452,14.66189,275899
4722,asieira,1,0.00036,40453,14.66225,275899
4723,asiffermann,1,0.00036,40454,14.66261,275899
4724,asika32764,1,0.00036,40455,14.66297,275899
4725,asilinwei,1,0.00036,40456,14.66334,275899
4726,asiplas,1,0.00036,40457,14.66370,275899
4727,askoning,1,0.00036,40458,14.66406,275899
4728,asleepysamurai,1,0.00036,40459,14.66442,275899
4729,aspala,1,0.00036,40460,14.66479,275899
4730,asperry152,1,0.00036,40461,14.66515,275899
4731,aspyatkin,1,0.00036,40462,14.66551,275899
4732,Asthetic,1,0.00036,40463,14.66587,275899
4733,ateoi,1,0.00036,40464,14.66624,275899
4734,atifaziz,1,0.00036,40465,14.66660,275899
4735,atogata,1,0.00036,40466,14.66696,275899
4736,A-Tokyo,1,0.00036,40467,14.66732,275899
4737,atombrella,1,0.00036,40468,14.66769,275899
4738,atom-morgan,1,0.00036,40469,14.66805,275899
4739,augbog,1,0.00036,40470,14.66841,275899
4740,august782,1,0.00036,40471,14.66877,275899
4741,augusto-cdxs,1,0.00036,40472,14.66914,275899
4742,austinrmiller,1,0.00036,40473,14.66950,275899
4743,autowp,1,0.00036,40474,14.66986,275899
4744,autra,1,0.00036,40475,14.67022,275899
4745,avanderhoorn,1,0.00036,40476,14.67059,275899
4746,avdg,1,0.00036,40477,14.67095,275899
4747,avianbc,1,0.00036,40478,14.67131,275899
4748,avielfedida,1,0.00036,40479,14.67167,275899
4749,avnash,1,0.00036,40480,14.67204,275899
4750,avnersorek,1,0.00036,40481,14.67240,275899
4751,avsorokin,1,0.00036,40482,14.67276,275899
4752,AVVS,1,0.00036,40483,14.67312,275899
4753,awiddersheim,1,0.00036,40484,14.67349,275899
4754,awlayton,1,0.00036,40485,14.67385,275899
4755,awwright,1,0.00036,40486,14.67421,275899
4756,axel-wilczek,1,0.00036,40487,14.67457,275899
4757,axu2,1,0.00036,40488,14.67494,275899
4758,Ayachii,1,0.00036,40489,14.67530,275899
4759,ayhaadam,1,0.00036,40490,14.67566,275899
4760,aymericbouzy,1,0.00036,40491,14.67602,275899
4761,AyushG3112,1,0.00036,40492,14.67639,275899
4762,AYWWWWW,1,0.00036,40493,14.67675,275899
4763,azrijamil,1,0.00036,40494,14.67711,275899
4764,azz,1,0.00036,40495,14.67747,275899
4765,B0k0,1,0.00036,40496,14.67784,275899
4766,baahmi,1,0.00036,40497,14.67820,275899
4767,babich-a,1,0.00036,40498,14.67856,275899
4768,baboquivari,1,0.00036,40499,14.67892,275899
4769,backuitist,1,0.00036,40500,14.67928,275899
4770,badrmodoukh,1,0.00036,40501,14.67965,275899
4771,bagerard,1,0.00036,40502,14.68001,275899
4772,BaileyJM02,1,0.00036,40503,14.68037,275899
4773,bakape,1,0.00036,40504,14.68073,275899
4774,bakkot,1,0.00036,40505,14.68110,275899
4775,bakorer,1,0.00036,40506,14.68146,275899
4776,balduncle,1,0.00036,40507,14.68182,275899
4777,balta3,1,0.00036,40508,14.68218,275899
4778,Bamieh,1,0.00036,40509,14.68255,275899
4779,banderson,1,0.00036,40510,14.68291,275899
4780,banterability,1,0.00036,40511,14.68327,275899
4781,bao987654321,1,0.00036,40512,14.68363,275899
4782,bargemb,1,0.00036,40513,14.68400,275899
4783,barik,1,0.00036,40514,14.68436,275899
4784,barneycarroll,1,0.00036,40515,14.68472,275899
4785,baronswindle,1,0.00036,40516,14.68508,275899
4786,barraq,1,0.00036,40517,14.68545,275899
4787,barrymichaeldoyle,1,0.00036,40518,14.68581,275899
4788,BartoszJanota,1,0.00036,40519,14.68617,275899
4789,bartriordan,1,0.00036,40520,14.68653,275899
4790,Baschdl,1,0.00036,40521,14.68690,275899
4791,basecode,1,0.00036,40522,14.68726,275899
4792,baspeeters,1,0.00036,40523,14.68762,275899
4793,bastih,1,0.00036,40524,14.68798,275899
4794,battaile,1,0.00036,40525,14.68835,275899
4795,bazuka5801,1,0.00036,40526,14.68871,275899
4796,bbalvanera,1,0.00036,40527,14.68907,275899
4797,bbeckercscc,1,0.00036,40528,14.68943,275899
4798,bbenezech,1,0.00036,40529,14.68980,275899
4799,bbodenmiller,1,0.00036,40530,14.69016,275899
4800,bbolek,1,0.00036,40531,14.69052,275899
4801,bbrooks,1,0.00036,40532,14.69088,275899
4802,bbshih,1,0.00036,40533,14.69125,275899
4803,bbyars,1,0.00036,40534,14.69161,275899
4804,bcbcb,1,0.00036,40535,14.69197,275899
4805,bchang,1,0.00036,40536,14.69233,275899
4806,bdanchilla,1,0.00036,40537,14.69270,275899
4807,BDav24,1,0.00036,40538,14.69306,275899
4808,bdmason,1,0.00036,40539,14.69342,275899
4809,bdonlan,1,0.00036,40540,14.69378,275899
4810,bearmini,1,0.00036,40541,14.69415,275899
4811,beatfactor,1,0.00036,40542,14.69451,275899
4812,bedakb,1,0.00036,40543,14.69487,275899
4813,bee0060,1,0.00036,40544,14.69523,275899
4814,bekker,1,0.00036,40545,14.69560,275899
4815,bekos,1,0.00036,40546,14.69596,275899
4816,Belax8,1,0.00036,40547,14.69632,275899
4817,Belev,1,0.00036,40548,14.69668,275899
4818,ben-bradley,1,0.00036,40549,14.69704,275899
4819,benceHornyak,1,0.00036,40550,14.69741,275899
4820,beneidel,1,0.00036,40551,14.69777,275899
4821,benekastah,1,0.00036,40552,14.69813,275899
4822,benelsen,1,0.00036,40553,14.69849,275899
4823,benfleis,1,0.00036,40554,14.69886,275899
4824,bengotow,1,0.00036,40555,14.69922,275899
4825,benhalpern,1,0.00036,40556,14.69958,275899
4826,benheymink,1,0.00036,40557,14.69994,275899
4827,benhutchins,1,0.00036,40558,14.70031,275899
4828,benigeri,1,0.00036,40559,14.70067,275899
4829,benjaffe,1,0.00036,40560,14.70103,275899
4830,benjamin-bader,1,0.00036,40561,14.70139,275899
4831,benjamindean,1,0.00036,40562,14.70176,275899
4832,benjamin-hodgson,1,0.00036,40563,14.70212,275899
4833,benjaminhoffman,1,0.00036,40564,14.70248,275899
4834,benjefferies,1,0.00036,40565,14.70284,275899
4835,ben-joostens,1,0.00036,40566,14.70321,275899
4836,benjycui,1,0.00036,40567,14.70357,275899
4837,ben-manes,1,0.00036,40568,14.70393,275899
4838,bennycoomans,1,0.00036,40569,14.70429,275899
4839,ben-page,1,0.00036,40570,14.70466,275899
4840,benrei,1,0.00036,40571,14.70502,275899
4841,benstepp,1,0.00036,40572,14.70538,275899
4842,bernard-leech,1,0.00036,40573,14.70574,275899
4843,berndartmueller,1,0.00036,40574,14.70611,275899
4844,berniefitz82,1,0.00036,40575,14.70647,275899
4845,Betanu701,1,0.00036,40576,14.70683,275899
4846,betaveros,1,0.00036,40577,14.70719,275899
4847,bettiolo,1,0.00036,40578,14.70756,275899
4848,bevanhunt,1,0.00036,40579,14.70792,275899
4849,bfricka,1,0.00036,40580,14.70828,275899
4850,bglick,1,0.00036,40581,14.70864,275899
4851,bgord,1,0.00036,40582,14.70901,275899
4852,bgoscinski,1,0.00036,40583,14.70937,275899
4853,bgribaudo,1,0.00036,40584,14.70973,275899
4854,bgschiller,1,0.00036,40585,14.71009,275899
4855,bhdrkn,1,0.00036,40586,14.71046,275899
4856,bholley,1,0.00036,40587,14.71082,275899
4857,Bhudjo,1,0.00036,40588,14.71118,275899
4858,biboudis,1,0.00036,40589,14.71154,275899
4859,BigAB,1,0.00036,40590,14.71191,275899
4860,big-andy-coates,1,0.00036,40591,14.71227,275899
4861,Bigguy34,1,0.00036,40592,14.71263,275899
4862,biglovisa,1,0.00036,40593,14.71299,275899
4863,billschaller,1,0.00036,40594,14.71336,275899
4864,biokillos,1,0.00036,40595,14.71372,275899
4865,bioxcode,1,0.00036,40596,14.71408,275899
4866,birkmose,1,0.00036,40597,14.71444,275899
4867,bishabosha,1,0.00036,40598,14.71481,275899
4868,bishwei,1,0.00036,40599,14.71517,275899
4869,bitbonk,1,0.00036,40600,14.71553,275899
4870,bitsal,1,0.00036,40601,14.71589,275899
4871,bjornstar,1,0.00036,40602,14.71625,275899
4872,bjrmatos,1,0.00036,40603,14.71662,275899
4873,bkdotcom,1,0.00036,40604,14.71698,275899
4874,blackdynamo,1,0.00036,40605,14.71734,275899
4875,blainekasten,1,0.00036,40606,14.71770,275899
4876,blainesch,1,0.00036,40607,14.71807,275899
4877,blair,1,0.00036,40608,14.71843,275899
4878,Blaisorblade,1,0.00036,40609,14.71879,275899
4879,bleshik,1,0.00036,40610,14.71915,275899
4880,bloggervista,1,0.00036,40611,14.71952,275899
4881,blokfyuh,1,0.00036,40612,14.71988,275899
4882,BloodShura,1,0.00036,40613,14.72024,275899
4883,BlueAccords,1,0.00036,40614,14.72060,275899
4884,bluelineXY,1,0.00036,40615,14.72097,275899
4885,bmac,1,0.00036,40616,14.72133,275899
4886,bmeverett,1,0.00036,40617,14.72169,275899
4887,bmispelon,1,0.00036,40618,14.72205,275899
4888,bmwadforth,1,0.00036,40619,14.72242,275899
4889,bnb,1,0.00036,40620,14.72278,275899
4890,bnorm,1,0.00036,40621,14.72314,275899
4891,bnyu,1,0.00036,40622,14.72350,275899
4892,bobbyrenwick,1,0.00036,40623,14.72387,275899
4893,BobSammers,1,0.00036,40624,14.72423,275899
4894,bocus,1,0.00036,40625,14.72459,275899
4895,Bodasia,1,0.00036,40626,14.72495,275899
4896,bodazhao,1,0.00036,40627,14.72532,275899
4897,bodgit,1,0.00036,40628,14.72568,275899
4898,bogas04,1,0.00036,40629,14.72604,275899
4899,BoLaMN,1,0.00036,40630,14.72640,275899
4900,bonham000,1,0.00036,40631,14.72677,275899
4901,bontibon,1,0.00036,40632,14.72713,275899
4902,BookOfGreg,1,0.00036,40633,14.72749,275899
4903,boopeshmahendran,1,0.00036,40634,14.72785,275899
4904,borgdylan,1,0.00036,40635,14.72822,275899
4905,borisyankov,1,0.00036,40636,14.72858,275899
4906,BorntraegerMarc,1,0.00036,40637,14.72894,275899
4907,BorodinDK,1,0.00036,40638,14.72930,275899
4908,borriglione,1,0.00036,40639,14.72967,275899
4909,borsna,1,0.00036,40640,14.73003,275899
4910,botaberg,1,0.00036,40641,14.73039,275899
4911,botovq,1,0.00036,40642,14.73075,275899
4912,boutell,1,0.00036,40643,14.73112,275899
4913,bowlofeggs,1,0.00036,40644,14.73148,275899
4914,boyaq,1,0.00036,40645,14.73184,275899
4915,Bpaterak,1,0.00036,40646,14.73220,275899
4916,b-paul,1,0.00036,40647,14.73257,275899
4917,bpetex,1,0.00036,40648,14.73293,275899
4918,bploetz,1,0.00036,40649,14.73329,275899
4919,bportnoy,1,0.00036,40650,14.73365,275899
4920,braddunbar,1,0.00036,40651,14.73401,275899
4921,bradleyayers,1,0.00036,40652,14.73438,275899
4922,bradvogel,1,0.00036,40653,14.73474,275899
4923,brafdlog,1,0.00036,40654,14.73510,275899
4924,brandon93s,1,0.00036,40655,14.73546,275899
4925,brandon-d-logan,1,0.00036,40656,14.73583,275899
4926,brandon-pereira,1,0.00036,40657,14.73619,275899
4927,BrandonSmith,1,0.00036,40658,14.73655,275899
4928,BredPet,1,0.00036,40659,14.73691,275899
4929,Breemua,1,0.00036,40660,14.73728,275899
4930,brian428,1,0.00036,40661,14.73764,275899
4931,briandealwis,1,0.00036,40662,14.73800,275899
4932,BrianDGLS,1,0.00036,40663,14.73836,275899
4933,BrianDiggs,1,0.00036,40664,14.73873,275899
4934,brian-mann,1,0.00036,40665,14.73909,275899
4935,brickspert,1,0.00036,40666,14.73945,275899
4936,bricss,1,0.00036,40667,14.73981,275899
4937,BrightLight,1,0.00036,40668,14.74018,275899
4938,brismuth,1,0.00036,40669,14.74054,275899
4939,brnrdog,1,0.00036,40670,14.74090,275899
4940,broder,1,0.00036,40671,14.74126,275899
4941,brodybits,1,0.00036,40672,14.74163,275899
4942,brunokrebs,1,0.00036,40673,14.74199,275899
4943,brunolins16,1,0.00036,40674,14.74235,275899
4944,brunoscopelliti,1,0.00036,40675,14.74271,275899
4945,bryanar,1,0.00036,40676,14.74308,275899
4946,bryanjenningz,1,0.00036,40677,14.74344,275899
4947,bsdjhb,1,0.00036,40678,14.74380,275899
4948,bsergei,1,0.00036,40679,14.74416,275899
4949,bsletten,1,0.00036,40680,14.74453,275899
4950,btd,1,0.00036,40681,14.74489,275899
4951,btholt,1,0.00036,40682,14.74525,275899
4952,btmills,1,0.00036,40683,14.74561,275899
4953,buddh4,1,0.00036,40684,14.74598,275899
4954,buddyabaddon,1,0.00036,40685,14.74634,275899
4955,buerkle,1,0.00036,40686,14.74670,275899
4956,bugknightyyp,1,0.00036,40687,14.74706,275899
4957,bugsancho,1,0.00036,40688,14.74743,275899
4958,bugtype,1,0.00036,40689,14.74779,275899
4959,burnedram,1,0.00036,40690,14.74815,275899
4960,burningtree,1,0.00036,40691,14.74851,275899
4961,bushuai,1,0.00036,40692,14.74888,275899
4962,bustta,1,0.00036,40693,14.74924,275899
4963,butla,1,0.00036,40694,14.74960,275899
4964,butterprim,1,0.00036,40695,14.74996,275899
4965,bvleur,1,0.00036,40696,14.75033,275899
4966,byr-gdp,1,0.00036,40697,14.75069,275899
4967,C0rWin,1,0.00036,40698,14.75105,275899
4968,Cactucs,1,0.00036,40699,14.75141,275899
4969,caillou,1,0.00036,40700,14.75178,275899
4970,califrench,1,0.00036,40701,14.75214,275899
4971,callumcodes,1,0.00036,40702,14.75250,275899
4972,calvinf,1,0.00036,40703,14.75286,275899
4973,Calyhre,1,0.00036,40704,14.75322,275899
4974,cancerberoSgx,1,0.00036,40705,14.75359,275899
4975,cannona,1,0.00036,40706,14.75395,275899
4976,capaj,1,0.00036,40707,14.75431,275899
4977,CaptainCow95,1,0.00036,40708,14.75467,275899
4978,captain-digitalsailors,1,0.00036,40709,14.75504,275899
4979,cardamon,1,0.00036,40710,14.75540,275899
4980,caridy,1,0.00036,40711,14.75576,275899
4981,carkod,1,0.00036,40712,14.75612,275899
4982,carlansley,1,0.00036,40713,14.75649,275899
4983,carlfranz,1,0.00036,40714,14.75685,275899
4984,CarloMartini,1,0.00036,40715,14.75721,275899
4985,carlosasj,1,0.00036,40716,14.75757,275899
4986,carlosvargas,1,0.00036,40717,14.75794,275899
4987,Carlsson87,1,0.00036,40718,14.75830,275899
4988,carolinacmoravia,1,0.00036,40719,14.75866,275899
4989,carterchung,1,0.00036,40720,14.75902,275899
4990,carterkozak,1,0.00036,40721,14.75939,275899
4991,cascornelissen,1,0.00036,40722,14.75975,275899
4992,casdevs,1,0.00036,40723,14.76011,275899
4993,CaseyLeask,1,0.00036,40724,14.76047,275899
4994,castilloandres,1,0.00036,40725,14.76084,275899
4995,CasualSuperman,1,0.00036,40726,14.76120,275899
4996,catamphetamine,1,0.00036,40727,14.76156,275899
4997,catanm,1,0.00036,40728,14.76192,275899
4998,catcake,1,0.00036,40729,14.76229,275899
4999,caub,1,0.00036,40730,14.76265,275899
5000,cbejensen,1,0.00036,40731,14.76301,275899
5001,cbguder,1,0.00036,40732,14.76337,275899
5002,cbrianso,1,0.00036,40733,14.76374,275899
5003,cchanxzy,1,0.00036,40734,14.76410,275899
5004,ccjoywang,1,0.00036,40735,14.76446,275899
5005,cconroy,1,0.00036,40736,14.76482,275899
5006,cdoremus,1,0.00036,40737,14.76519,275899
5007,cemeyer,1,0.00036,40738,14.76555,275899
5008,ceph3us,1,0.00036,40739,14.76591,275899
5009,cesarblum,1,0.00036,40740,14.76627,275899
5010,cesarbs,1,0.00036,40741,14.76664,275899
5011,cesarwbr,1,0.00036,40742,14.76700,275899
5012,cgamache,1,0.00036,40743,14.76736,275899
5013,c-geek,1,0.00036,40744,14.76772,275899
5014,cgrail,1,0.00036,40745,14.76809,275899
5015,chadhietala,1,0.00036,40746,14.76845,275899
5016,chadselph,1,0.00036,40747,14.76881,275899
5017,ChaitanyaPramod,1,0.00036,40748,14.76917,275899
5018,chamila-c,1,0.00036,40749,14.76954,275899
5019,chancedickson,1,0.00036,40750,14.76990,275899
5020,changhw01,1,0.00036,40751,14.77026,275899
5021,changLiuUNSW,1,0.00036,40752,14.77062,275899
5022,channeladam,1,0.00036,40753,14.77099,275899
5023,Charca,1,0.00036,40754,14.77135,275899
5024,CharlieGarcia,1,0.00036,40755,14.77171,275899
5025,charphi,1,0.00036,40756,14.77207,275899
5026,charukiewicz,1,0.00036,40757,14.77243,275899
5027,chaseadamsio,1,0.00036,40758,14.77280,275899
5028,cheeaun,1,0.00036,40759,14.77316,275899
5029,chenesan,1,0.00036,40760,14.77352,275899
5030,chengkungui,1,0.00036,40761,14.77388,275899
5031,chengluyu,1,0.00036,40762,14.77425,275899
5032,chenzhenxi,1,0.00036,40763,14.77461,275899
5033,cherniavskii,1,0.00036,40764,14.77497,275899
5034,chernysh,1,0.00036,40765,14.77533,275899
5035,chetbox,1,0.00036,40766,14.77570,275899
5036,chgc,1,0.00036,40767,14.77606,275899
5037,Chickenzilla,1,0.00036,40768,14.77642,275899
5038,chidozieononiwu,1,0.00036,40769,14.77678,275899
5039,chienkira,1,0.00036,40770,14.77715,275899
5040,Chima1707,1,0.00036,40771,14.77751,275899
5041,chinhodado,1,0.00036,40772,14.77787,275899
5042,chipaca,1,0.00036,40773,14.77823,275899
5043,chiragatlas,1,0.00036,40774,14.77860,275899
5044,chisler,1,0.00036,40775,14.77896,275899
5045,chmelevskij,1,0.00036,40776,14.77932,275899
5046,Chobbes,1,0.00036,40777,14.77968,275899
5047,chojrak11,1,0.00036,40778,14.78005,275899
5048,chris13524,1,0.00036,40779,14.78041,275899
5049,chris-barry,1,0.00036,40780,14.78077,275899
5050,chrisbianca,1,0.00036,40781,14.78113,275899
5051,chrisbolin,1,0.00036,40782,14.78150,275899
5052,chrisbujok,1,0.00036,40783,14.78186,275899
5053,chriscalo,1,0.00036,40784,14.78222,275899
5054,chriscartlidge,1,0.00036,40785,14.78258,275899
5055,chrisgavin,1,0.00036,40786,14.78295,275899
5056,chrisgrovers,1,0.00036,40787,14.78331,275899
5057,chriskrolak,1,0.00036,40788,14.78367,275899
5058,chris-martin,1,0.00036,40789,14.78403,275899
5059,chrisprice,1,0.00036,40790,14.78440,275899
5060,chrisranderson,1,0.00036,40791,14.78476,275899
5061,chrisrpatterson,1,0.00036,40792,14.78512,275899
5062,chrisself,1,0.00036,40793,14.78548,275899
5063,christianbundy,1,0.00036,40794,14.78585,275899
5064,ChristianSchwarz,1,0.00036,40795,14.78621,275899
5065,ChristianUlbrich,1,0.00036,40796,14.78657,275899
5066,christikaes,1,0.00036,40797,14.78693,275899
5067,ChristopherDavenport,1,0.00036,40798,14.78730,275899
5068,christopherjbaker,1,0.00036,40799,14.78766,275899
5069,chrisui,1,0.00036,40800,14.78802,275899
5070,chrisvfabio,1,0.00036,40801,14.78838,275899
5071,chrisyip,1,0.00036,40802,14.78875,275899
5072,chromakey,1,0.00036,40803,14.78911,275899
5073,chtseac,1,0.00036,40804,14.78947,275899
5074,chulkilee,1,0.00036,40805,14.78983,275899
5075,chumtoadafuq,1,0.00036,40806,14.79019,275899
5076,ChuntaoLu,1,0.00036,40807,14.79056,275899
5077,Chyngyz,1,0.00036,40808,14.79092,275899
5078,ciceropablo,1,0.00036,40809,14.79128,275899
5079,ciddan,1,0.00036,40810,14.79164,275899
5080,citium,1,0.00036,40811,14.79201,275899
5081,cjc343,1,0.00036,40812,14.79237,275899
5082,cjpillsbury,1,0.00036,40813,14.79273,275899
5083,ckuhn,1,0.00036,40814,14.79309,275899
5084,cladera,1,0.00036,40815,14.79346,275899
5085,clairecliu,1,0.00036,40816,14.79382,275899
5086,clairecoloma,1,0.00036,40817,14.79418,275899
5087,Claudenw,1,0.00036,40818,14.79454,275899
5088,claudi,1,0.00036,40819,14.79491,275899
5089,claudiopro,1,0.00036,40820,14.79527,275899
5090,clavecoder,1,0.00036,40821,14.79563,275899
5091,claylo,1,0.00036,40822,14.79599,275899
5092,cleitonmendonca,1,0.00036,40823,14.79636,275899
5093,clhenrick,1,0.00036,40824,14.79672,275899
5094,cliener,1,0.00036,40825,14.79708,275899
5095,clockworked247,1,0.00036,40826,14.79744,275899
5096,C-Lodder,1,0.00036,40827,14.79781,275899
5097,cloojure,1,0.00036,40828,14.79817,275899
5098,cmatheson,1,0.00036,40829,14.79853,275899
5099,cmpt376edits,1,0.00036,40830,14.79889,275899
5100,cmwall,1,0.00036,40831,14.79926,275899
5101,cnblogs-dudu,1,0.00036,40832,14.79962,275899
5102,cod7alex,1,0.00036,40833,14.79998,275899
5103,codef0rmer,1,0.00036,40834,14.80034,275899
5104,CodeFoodPixels,1,0.00036,40835,14.80071,275899
5105,codeheroics,1,0.00036,40836,14.80107,275899
5106,codepodu,1,0.00036,40837,14.80143,275899
5107,coderberry,1,0.00036,40838,14.80179,275899
5108,CoderK,1,0.00036,40839,14.80216,275899
5109,CodeTherapist,1,0.00036,40840,14.80252,275899
5110,CodinCat,1,0.00036,40841,14.80288,275899
5111,codingismy11to7,1,0.00036,40842,14.80324,275899
5112,codingtwinky,1,0.00036,40843,14.80361,275899
5113,CodogoFreddie,1,0.00036,40844,14.80397,275899
5114,codyj110,1,0.00036,40845,14.80433,275899
5115,codylerum,1,0.00036,40846,14.80469,275899
5116,Cody-Nicholson,1,0.00036,40847,14.80506,275899
5117,coenm,1,0.00036,40848,14.80542,275899
5118,Cojacfar,1,0.00036,40849,14.80578,275899
5119,colelawrence,1,0.00036,40850,14.80614,275899
5120,coleturner,1,0.00036,40851,14.80651,275899
5121,collink,1,0.00036,40852,14.80687,275899
5122,compulim,1,0.00036,40853,14.80723,275899
5123,coms,1,0.00036,40854,14.80759,275899
5124,conartist6,1,0.00036,40855,14.80796,275899
5125,ConnorMcF,1,0.00036,40856,14.80832,275899
5126,ConradIrwin,1,0.00036,40857,14.80868,275899
5127,conradoplg,1,0.00036,40858,14.80904,275899
5128,CoolCoderTony,1,0.00036,40859,14.80940,275899
5129,coolgod,1,0.00036,40860,14.80977,275899
5130,CoolGoose,1,0.00036,40861,14.81013,275899
5131,coorasse,1,0.00036,40862,14.81049,275899
5132,coreh,1,0.00036,40863,14.81085,275899
5133,Corillian,1,0.00036,40864,14.81122,275899
5134,cornedor,1,0.00036,40865,14.81158,275899
5135,coryasilva,1,0.00036,40866,14.81194,275899
5136,costahome,1,0.00036,40867,14.81230,275899
5137,countless-integers,1,0.00036,40868,14.81267,275899
5138,coutin,1,0.00036,40869,14.81303,275899
5139,couven92,1,0.00036,40870,14.81339,275899
5140,covener,1,0.00036,40871,14.81375,275899
5141,cowwoc,1,0.00036,40872,14.81412,275899
5142,cpillsbury,1,0.00036,40873,14.81448,275899
5143,cpiotr,1,0.00036,40874,14.81484,275899
5144,cquanu,1,0.00036,40875,14.81520,275899
5145,craigajohnson,1,0.00036,40876,14.81557,275899
5146,craigdanj,1,0.00036,40877,14.81593,275899
5147,cravler,1,0.00036,40878,14.81629,275899
5148,CRC-Mismatch,1,0.00036,40879,14.81665,275899
5149,crhistianramirez,1,0.00036,40880,14.81702,275899
5150,crmckenzie,1,0.00036,40881,14.81738,275899
5151,Cronan,1,0.00036,40882,14.81774,275899
5152,crosscompile,1,0.00036,40883,14.81810,275899
5153,crteal,1,0.00036,40884,14.81847,275899
5154,crux153,1,0.00036,40885,14.81883,275899
5155,Crysinyan,1,0.00036,40886,14.81919,275899
5156,csbok,1,0.00036,40887,14.81955,275899
5157,CSchulz,1,0.00036,40888,14.81992,275899
5158,CSharpFan,1,0.00036,40889,14.82028,275899
5159,Cslove,1,0.00036,40890,14.82064,275899
5160,csswizardry,1,0.00036,40891,14.82100,275899
5161,cstamas,1,0.00036,40892,14.82137,275899
5162,ctide,1,0.00036,40893,14.82173,275899
5163,ctyar,1,0.00036,40894,14.82209,275899
5164,cukejianya,1,0.00036,40895,14.82245,275899
5165,curiousdannii,1,0.00036,40896,14.82282,275899
5166,curtgrimes,1,0.00036,40897,14.82318,275899
5167,cweems,1,0.00036,40898,14.82354,275899
5168,cwohlman,1,0.00036,40899,14.82390,275899
5169,CWSpear,1,0.00036,40900,14.82427,275899
5170,cyberjacob,1,0.00036,40901,14.82463,275899
5171,CyborgMaster,1,0.00036,40902,14.82499,275899
5172,cydhaselton,1,0.00036,40903,14.82535,275899
5173,cydrobolt,1,0.00036,40904,14.82572,275899
5174,cypok,1,0.00036,40905,14.82608,275899
5175,czamp,1,0.00036,40906,14.82644,275899
5176,d6u,1,0.00036,40907,14.82680,275899
5177,DaAwesomeP,1,0.00036,40908,14.82717,275899
5178,dackmin,1,0.00036,40909,14.82753,275899
5179,daedalus28,1,0.00036,40910,14.82789,275899
5180,daevidpreis,1,0.00036,40911,14.82825,275899
5181,dafo,1,0.00036,40912,14.82861,275899
5182,daggerjames,1,0.00036,40913,14.82898,275899
5183,dagstuan,1,0.00036,40914,14.82934,275899
5184,dalyhabit,1,0.00036,40915,14.82970,275899
5185,damian,1,0.00036,40916,14.83006,275899
5186,damrbaby,1,0.00036,40917,14.83043,275899
5187,damusnet,1,0.00036,40918,14.83079,275899
5188,dangreen,1,0.00036,40919,14.83115,275899
5189,daniel347x,1,0.00036,40920,14.83151,275899
5190,danielb2,1,0.00036,40921,14.83188,275899
5191,DanielBaird,1,0.00036,40922,14.83224,275899
5192,danielberndt,1,0.00036,40923,14.83260,275899
5193,danielgindi,1,0.00036,40924,14.83296,275899
5194,danielmachado,1,0.00036,40925,14.83333,275899
5195,danielmendel,1,0.00036,40926,14.83369,275899
5196,DanielPintilei,1,0.00036,40927,14.83405,275899
5197,danielpowell4,1,0.00036,40928,14.83441,275899
5198,danielrob,1,0.00036,40929,14.83478,275899
5199,danielsharvey,1,0.00036,40930,14.83514,275899
5200,danieltaub96,1,0.00036,40931,14.83550,275899
5201,daniilguit,1,0.00036,40932,14.83586,275899
5202,dankelleher,1,0.00036,40933,14.83623,275899
5203,danmana,1,0.00036,40934,14.83659,275899
5204,DannyDelott,1,0.00036,40935,14.83695,275899
5205,danpatnate,1,0.00036,40936,14.83731,275899
5206,darcyparker,1,0.00036,40937,14.83768,275899
5207,dariocravero,1,0.00036,40938,14.83804,275899
5208,DarkDimius,1,0.00036,40939,14.83840,275899
5209,DarkScorpion,1,0.00036,40940,14.83876,275899
5210,Darnor,1,0.00036,40941,14.83913,275899
5211,darxis,1,0.00036,40942,14.83949,275899
5212,dasa,1,0.00036,40943,14.83985,275899
5213,DaSchTour,1,0.00036,40944,14.84021,275899
5214,das-peter,1,0.00036,40945,14.84058,275899
5215,dasraf9,1,0.00036,40946,14.84094,275899
5216,datyayu,1,0.00036,40947,14.84130,275899
5217,daurnimator,1,0.00036,40948,14.84166,275899
5218,DaveJarvis,1,0.00036,40949,14.84203,275899
5219,davemeetsworld,1,0.00036,40950,14.84239,275899
5220,davestewart,1,0.00036,40951,14.84275,275899
5221,davethegr8,1,0.00036,40952,14.84311,275899
5222,david0178418,1,0.00036,40953,14.84348,275899
5223,davidadas,1,0.00036,40954,14.84384,275899
5224,DavidARussell,1,0.00036,40955,14.84420,275899
5225,davidblnc,1,0.00036,40956,14.84456,275899
5226,davidcigital,1,0.00036,40957,14.84493,275899
5227,DavidDTA,1,0.00036,40958,14.84529,275899
5228,davideast,1,0.00036,40959,14.84565,275899
5229,DavideD,1,0.00036,40960,14.84601,275899
5230,DavideViolante,1,0.00036,40961,14.84637,275899
5231,davidfurlong,1,0.00036,40962,14.84674,275899
5232,davidgilbertson,1,0.00036,40963,14.84710,275899
5233,DavidGregory084,1,0.00036,40964,14.84746,275899
5234,davidjrichardson,1,0.00036,40965,14.84782,275899
5235,davidkpiano,1,0.00036,40966,14.84819,275899
5236,davidlehn,1,0.00036,40967,14.84855,275899
5237,davidmoten,1,0.00036,40968,14.84891,275899
5238,davidpatrick,1,0.00036,40969,14.84927,275899
5239,davidrbright,1,0.00036,40970,14.84964,275899
5240,david-reiman-ck,1,0.00036,40971,14.85000,275899
5241,davidsheldon,1,0.00036,40972,14.85036,275899
5242,DavidTPate,1,0.00036,40973,14.85072,275899
5243,davidwood,1,0.00036,40974,14.85109,275899
5244,daviferreira,1,0.00036,40975,14.85145,275899
5245,davilimap,1,0.00036,40976,14.85181,275899
5246,davxy,1,0.00036,40977,14.85217,275899
5247,davzucky,1,0.00036,40978,14.85254,275899
5248,DawidTabak,1,0.00036,40979,14.85290,275899
5249,dbardbar,1,0.00036,40980,14.85326,275899
5250,dbkaplun,1,0.00036,40981,14.85362,275899
5251,dbkirk4211,1,0.00036,40982,14.85399,275899
5252,dbmikus,1,0.00036,40983,14.85435,275899
5253,dboshardy,1,0.00036,40984,14.85471,275899
5254,dbrugne,1,0.00036,40985,14.85507,275899
5255,dcsp,1,0.00036,40986,14.85544,275899
5256,DCtheTall,1,0.00036,40987,14.85580,275899
5257,dcworldwide,1,0.00036,40988,14.85616,275899
5258,ddebree,1,0.00036,40989,14.85652,275899
5259,ddneat,1,0.00036,40990,14.85689,275899
5260,DDRBoxman,1,0.00036,40991,14.85725,275899
5261,ddrjm,1,0.00036,40992,14.85761,275899
5262,deadbeef404,1,0.00036,40993,14.85797,275899
5263,deamme,1,0.00036,40994,14.85834,275899
5264,Dean177,1,0.00036,40995,14.85870,275899
5265,deanban,1,0.00036,40996,14.85906,275899
5266,debajitr,1,0.00036,40997,14.85942,275899
5267,debudda,1,0.00036,40998,14.85979,275899
5268,decentralion,1,0.00036,40999,14.86015,275899
5269,deebloo,1,0.00036,41000,14.86051,275899
5270,deecewan,1,0.00036,41001,14.86087,275899
5271,deed02392,1,0.00036,41002,14.86124,275899
5272,deepakpathania,1,0.00036,41003,14.86160,275899
5273,deepcoldy,1,0.00036,41004,14.86196,275899
5274,deformhead,1,0.00036,41005,14.86232,275899
5275,DemianD,1,0.00036,41006,14.86269,275899
5276,demmz,1,0.00036,41007,14.86305,275899
5277,demoneaux,1,0.00036,41008,14.86341,275899
5278,Demurgos,1,0.00036,41009,14.86377,275899
5279,den314,1,0.00036,41010,14.86414,275899
5280,deniss-muhla,1,0.00036,41011,14.86450,275899
5281,depr,1,0.00036,41012,14.86486,275899
5282,dereckson,1,0.00036,41013,14.86522,275899
5283,Derek-Ashmore,1,0.00036,41014,14.86558,275899
5284,dereksantos,1,0.00036,41015,14.86595,275899
5285,derekstavis,1,0.00036,41016,14.86631,275899
5286,DerFlatulator,1,0.00036,41017,14.86667,275899
5287,derLukers,1,0.00036,41018,14.86703,275899
5288,desheikh,1,0.00036,41019,14.86740,275899
5289,designeng,1,0.00036,41020,14.86776,275899
5290,designfrontier,1,0.00036,41021,14.86812,275899
5291,DesWurstes,1,0.00036,41022,14.86848,275899
5292,devdot,1,0.00036,41023,14.86885,275899
5293,developit,1,0.00036,41024,14.86921,275899
5294,DevInstinct,1,0.00036,41025,14.86957,275899
5295,devonharvey,1,0.00036,41026,14.86993,275899
5296,devtanc,1,0.00036,41027,14.87030,275899
5297,devtwogenies,1,0.00036,41028,14.87066,275899
5298,dewaffled,1,0.00036,41029,14.87102,275899
5299,deyboy90,1,0.00036,41030,14.87138,275899
5300,deyhle,1,0.00036,41031,14.87175,275899
5301,df3n5,1,0.00036,41032,14.87211,275899
5302,dferber90,1,0.00036,41033,14.87247,275899
5303,d-fischer,1,0.00036,41034,14.87283,275899
5304,dgofman,1,0.00036,41035,14.87320,275899
5305,dgrcode,1,0.00036,41036,14.87356,275899
5306,dgrove,1,0.00036,41037,14.87392,275899
5307,dguyonvarch,1,0.00036,41038,14.87428,275899
5308,dgwynne,1,0.00036,41039,14.87465,275899
5309,dhcmrlchtdj,1,0.00036,41040,14.87501,275899
5310,DheerajVislavath,1,0.00036,41041,14.87537,275899
5311,dhoepelman,1,0.00036,41042,14.87573,275899
5312,dhritzkiv,1,0.00036,41043,14.87610,275899
5313,dhrubesh,1,0.00036,41044,14.87646,275899
5314,dhruvdutt,1,0.00036,41045,14.87682,275899
5315,diamondo25,1,0.00036,41046,14.87718,275899
5316,dieb,1,0.00036,41047,14.87755,275899
5317,DieBauer,1,0.00036,41048,14.87791,275899
5318,diegolacarta,1,0.00036,41049,14.87827,275899
5319,digitaldavenyc,1,0.00036,41050,14.87863,275899
5320,Dignifiedquire,1,0.00036,41051,14.87900,275899
5321,dilidili,1,0.00036,41052,14.87936,275899
5322,dillonchanis,1,0.00036,41053,14.87972,275899
5323,dinomite,1,0.00036,41054,14.88008,275899
5324,disc99,1,0.00036,41055,14.88045,275899
5325,discosultan,1,0.00036,41056,14.88081,275899
5326,DJCordhose,1,0.00036,41057,14.88117,275899
5327,djds23,1,0.00036,41058,14.88153,275899
5328,djindjic,1,0.00036,41059,14.88190,275899
5329,djkirby,1,0.00036,41060,14.88226,275899
5330,djulien,1,0.00036,41061,14.88262,275899
5331,djy0,1,0.00036,41062,14.88298,275899
5332,dkebler,1,0.00036,41063,14.88334,275899
5333,dlazerka,1,0.00036,41064,14.88371,275899
5334,dlecocq,1,0.00036,41065,14.88407,275899
5335,dlwalsh,1,0.00036,41066,14.88443,275899
5336,dmap,1,0.00036,41067,14.88479,275899
5337,dmarkow,1,0.00036,41068,14.88516,275899
5338,dmin,1,0.00036,41069,14.88552,275899
5339,DmitryGaravsky,1,0.00036,41070,14.88588,275899
5340,DmitryGonchar,1,0.00036,41071,14.88624,275899
5341,dmitrysteblyuk,1,0.00036,41072,14.88661,275899
5342,dmitryvk,1,0.00036,41073,14.88697,275899
5343,dmjones500,1,0.00036,41074,14.88733,275899
5344,dmlukichev,1,0.00036,41075,14.88769,275899
5345,dmurat,1,0.00036,41076,14.88806,275899
5346,dnperfors,1,0.00036,41077,14.88842,275899
5347,dnshi,1,0.00036,41078,14.88878,275899
5348,doctyper,1,0.00036,41079,14.88914,275899
5349,doersino,1,0.00036,41080,14.88951,275899
5350,dogancelik,1,0.00036,41081,14.88987,275899
5351,dogboydog,1,0.00036,41082,14.89023,275899
5352,Dok11,1,0.00036,41083,14.89059,275899
5353,domcc,1,0.00036,41084,14.89096,275899
5354,domenic,1,0.00036,41085,14.89132,275899
5355,dominicbarnes,1,0.00036,41086,14.89168,275899
5356,dominictarr,1,0.00036,41087,14.89204,275899
5357,DominikPieper,1,0.00036,41088,14.89241,275899
5358,donabrams,1,0.00036,41089,14.89277,275899
5359,DonaldHarris,1,0.00036,41090,14.89313,275899
5360,dongyuwei,1,0.00036,41091,14.89349,275899
5361,DonnieWest,1,0.00036,41092,14.89386,275899
5362,dorktobes,1,0.00036,41093,14.89422,275899
5363,dortonway,1,0.00036,41094,14.89458,275899
5364,Dorvaryn,1,0.00036,41095,14.89494,275899
5365,dosentmatter,1,0.00036,41096,14.89531,275899
5366,dotchev,1,0.00036,41097,14.89567,275899
5367,dotproto,1,0.00036,41098,14.89603,275899
5368,doug2k1,1,0.00036,41099,14.89639,275899
5369,doug-a-brunner,1,0.00036,41100,14.89676,275899
5370,Douglas-Cleghorn,1,0.00036,41101,14.89712,275899
5371,dpaoliello,1,0.00036,41102,14.89748,275899
5372,dpellier,1,0.00036,41103,14.89784,275899
5373,dperezde,1,0.00036,41104,14.89821,275899
5374,dprotaso,1,0.00036,41105,14.89857,275899
5375,dracos,1,0.00036,41106,14.89893,275899
5376,dragmove,1,0.00036,41107,14.89929,275899
5377,dragn,1,0.00036,41108,14.89966,275899
5378,drajakumar,1,0.00036,41109,14.90002,275899
5379,drawski,1,0.00036,41110,14.90038,275899
5380,drcapulet,1,0.00036,41111,14.90074,275899
5381,DrDanRyan,1,0.00036,41112,14.90111,275899
5382,drdelambre,1,0.00036,41113,14.90147,275899
5383,dreadwail,1,0.00036,41114,14.90183,275899
5384,drewburlingame,1,0.00036,41115,14.90219,275899
5385,drew-moore,1,0.00036,41116,14.90255,275899
5386,dreyacosta,1,0.00036,41117,14.90292,275899
5387,drichard,1,0.00036,41118,14.90328,275899
5388,drieseng,1,0.00036,41119,14.90364,275899
5389,driverpt,1,0.00036,41120,14.90400,275899
5390,drothmaler,1,0.00036,41121,14.90437,275899
5391,ds300,1,0.00036,41122,14.90473,275899
5392,dschinde,1,0.00036,41123,14.90509,275899
5393,dsherret,1,0.00036,41124,14.90545,275899
5394,dstrohl,1,0.00036,41125,14.90582,275899
5395,dsuket,1,0.00036,41126,14.90618,275899
5396,dsw2127,1,0.00036,41127,14.90654,275899
5397,dtabuenc,1,0.00036,41128,14.90690,275899
5398,dtgoitia,1,0.00036,41129,14.90727,275899
5399,dtothefp,1,0.00036,41130,14.90763,275899
5400,dtslvr,1,0.00036,41131,14.90799,275899
5401,Ducki,1,0.00036,41132,14.90835,275899
5402,DudaKamil,1,0.00036,41133,14.90872,275899
5403,duereg,1,0.00036,41134,14.90908,275899
5404,Duhemm,1,0.00036,41135,14.90944,275899
5405,dukeyin,1,0.00036,41136,14.90980,275899
5406,dungsaga,1,0.00036,41137,14.91017,275899
5407,dunnock,1,0.00036,41138,14.91053,275899
5408,dvandyke,1,0.00036,41139,14.91089,275899
5409,dvishniakov,1,0.00036,41140,14.91125,275899
5410,dwelle,1,0.00036,41141,14.91162,275899
5411,dwhieb,1,0.00036,41142,14.91198,275899
5412,DXFiles,1,0.00036,41143,14.91234,275899
5413,dylang,1,0.00036,41144,14.91270,275899
5414,dzcpy,1,0.00036,41145,14.91307,275899
5415,DzonnyDZ,1,0.00036,41146,14.91343,275899
5416,eabalea,1,0.00036,41147,14.91379,275899
5417,EamonHetherton,1,0.00036,41148,14.91415,275899
5418,ebradyjobory,1,0.00036,41149,14.91452,275899
5419,ecbrodie,1,0.00036,41150,14.91488,275899
5420,eclipsewebmaster,1,0.00036,41151,14.91524,275899
5421,ecmadao,1,0.00036,41152,14.91560,275899
5422,edalquist,1,0.00036,41153,14.91597,275899
5423,eddiejaoude,1,0.00036,41154,14.91633,275899
5424,EddyVerbruggen,1,0.00036,41155,14.91669,275899
5425,edelangh,1,0.00036,41156,14.91705,275899
5426,edeustace,1,0.00036,41157,14.91742,275899
5427,edi9999,1,0.00036,41158,14.91778,275899
5428,edmBernard,1,0.00036,41159,14.91814,275899
5429,edmellum,1,0.00036,41160,14.91850,275899
5430,edofic,1,0.00036,41161,14.91887,275899
5431,edolic,1,0.00036,41162,14.91923,275899
5432,edorivai,1,0.00036,41163,14.91959,275899
5433,eduardbadillo,1,0.00036,41164,14.91995,275899
5434,eduardische,1,0.00036,41165,14.92032,275899
5435,edudojevic,1,0.00036,41166,14.92068,275899
5436,edusperoni,1,0.00036,41167,14.92104,275899
5437,edwinychu,1,0.00036,41168,14.92140,275899
5438,edysegura,1,0.00036,41169,14.92176,275899
5439,ee92,1,0.00036,41170,14.92213,275899
5440,EECOLOR,1,0.00036,41171,14.92249,275899
5441,eek,1,0.00036,41172,14.92285,275899
5442,eelkeblok,1,0.00036,41173,14.92321,275899
5443,eemmosi,1,0.00036,41174,14.92358,275899
5444,eeroan,1,0.00036,41175,14.92394,275899
5445,eforsberg,1,0.00036,41176,14.92430,275899
5446,egflores,1,0.00036,41177,14.92466,275899
5447,EgidioCaprino,1,0.00036,41178,14.92503,275899
5448,ehtb,1,0.00036,41179,14.92539,275899
5449,eigan,1,0.00036,41180,14.92575,275899
5450,einarq,1,0.00036,41181,14.92611,275899
5451,eisber,1,0.00036,41182,14.92648,275899
5452,ekevoo,1,0.00036,41183,14.92684,275899
5453,ekmartin,1,0.00036,41184,14.92720,275899
5454,elAndyG,1,0.00036,41185,14.92756,275899
5455,elboman,1,0.00036,41186,14.92793,275899
5456,elderbas,1,0.00036,41187,14.92829,275899
5457,elemount,1,0.00036,41188,14.92865,275899
5458,eleumik,1,0.00036,41189,14.92901,275899
5459,elimach,1,0.00036,41190,14.92938,275899
5460,eljobe,1,0.00036,41191,14.92974,275899
5461,elliottsj,1,0.00036,41192,14.93010,275899
5462,elongl,1,0.00036,41193,14.93046,275899
5463,elquatro,1,0.00036,41194,14.93083,275899
5464,elsbree,1,0.00036,41195,14.93119,275899
5465,eltonmesquita,1,0.00036,41196,14.93155,275899
5466,elv1s42,1,0.00036,41197,14.93191,275899
5467,elyobo,1,0.00036,41198,14.93228,275899
5468,elzapp,1,0.00036,41199,14.93264,275899
5469,emibloque,1,0.00036,41200,14.93300,275899
5470,emmanuelgautier,1,0.00036,41201,14.93336,275899
5471,emopers,1,0.00036,41202,14.93373,275899
5472,EmpeRoar,1,0.00036,41203,14.93409,275899
5473,enapupe,1,0.00036,41204,14.93445,275899
5474,enbo,1,0.00036,41205,14.93481,275899
5475,EndangeredMassa,1,0.00036,41206,14.93518,275899
5476,Ende93,1,0.00036,41207,14.93554,275899
5477,Enet4,1,0.00036,41208,14.93590,275899
5478,Enigo,1,0.00036,41209,14.93626,275899
5479,entozoon,1,0.00036,41210,14.93663,275899
5480,entronad,1,0.00036,41211,14.93699,275899
5481,Enuvid,1,0.00036,41212,14.93735,275899
5482,envolute,1,0.00036,41213,14.93771,275899
5483,enzanki-ars,1,0.00036,41214,14.93808,275899
5484,eoL95,1,0.00036,41215,14.93844,275899
5485,Eomm,1,0.00036,41216,14.93880,275899
5486,eosimosu,1,0.00036,41217,14.93916,275899
5487,epelc,1,0.00036,41218,14.93952,275899
5488,epicfaace,1,0.00036,41219,14.93989,275899
5489,EQuimper,1,0.00036,41220,14.94025,275899
5490,er1c,1,0.00036,41221,14.94061,275899
5491,eran-nussbaum,1,0.00036,41222,14.94097,275899
5492,eranshmil,1,0.00036,41223,14.94134,275899
5493,erf,1,0.00036,41224,14.94170,275899
5494,erhangundogan,1,0.00036,41225,14.94206,275899
5495,erhise,1,0.00036,41226,14.94242,275899
5496,ericanderson,1,0.00036,41227,14.94279,275899
5497,EricByers,1,0.00036,41228,14.94315,275899
5498,ericchernuka,1,0.00036,41229,14.94351,275899
5499,ericdahl,1,0.00036,41230,14.94387,275899
5500,ericjim,1,0.00036,41231,14.94424,275899
5501,ErickSanVal,1,0.00036,41232,14.94460,275899
5502,ericmartel,1,0.00036,41233,14.94496,275899
5503,ericmatthys,1,0.00036,41234,14.94532,275899
5504,ericprud,1,0.00036,41235,14.94569,275899
5505,ericyang89,1,0.00036,41236,14.94605,275899
5506,ericz,1,0.00036,41237,14.94641,275899
5507,erikbern,1,0.00036,41238,14.94677,275899
5508,erikdonohoo,1,0.00036,41239,14.94714,275899
5509,eriklax,1,0.00036,41240,14.94750,275899
5510,erinspice,1,0.00036,41241,14.94786,275899
5511,ErisDS,1,0.00036,41242,14.94822,275899
5512,ernbrn,1,0.00036,41243,14.94859,275899
5513,ErwinJanssen,1,0.00036,41244,14.94895,275899
5514,esarbe,1,0.00036,41245,14.94931,275899
5515,esbena,1,0.00036,41246,14.94967,275899
5516,esfand-r,1,0.00036,41247,14.95004,275899
5517,esiegel,1,0.00036,41248,14.95040,275899
5518,EspadaV8,1,0.00036,41249,14.95076,275899
5519,estaub,1,0.00036,41250,14.95112,275899
5520,estellecomment,1,0.00036,41251,14.95149,275899
5521,estrada9166,1,0.00036,41252,14.95185,275899
5522,etaty,1,0.00036,41253,14.95221,275899
5523,eteeselink,1,0.00036,41254,14.95257,275899
5524,etler,1,0.00036,41255,14.95294,275899
5525,eugeneotto,1,0.00036,41256,14.95330,275899
5526,eugenesmlv,1,0.00036,41257,14.95366,275899
5527,eungjun-yi,1,0.00036,41258,14.95402,275899
5528,evanbattaglia,1,0.00036,41259,14.95439,275899
5529,evanfuture,1,0.00036,41260,14.95475,275899
5530,evan-scott-zocdoc,1,0.00036,41261,14.95511,275899
5531,evanshortiss,1,0.00036,41262,14.95547,275899
5532,eventualbuddha,1,0.00036,41263,14.95584,275899
5533,everdimension,1,0.00036,41264,14.95620,275899
5534,ExalDraen,1,0.00036,41265,14.95656,275899
5535,exalted,1,0.00036,41266,14.95692,275899
5536,eximius313,1,0.00036,41267,14.95729,275899
5537,ezhlobo,1,0.00036,41268,14.95765,275899
5538,ezsilmar,1,0.00036,41269,14.95801,275899
5539,ezze,1,0.00036,41270,14.95837,275899
5540,faazshift,1,0.00036,41271,14.95873,275899
5541,fabienrenaud,1,0.00036,41272,14.95910,275899
5542,fabioloreggian,1,0.00036,41273,14.95946,275899
5543,fadamsen,1,0.00036,41274,14.95982,275899
5544,fanofxiaofeng,1,0.00036,41275,14.96018,275899
5545,faressoft,1,0.00036,41276,14.96055,275899
5546,faridfor,1,0.00036,41277,14.96091,275899
5547,farnabaz,1,0.00036,41278,14.96127,275899
5548,farrago,1,0.00036,41279,14.96163,275899
5549,FarSeeing,1,0.00036,41280,14.96200,275899
5550,fatfisz,1,0.00036,41281,14.96236,275899
5551,fatosmorina,1,0.00036,41282,14.96272,275899
5552,fazlerocks,1,0.00036,41283,14.96308,275899
5553,fb55,1,0.00036,41284,14.96345,275899
5554,fbaeta,1,0.00036,41285,14.96381,275899
5555,fbroda,1,0.00036,41286,14.96417,275899
5556,fckt,1,0.00036,41287,14.96453,275899
5557,fcostarodrigo,1,0.00036,41288,14.96490,275899
5558,fdaciuk,1,0.00036,41289,14.96526,275899
5559,fdesu,1,0.00036,41290,14.96562,275899
5560,fearphage,1,0.00036,41291,14.96598,275899
5561,federicojasson,1,0.00036,41292,14.96635,275899
5562,fedochet,1,0.00036,41293,14.96671,275899
5563,fedyk,1,0.00036,41294,14.96707,275899
5564,FelipeAdorno,1,0.00036,41295,14.96743,275899
5565,felipefcm,1,0.00036,41296,14.96780,275899
5566,feministy,1,0.00036,41297,14.96816,275899
5567,FermiDirak,1,0.00036,41298,14.96852,275899
5568,ferstl,1,0.00036,41299,14.96888,275899
5569,fetis,1,0.00036,41300,14.96925,275899
5570,ffoodd,1,0.00036,41301,14.96961,275899
5571,fgnass,1,0.00036,41302,14.96997,275899
5572,fhalde,1,0.00036,41303,14.97033,275899
5573,fhellwig,1,0.00036,41304,14.97070,275899
5574,fhinkel,1,0.00036,41305,14.97106,275899
5575,fhnaseer,1,0.00036,41306,14.97142,275899
5576,fictitious,1,0.00036,41307,14.97178,275899
5577,findepi,1,0.00036,41308,14.97215,275899
5578,fisherspy,1,0.00036,41309,14.97251,275899
5579,fisherwebdev,1,0.00036,41310,14.97287,275899
5580,fitiskin,1,0.00036,41311,14.97323,275899
5581,fiznool,1,0.00036,41312,14.97360,275899
5582,fk,1,0.00036,41313,14.97396,275899
5583,FlamesoFF,1,0.00036,41314,14.97432,275899
5584,FlatEarthTruth,1,0.00036,41315,14.97468,275899
5585,flaviommedeiros,1,0.00036,41316,14.97505,275899
5586,flcdrg,1,0.00036,41317,14.97541,275899
5587,FLGMwt,1,0.00036,41318,14.97577,275899
5588,FliegendeWurst,1,0.00036,41319,14.97613,275899
5589,floppym,1,0.00036,41320,14.97650,275899
5590,Floriferous,1,0.00036,41321,14.97686,275899
5591,FlorisXll,1,0.00036,41322,14.97722,275899
5592,flotwig,1,0.00036,41323,14.97758,275899
5593,flozz,1,0.00036,41324,14.97794,275899
5594,flugger,1,0.00036,41325,14.97831,275899
5595,flut1,1,0.00036,41326,14.97867,275899
5596,flx-dev,1,0.00036,41327,14.97903,275899
5597,flx-l,1,0.00036,41328,14.97939,275899
5598,flyingsouthwind,1,0.00036,41329,14.97976,275899
5599,fmoo,1,0.00036,41330,14.98012,275899
5600,fnll,1,0.00036,41331,14.98048,275899
5601,foladipo,1,0.00036,41332,14.98084,275899
5602,forforeach,1,0.00036,41333,14.98121,275899
5603,formido,1,0.00036,41334,14.98157,275899
5604,fouadnashat,1,0.00036,41335,14.98193,275899
5605,fourcolors,1,0.00036,41336,14.98229,275899
5606,FourwingsY,1,0.00036,41337,14.98266,275899
5607,fracmak,1,0.00036,41338,14.98302,275899
5608,framp,1,0.00036,41339,14.98338,275899
5609,franciscovelez,1,0.00036,41340,14.98374,275899
5610,francoiscote,1,0.00036,41341,14.98411,275899
5611,frangio,1,0.00036,41342,14.98447,275899
5612,frankadrian,1,0.00036,41343,14.98483,275899
5613,frankbuckley,1,0.00036,41344,14.98519,275899
5614,frankie567,1,0.00036,41345,14.98556,275899
5615,frankier,1,0.00036,41346,14.98592,275899
5616,FrankPeschel-Gallee,1,0.00036,41347,14.98628,275899
5617,frankwallis,1,0.00036,41348,14.98664,275899
5618,frbncis,1,0.00036,41349,14.98701,275899
5619,FreddieRidell,1,0.00036,41350,14.98737,275899
5620,freddyrangel,1,0.00036,41351,14.98773,275899
5621,fredeil,1,0.00036,41352,14.98809,275899
5622,FRedEnergy,1,0.00036,41353,14.98846,275899
5623,frederfred,1,0.00036,41354,14.98882,275899
5624,frederickfogerty,1,0.00036,41355,14.98918,275899
5625,frederikbosch,1,0.00036,41356,14.98954,275899
5626,frederikwh,1,0.00036,41357,14.98991,275899
5627,FreeleX,1,0.00036,41358,14.99027,275899
5628,FreezyLemon,1,0.00036,41359,14.99063,275899
5629,fregante,1,0.00036,41360,14.99099,275899
5630,FrenchHipster,1,0.00036,41361,14.99136,275899
5631,fricci,1,0.00036,41362,14.99172,275899
5632,frob,1,0.00036,41363,14.99208,275899
5633,fromheten,1,0.00036,41364,14.99244,275899
5634,frontsideair,1,0.00036,41365,14.99281,275899
5635,frux,1,0.00036,41366,14.99317,275899
5636,frxnz,1,0.00036,41367,14.99353,275899
5637,fryn,1,0.00036,41368,14.99389,275899
5638,frystpingvin,1,0.00036,41369,14.99426,275899
5639,fsateler,1,0.00036,41370,14.99462,275899
5640,fsbatista,1,0.00036,41371,14.99498,275899
5641,fschueller-ifd,1,0.00036,41372,14.99534,275899
5642,FSou1,1,0.00036,41373,14.99570,275899
5643,fubar-coder,1,0.00036,41374,14.99607,275899
5644,fullheightcoding,1,0.00036,41375,14.99643,275899
5645,fultonm,1,0.00036,41376,14.99679,275899
5646,FumiyaShibusawa,1,0.00036,41377,14.99715,275899
5647,funklos,1,0.00036,41378,14.99752,275899
5648,fureweb-com,1,0.00036,41379,14.99788,275899
5649,futurist,1,0.00036,41380,14.99824,275899
5650,fvictorio,1,0.00036,41381,14.99860,275899
5651,fxck,1,0.00036,41382,14.99897,275899
5652,fxfactorial,1,0.00036,41383,14.99933,275899
5653,fxleyu,1,0.00036,41384,14.99969,275899
5654,Fyers,1,0.00036,41385,15.00005,275899
5655,fz568573448,1,0.00036,41386,15.00042,275899
5656,fzxt,1,0.00036,41387,15.00078,275899
5657,G100g,1,0.00036,41388,15.00114,275899
5658,G1NA,1,0.00036,41389,15.00150,275899
5659,Gaafar,1,0.00036,41390,15.00187,275899
5660,Gabb1995,1,0.00036,41391,15.00223,275899
5661,gabegorelick,1,0.00036,41392,15.00259,275899
5662,gabrielmcoelho,1,0.00036,41393,15.00295,275899
5663,gabsferreira,1,0.00036,41394,15.00332,275899
5664,gabskoro,1,0.00036,41395,15.00368,275899
5665,gadtfly,1,0.00036,41396,15.00404,275899
5666,gaganis,1,0.00036,41397,15.00440,275899
5667,galadriel2143,1,0.00036,41398,15.00477,275899
5668,gallatin,1,0.00036,41399,15.00513,275899
5669,gamtiq,1,0.00036,41400,15.00549,275899
5670,gaohailang,1,0.00036,41401,15.00585,275899
5671,garbles,1,0.00036,41402,15.00622,275899
5672,gardiac2002,1,0.00036,41403,15.00658,275899
5673,GarethSmall,1,0.00036,41404,15.00694,275899
5674,garrypolley,1,0.00036,41405,15.00730,275899
5675,garthk,1,0.00036,41406,15.00767,275899
5676,garymathews,1,0.00036,41407,15.00803,275899
5677,Gary-Zh,1,0.00036,41408,15.00839,275899
5678,gaspard,1,0.00036,41409,15.00875,275899
5679,gaurav,1,0.00036,41410,15.00912,275899
5680,gavacho,1,0.00036,41411,15.00948,275899
5681,gbataille,1,0.00036,41412,15.00984,275899
5682,gcangussu,1,0.00036,41413,15.01020,275899
5683,GCHQDeveloper500,1,0.00036,41414,15.01057,275899
5684,gclaramunt,1,0.00036,41415,15.01093,275899
5685,gctmt,1,0.00036,41416,15.01129,275899
5686,gcxRun,1,0.00036,41417,15.01165,275899
5687,gdh1995,1,0.00036,41418,15.01202,275899
5688,geckon,1,0.00036,41419,15.01238,275899
5689,geek,1,0.00036,41420,15.01274,275899
5690,geekjob-ru,1,0.00036,41421,15.01310,275899
5691,gef756,1,0.00036,41422,15.01347,275899
5692,genepaul,1,0.00036,41423,15.01383,275899
5693,generalov,1,0.00036,41424,15.01419,275899
5694,gentoo90,1,0.00036,41425,15.01455,275899
5695,geobde,1,0.00036,41426,15.01491,275899
5696,geoffrey,1,0.00036,41427,15.01528,275899
5697,geoffreybauduin,1,0.00036,41428,15.01564,275899
5698,GeorgeGkas,1,0.00036,41429,15.01600,275899
5699,george-ranjan,1,0.00036,41430,15.01636,275899
5700,geraldolsribeiro,1,0.00036,41431,15.01673,275899
5701,geratorres,1,0.00036,41432,15.01709,275899
5702,GerjanOnline,1,0.00036,41433,15.01745,275899
5703,germ13,1,0.00036,41434,15.01781,275899
5704,getaaron,1,0.00036,41435,15.01818,275899
5705,getkey,1,0.00036,41436,15.01854,275899
5706,getsetbro,1,0.00036,41437,15.01890,275899
5707,gettinToasty,1,0.00036,41438,15.01926,275899
5708,gfx,1,0.00036,41439,15.01963,275899
5709,ghandhikus,1,0.00036,41440,15.01999,275899
5710,ghik,1,0.00036,41441,15.02035,275899
5711,ght,1,0.00036,41442,15.02071,275899
5712,Gi11i4m,1,0.00036,41443,15.02108,275899
5713,giacomocerquone,1,0.00036,41444,15.02144,275899
5714,GianlucaGuarini,1,0.00036,41445,15.02180,275899
5715,gibfahn,1,0.00036,41446,15.02216,275899
5716,gilad61,1,0.00036,41447,15.02253,275899
5717,gilbarbara,1,0.00036,41448,15.02289,275899
5718,gilbox,1,0.00036,41449,15.02325,275899
5719,gildean,1,0.00036,41450,15.02361,275899
5720,Ginden,1,0.00036,41451,15.02398,275899
5721,gingur,1,0.00036,41452,15.02434,275899
5722,Ginkooo,1,0.00036,41453,15.02470,275899
5723,Giorgi,1,0.00036,41454,15.02506,275899
5724,girtsernstsons,1,0.00036,41455,15.02543,275899
5725,gitgrimbo,1,0.00036,41456,15.02579,275899
5726,giuseppeg,1,0.00036,41457,15.02615,275899
5727,GiuseppePiscopo,1,0.00036,41458,15.02651,275899
5728,gj,1,0.00036,41459,15.02688,275899
5729,gka,1,0.00036,41460,15.02724,275899
5730,gkal19,1,0.00036,41461,15.02760,275899
5731,gkatsev,1,0.00036,41462,15.02796,275899
5732,gknauth,1,0.00036,41463,15.02833,275899
5733,glasperfan,1,0.00036,41464,15.02869,275899
5734,Glavin001,1,0.00036,41465,15.02905,275899
5735,Glease,1,0.00036,41466,15.02941,275899
5736,glena,1,0.00036,41467,15.02978,275899
5737,glennawatson,1,0.00036,41468,15.03014,275899
5738,glensc,1,0.00036,41469,15.03050,275899
5739,glorieux-f,1,0.00036,41470,15.03086,275899
5740,GlulkAlex,1,0.00036,41471,15.03123,275899
5741,gm758,1,0.00036,41472,15.03159,275899
5742,gmaclennan,1,0.00036,41473,15.03195,275899
5743,gmcquistin,1,0.00036,41474,15.03231,275899
5744,gnowland,1,0.00036,41475,15.03268,275899
5745,GochoMugo,1,0.00036,41476,15.03304,275899
5746,godban,1,0.00036,41477,15.03340,275899
5747,gokaco,1,0.00036,41478,15.03376,275899
5748,gokaygurcan,1,0.00036,41479,15.03412,275899
5749,golear91,1,0.00036,41480,15.03449,275899
5750,goleary,1,0.00036,41481,15.03485,275899
5751,Gommorach,1,0.00036,41482,15.03521,275899
5752,googya,1,0.00036,41483,15.03557,275899
5753,gortok,1,0.00036,41484,15.03594,275899
5754,gouch,1,0.00036,41485,15.03630,275899
5755,govert,1,0.00036,41486,15.03666,275899
5756,goyney,1,0.00036,41487,15.03702,275899
5757,gpapin,1,0.00036,41488,15.03739,275899
5758,grahamedgecombe,1,0.00036,41489,15.03775,275899
5759,GrahamWalters,1,0.00036,41490,15.03811,275899
5760,Granjow,1,0.00036,41491,15.03847,275899
5761,grantcarthew,1,0.00036,41492,15.03884,275899
5762,grassator,1,0.00036,41493,15.03920,275899
5763,greatjack1,1,0.00036,41494,15.03956,275899
5764,greenberga,1,0.00036,41495,15.03992,275899
5765,gregestren,1,0.00036,41496,15.04029,275899
5766,greggman,1,0.00036,41497,15.04065,275899
5767,Gregory-Bell,1,0.00036,41498,15.04101,275899
5768,gregorym,1,0.00036,41499,15.04137,275899
5769,gregrperkins,1,0.00036,41500,15.04174,275899
5770,gregsheremeta,1,0.00036,41501,15.04210,275899
5771,gregtyler,1,0.00036,41502,15.04246,275899
5772,gretzky,1,0.00036,41503,15.04282,275899
5773,grgur,1,0.00036,41504,15.04319,275899
5774,griffinmichl,1,0.00036,41505,15.04355,275899
5775,GrigoriyZander,1,0.00036,41506,15.04391,275899
5776,grubersjoe,1,0.00036,41507,15.04427,275899
5777,grushetsky,1,0.00036,41508,15.04464,275899
5778,gsfreema,1,0.00036,41509,15.04500,275899
5779,gtanner,1,0.00036,41510,15.04536,275899
5780,gugu,1,0.00036,41511,15.04572,275899
5781,guicar,1,0.00036,41512,15.04609,275899
5782,guiled,1,0.00036,41513,15.04645,275899
5783,guillaumebarranco,1,0.00036,41514,15.04681,275899
5784,guillaumebriday,1,0.00036,41515,15.04717,275899
5785,guptasourabh,1,0.00036,41516,15.04754,275899
5786,gurisko,1,0.00036,41517,15.04790,275899
5787,GurliGebis,1,0.00036,41518,15.04826,275899
5788,gusgard,1,0.00036,41519,15.04862,275899
5789,gustavnikolaj,1,0.00036,41520,15.04899,275899
5790,gustavomazzoni,1,0.00036,41521,15.04935,275899
5791,guyellis,1,0.00036,41522,15.04971,275899
5792,gvangool,1,0.00036,41523,15.05007,275899
5793,gwelr,1,0.00036,41524,15.05044,275899
5794,gwhenne,1,0.00036,41525,15.05080,275899
5795,gwmccull,1,0.00036,41526,15.05116,275899
5796,gxela,1,0.00036,41527,15.05152,275899
5797,Gxh-beGreat,1,0.00036,41528,15.05188,275899
5798,gyandeeps,1,0.00036,41529,15.05225,275899
5799,gyeates,1,0.00036,41530,15.05261,275899
5800,gypsydave5,1,0.00036,41531,15.05297,275899
5801,GyrosGeier,1,0.00036,41532,15.05333,275899
5802,ha404,1,0.00036,41533,15.05370,275899
5803,hacke2,1,0.00036,41534,15.05406,275899
5804,hakanostrom,1,0.00036,41535,15.05442,275899
5805,HakurouKen,1,0.00036,41536,15.05478,275899
5806,halex2005,1,0.00036,41537,15.05515,275899
5807,halvves,1,0.00036,41538,15.05551,275899
5808,hamlim,1,0.00036,41539,15.05587,275899
5809,hammy2899,1,0.00036,41540,15.05623,275899
5810,hand515,1,0.00036,41541,15.05660,275899
5811,handrews,1,0.00036,41542,15.05696,275899
5812,hanzichi,1,0.00036,41543,15.05732,275899
5813,happylolonly,1,0.00036,41544,15.05768,275899
5814,hareshambaliya,1,0.00036,41545,15.05805,275899
5815,harningt,1,0.00036,41546,15.05841,275899
5816,harpreetkhalsagtbit,1,0.00036,41547,15.05877,275899
5817,HarrisonJackson,1,0.00036,41548,15.05913,275899
5818,Harvinator,1,0.00036,41549,15.05950,275899
5819,hasegao,1,0.00036,41550,15.05986,275899
5820,hashplus,1,0.00036,41551,15.06022,275899
5821,haskellcamargo,1,0.00036,41552,15.06058,275899
5822,Hatlen,1,0.00036,41553,15.06095,275899
5823,havenchyk,1,0.00036,41554,15.06131,275899
5824,Hawkeye1909,1,0.00036,41555,15.06167,275899
5825,hawkins,1,0.00036,41556,15.06203,275899
5826,hayawata3626,1,0.00036,41557,15.06240,275899
5827,haydnhkim,1,0.00036,41558,15.06276,275899
5828,hazzik,1,0.00036,41559,15.06312,275899
5829,h-des,1,0.00036,41560,15.06348,275899
5830,hdeshev,1,0.00036,41561,15.06385,275899
5831,heath3,1,0.00036,41562,15.06421,275899
5832,hedgepigdaniel,1,0.00036,41563,15.06457,275899
5833,hedgerh,1,0.00036,41564,15.06493,275899
5834,heidid,1,0.00036,41565,15.06530,275899
5835,heikkilamarko,1,0.00036,41566,15.06566,275899
5836,hekar,1,0.00036,41567,15.06602,275899
5837,hekike,1,0.00036,41568,15.06638,275899
5838,hellectronic,1,0.00036,41569,15.06675,275899
5839,heloflier,1,0.00036,41570,15.06711,275899
5840,Hendeca,1,0.00036,41571,15.06747,275899
5841,hendrikebbers,1,0.00036,41572,15.06783,275899
5842,hendrysadrak,1,0.00036,41573,15.06820,275899
5843,henkmollema,1,0.00036,41574,15.06856,275899
5844,henrik,1,0.00036,41575,15.06892,275899
5845,HermanEldering,1,0.00036,41576,15.06928,275899
5846,herrkris,1,0.00036,41577,15.06965,275899
5847,HershVar,1,0.00036,41578,15.07001,275899
5848,heshamamin,1,0.00036,41579,15.07037,275899
5849,hesiod,1,0.00036,41580,15.07073,275899
5850,hessmjr,1,0.00036,41581,15.07109,275899
5851,heyamykate,1,0.00036,41582,15.07146,275899
5852,heygrady,1,0.00036,41583,15.07182,275899
5853,heyMP,1,0.00036,41584,15.07218,275899
5854,hile,1,0.00036,41585,15.07254,275899
5855,hillelcoren,1,0.00036,41586,15.07291,275899
5856,himkt,1,0.00036,41587,15.07327,275899
5857,hiroppy,1,0.00036,41588,15.07363,275899
5858,Hirse,1,0.00036,41589,15.07399,275899
5859,hitstergtd,1,0.00036,41590,15.07436,275899
5860,hmarr,1,0.00036,41591,15.07472,275899
5861,hmble,1,0.00036,41592,15.07508,275899
5862,hobbysoldat,1,0.00036,41593,15.07544,275899
5863,hogart,1,0.00036,41594,15.07581,275899
5864,HoldYourWaffle,1,0.00036,41595,15.07617,275899
5865,holm,1,0.00036,41596,15.07653,275899
5866,hom-bahrani,1,0.00036,41597,15.07689,275899
5867,homeworkprod,1,0.00036,41598,15.07726,275899
5868,Hongarc,1,0.00036,41599,15.07762,275899
5869,hongliang5316,1,0.00036,41600,15.07798,275899
5870,honzi,1,0.00036,41601,15.07834,275899
5871,hoobdeebla,1,0.00036,41602,15.07871,275899
5872,Hookyns,1,0.00036,41603,15.07907,275899
5873,horx,1,0.00036,41604,15.07943,275899
5874,hosamaly,1,0.00036,41605,15.07979,275899
5875,hosembafer,1,0.00036,41606,15.08016,275899
5876,hotaru355,1,0.00036,41607,15.08052,275899
5877,Hotell,1,0.00036,41608,15.08088,275899
5878,howlowck,1,0.00036,41609,15.08124,275899
5879,hozefaj,1,0.00036,41610,15.08161,275899
5880,hquan,1,0.00036,41611,15.08197,275899
5881,hqzxzwb,1,0.00036,41612,15.08233,275899
5882,hrldcpr,1,0.00036,41613,15.08269,275899
5883,hshankar,1,0.00036,41614,15.08306,275899
5884,huggaf,1,0.00036,41615,15.08342,275899
5885,HumanEquivalentUnit,1,0.00036,41616,15.08378,275899
5886,Hunrik,1,0.00036,41617,15.08414,275899
5887,hupfis,1,0.00036,41618,15.08451,275899
5888,HurricaneJames,1,0.00036,41619,15.08487,275899
5889,huseyinbabal,1,0.00036,41620,15.08523,275899
5890,huxi,1,0.00036,41621,15.08559,275899
5891,hver,1,0.00036,41622,15.08596,275899
5892,hvrauhal,1,0.00036,41623,15.08632,275899
5893,hweeks,1,0.00036,41624,15.08668,275899
5894,hwesol13,1,0.00036,41625,15.08704,275899
5895,hxw,1,0.00036,41626,15.08741,275899
5896,Hypercubed,1,0.00036,41627,15.08777,275899
5897,iamakulov,1,0.00036,41628,15.08813,275899
5898,iamatinkerer,1,0.00036,41629,15.08849,275899
5899,iamdanfox,1,0.00036,41630,15.08885,275899
5900,iam-merlin,1,0.00036,41631,15.08922,275899
5901,iammerrick,1,0.00036,41632,15.08958,275899
5902,iamplugged,1,0.00036,41633,15.08994,275899
5903,iamravenous,1,0.00036,41634,15.09030,275899
5904,iamstiil,1,0.00036,41635,15.09067,275899
5905,iamtommcc,1,0.00036,41636,15.09103,275899
5906,iancmyers,1,0.00036,41637,15.09139,275899
5907,ianlyons,1,0.00036,41638,15.09175,275899
5908,ianstormtaylor,1,0.00036,41639,15.09212,275899
5909,ibnesayeed,1,0.00036,41640,15.09248,275899
5910,ibnIrshad,1,0.00036,41641,15.09284,275899
5911,ibrahimpg,1,0.00036,41642,15.09320,275899
5912,ibriq,1,0.00036,41643,15.09357,275899
5913,ichaki5748,1,0.00036,41644,15.09393,275899
5914,idangozlan,1,0.00036,41645,15.09429,275899
5915,id-ilych,1,0.00036,41646,15.09465,275899
5916,idirouhab,1,0.00036,41647,15.09502,275899
5917,idler8,1,0.00036,41648,15.09538,275899
5918,idlewinn,1,0.00036,41649,15.09574,275899
5919,idmontie,1,0.00036,41650,15.09610,275899
5920,ienzam,1,0.00036,41651,15.09647,275899
5921,ifyoumakeit,1,0.00036,41652,15.09683,275899
5922,ignacioiglesias,1,0.00036,41653,15.09719,275899
5923,ignasne,1,0.00036,41654,15.09755,275899
5924,igncp,1,0.00036,41655,15.09792,275899
5925,ignu,1,0.00036,41656,15.09828,275899
5926,igorgolovanov,1,0.00036,41657,15.09864,275899
5927,igorKryvenko,1,0.00036,41658,15.09900,275899
5928,IgorMiller,1,0.00036,41659,15.09937,275899
5929,igor-savin-ht,1,0.00036,41660,15.09973,275899
5930,igorskuhar,1,0.00036,41661,15.10009,275899
5931,igor-susic,1,0.00036,41662,15.10045,275899
5932,ijuma,1,0.00036,41663,15.10082,275899
5933,ikasumiwt,1,0.00036,41664,15.10118,275899
5934,ikea-dless,1,0.00036,41665,15.10154,275899
5935,iKevinY,1,0.00036,41666,15.10190,275899
5936,ikilled,1,0.00036,41667,15.10227,275899
5937,ikourfaln,1,0.00036,41668,15.10263,275899
5938,ileontiuc,1,0.00036,41669,15.10299,275899
5939,ilmarmors,1,0.00036,41670,15.10335,275899
5940,iluxonchik,1,0.00036,41671,15.10372,275899
5941,ilya-bin,1,0.00036,41672,15.10408,275899
5942,IlyaGrebnov,1,0.00036,41673,15.10444,275899
5943,ilyapx,1,0.00036,41674,15.10480,275899
5944,imakowski,1,0.00036,41675,15.10517,275899
5945,imbolo,1,0.00036,41676,15.10553,275899
5946,imbstack,1,0.00036,41677,15.10589,275899
5947,imdevin567,1,0.00036,41678,15.10625,275899
5948,ImmortalJINX,1,0.00036,41679,15.10662,275899
5949,imysak,1,0.00036,41680,15.10698,275899
5950,inabajunmr,1,0.00036,41681,15.10734,275899
5951,incompl,1,0.00036,41682,15.10770,275899
5952,indy-singh,1,0.00036,41683,15.10806,275899
5953,InfinityOne,1,0.00036,41684,15.10843,275899
5954,infused,1,0.00036,41685,15.10879,275899
5955,inglesp,1,0.00036,41686,15.10915,275899
5956,ingvarc,1,0.00036,41687,15.10951,275899
5957,Iniesta8,1,0.00036,41688,15.10988,275899
5958,inikulin,1,0.00036,41689,15.11024,275899
5959,insanity54,1,0.00036,41690,15.11060,275899
5960,insfrag,1,0.00036,41691,15.11096,275899
5961,Interfere,1,0.00036,41692,15.11133,275899
5962,intronic,1,0.00036,41693,15.11169,275899
5963,inversion,1,0.00036,41694,15.11205,275899
5964,InvertedAcceleration,1,0.00036,41695,15.11241,275899
5965,invictusmaneo,1,0.00036,41696,15.11278,275899
5966,io7m,1,0.00036,41697,15.11314,275899
5967,IOAyman,1,0.00036,41698,15.11350,275899
5968,IonicaBizau,1,0.00036,41699,15.11386,275899
5969,ioss,1,0.00036,41700,15.11423,275899
5970,ipetez,1,0.00036,41701,15.11459,275899
5971,ipolevoy,1,0.00036,41702,15.11495,275899
5972,irustm,1,0.00036,41703,15.11531,275899
5973,isaaclyman,1,0.00036,41704,15.11568,275899
5974,isabellatea,1,0.00036,41705,15.11604,275899
5975,isaiahnields,1,0.00036,41706,15.11640,275899
5976,isayme,1,0.00036,41707,15.11676,275899
5977,iskilled,1,0.00036,41708,15.11713,275899
5978,ismailarilik,1,0.00036,41709,15.11749,275899
5979,ismamz,1,0.00036,41710,15.11785,275899
5980,isTravis,1,0.00036,41711,15.11821,275899
5981,italopessoa,1,0.00036,41712,15.11858,275899
5982,ITonyLi,1,0.00036,41713,15.11894,275899
5983,itrofimow,1,0.00036,41714,15.11930,275899
5984,itslenny,1,0.00036,41715,15.11966,275899
5985,ivangabriele,1,0.00036,41716,15.12003,275899
5986,Ivan-Kalatchev,1,0.00036,41717,15.12039,275899
5987,IvanKishchenko,1,0.00036,41718,15.12075,275899
5988,IVLIU,1,0.00036,41719,15.12111,275899
5989,ivogabe,1,0.00036,41720,15.12148,275899
5990,ixalon,1,0.00036,41721,15.12184,275899
5991,izebit,1,0.00036,41722,15.12220,275899
5992,izeigerman,1,0.00036,41723,15.12256,275899
5993,J2TeaM,1,0.00036,41724,15.12293,275899
5994,jacamera,1,0.00036,41725,15.12329,275899
5995,jacenko,1,0.00036,41726,15.12365,275899
5996,jack4it,1,0.00036,41727,15.12401,275899
5997,jackiewung,1,0.00036,41728,15.12438,275899
5998,jackkoenig,1,0.00036,41729,15.12474,275899
5999,jackmarchant,1,0.00036,41730,15.12510,275899
6000,jacksdrobinson,1,0.00036,41731,15.12546,275899
6001,Jacksunwei,1,0.00036,41732,15.12583,275899
6002,JackuB,1,0.00036,41733,15.12619,275899
6003,jackwanders,1,0.00036,41734,15.12655,275899
6004,Jack-Works,1,0.00036,41735,15.12691,275899
6005,jacob87o2,1,0.00036,41736,15.12727,275899
6006,jacobangel,1,0.00036,41737,15.12764,275899
6007,jacobcarpenter,1,0.00036,41738,15.12800,275899
6008,jacobrossi,1,0.00036,41739,15.12836,275899
6009,jacobwindsor,1,0.00036,41740,15.12872,275899
6010,jacopofar,1,0.00036,41741,15.12909,275899
6011,JaeHunRo,1,0.00036,41742,15.12945,275899
6012,jaens,1,0.00036,41743,15.12981,275899
6013,JAFong,1,0.00036,41744,15.13017,275899
6014,jaimeagudo,1,0.00036,41745,15.13054,275899
6015,jakemingolla,1,0.00036,41746,15.13090,275899
6016,jakepetroules,1,0.00036,41747,15.13126,275899
6017,jalexanderfox,1,0.00036,41748,15.13162,275899
6018,jaller94,1,0.00036,41749,15.13199,275899
6019,jamesarosen,1,0.00036,41750,15.13235,275899
6020,jamesbechet,1,0.00036,41751,15.13271,275899
6021,jamesblacklock,1,0.00036,41752,15.13307,275899
6022,JamesCropcho,1,0.00036,41753,15.13344,275899
6023,James-Dunn,1,0.00036,41754,15.13380,275899
6024,jamesevickery,1,0.00036,41755,15.13416,275899
6025,jameslaneconkling,1,0.00036,41756,15.13452,275899
6026,JamesMessinger,1,0.00036,41757,15.13489,275899
6027,jamesmosier,1,0.00036,41758,15.13525,275899
6028,jamesreggio,1,0.00036,41759,15.13561,275899
6029,jamesseanwright,1,0.00036,41760,15.13597,275899
6030,jamischarles,1,0.00036,41761,15.13634,275899
6031,janaagaard75,1,0.00036,41762,15.13670,275899
6032,janczer,1,0.00036,41763,15.13706,275899
6033,janderudder,1,0.00036,41764,15.13742,275899
6034,jankal,1,0.00036,41765,15.13779,275899
6035,JanMalch,1,0.00036,41766,15.13815,275899
6036,janno-p,1,0.00036,41767,15.13851,275899
6037,janolivermr,1,0.00036,41768,15.13887,275899
6038,Janpopan,1,0.00036,41769,15.13924,275899
6039,Janpot,1,0.00036,41770,15.13960,275899
6040,janraasch,1,0.00036,41771,15.13996,275899
6041,japgolly,1,0.00036,41772,15.14032,275899
6042,jardilio,1,0.00036,41773,15.14069,275899
6043,jaredcacurak,1,0.00036,41774,15.14105,275899
6044,Jared-Dev,1,0.00036,41775,15.14141,275899
6045,jaredsuttles,1,0.00036,41776,15.14177,275899
6046,jarenduan,1,0.00036,41777,15.14214,275899
6047,jareware,1,0.00036,41778,15.14250,275899
6048,jarstingstall,1,0.00036,41779,15.14286,275899
6049,jarthod,1,0.00036,41780,15.14322,275899
6050,jas14,1,0.00036,41781,15.14359,275899
6051,Jas-n,1,0.00036,41782,15.14395,275899
6052,jasom,1,0.00036,41783,15.14431,275899
6053,Jason2031,1,0.00036,41784,15.14467,275899
6054,jasongrout,1,0.00036,41785,15.14503,275899
6055,jason-larigakis-hs,1,0.00036,41786,15.14540,275899
6056,jasonly,1,0.00036,41787,15.14576,275899
6057,jasonmerino,1,0.00036,41788,15.14612,275899
6058,jasononeil,1,0.00036,41789,15.14648,275899
6059,jasonslyvia,1,0.00036,41790,15.14685,275899
6060,jasonwoods-7,1,0.00036,41791,15.14721,275899
6061,jaubourg,1,0.00036,41792,15.14757,275899
6062,javabada,1,0.00036,41793,15.14793,275899
6063,Javache,1,0.00036,41794,15.14830,275899
6064,javawizard,1,0.00036,41795,15.14866,275899
6065,javespi,1,0.00036,41796,15.14902,275899
6066,javiercejudo,1,0.00036,41797,15.14938,275899
6067,jaw187,1,0.00036,41798,15.14975,275899
6068,jawish,1,0.00036,41799,15.15011,275899
6069,jawn,1,0.00036,41800,15.15047,275899
6070,JayArby,1,0.00036,41801,15.15083,275899
6071,jayeb,1,0.00036,41802,15.15120,275899
6072,jbasney,1,0.00036,41803,15.15156,275899
6073,jberry93,1,0.00036,41804,15.15192,275899
6074,jbleduigou,1,0.00036,41805,15.15228,275899
6075,jbmoelker,1,0.00036,41806,15.15265,275899
6076,jbogard,1,0.00036,41807,15.15301,275899
6077,jbojcic1,1,0.00036,41808,15.15337,275899
6078,jboulouloubi,1,0.00036,41809,15.15373,275899
6079,jbrower2,1,0.00036,41810,15.15410,275899
6080,jbrudvik,1,0.00036,41811,15.15446,275899
6081,jch,1,0.00036,41812,15.15482,275899
6082,jcroll,1,0.00036,41813,15.15518,275899
6083,jct-amzn,1,0.00036,41814,15.15555,275899
6084,jdai8,1,0.00036,41815,15.15591,275899
6085,jden,1,0.00036,41816,15.15627,275899
6086,jdevelop,1,0.00036,41817,15.15663,275899
6087,jdmichal,1,0.00036,41818,15.15700,275899
6088,jdreesen,1,0.00036,41819,15.15736,275899
6089,jdspugh,1,0.00036,41820,15.15772,275899
6090,jean-emmanuel,1,0.00036,41821,15.15808,275899
6091,jechevarria,1,0.00036,41822,15.15845,275899
6092,jeduan,1,0.00036,41823,15.15881,275899
6093,JeffAshton,1,0.00036,41824,15.15917,275899
6094,jeffbski,1,0.00036,41825,15.15953,275899
6095,jefffriesen,1,0.00036,41826,15.15990,275899
6096,jeffkole,1,0.00036,41827,15.16026,275899
6097,jeffnelson,1,0.00036,41828,15.16062,275899
6098,JeffQuandt,1,0.00036,41829,15.16098,275899
6099,jegtnes,1,0.00036,41830,15.16135,275899
6100,jehadja,1,0.00036,41831,15.16171,275899
6101,jehon,1,0.00036,41832,15.16207,275899
6102,jeltz,1,0.00036,41833,15.16243,275899
6103,jendib,1,0.00036,41834,15.16280,275899
6104,jennifer-shehane,1,0.00036,41835,15.16316,275899
6105,jeonghwan-kim,1,0.00036,41836,15.16352,275899
6106,jeremy-deutsch,1,0.00036,41837,15.16388,275899
6107,jeremy-w,1,0.00036,41838,15.16424,275899
6108,jerodsanto,1,0.00036,41839,15.16461,275899
6109,jeromepl,1,0.00036,41840,15.16497,275899
6110,jesperll,1,0.00036,41841,15.16533,275899
6111,jesperronn,1,0.00036,41842,15.16569,275899
6112,JesperTreetop,1,0.00036,41843,15.16606,275899
6113,jesusfreak3,1,0.00036,41844,15.16642,275899
6114,jettcalleja,1,0.00036,41845,15.16678,275899
6115,jeyraof,1,0.00036,41846,15.16714,275899
6116,jezzay,1,0.00036,41847,15.16751,275899
6117,jf17,1,0.00036,41848,15.16787,275899
6118,jfairbank,1,0.00036,41849,15.16823,275899
6119,jfurie,1,0.00036,41850,15.16859,275899
6120,jgolieb,1,0.00036,41851,15.16896,275899
6121,jhalickman,1,0.00036,41852,15.16932,275899
6122,jha-naman,1,0.00036,41853,15.16968,275899
6123,jhecking,1,0.00036,41854,15.17004,275899
6124,jhen0409,1,0.00036,41855,15.17041,275899
6125,jhicken,1,0.00036,41856,15.17077,275899
6126,jhickson,1,0.00036,41857,15.17113,275899
6127,jhuang314,1,0.00036,41858,15.17149,275899
6128,jiakuan,1,0.00036,41859,15.17186,275899
6129,jibbajabba,1,0.00036,41860,15.17222,275899
6130,JimBobSquarePants,1,0.00036,41861,15.17258,275899
6131,jimbrowne,1,0.00036,41862,15.17294,275899
6132,jimf,1,0.00036,41863,15.17331,275899
6133,jimmy-e,1,0.00036,41864,15.17367,275899
6134,jimparsley,1,0.00036,41865,15.17403,275899
6135,jimreader,1,0.00036,41866,15.17439,275899
6136,JimTheMan,1,0.00036,41867,15.17476,275899
6137,JinHash5,1,0.00036,41868,15.17512,275899
6138,jintoppy,1,0.00036,41869,15.17548,275899
6139,JinxiuLee,1,0.00036,41870,15.17584,275899
6140,JiriHorky,1,0.00036,41871,15.17621,275899
6141,JitixPhotobox,1,0.00036,41872,15.17657,275899
6142,jiverson,1,0.00036,41873,15.17693,275899
6143,jiyeonseo,1,0.00036,41874,15.17729,275899
6144,jjhampton,1,0.00036,41875,15.17766,275899
6145,jjingrong,1,0.00036,41876,15.17802,275899
6146,jjjjw,1,0.00036,41877,15.17838,275899
6147,jjlharrison,1,0.00036,41878,15.17874,275899
6148,jjohannes,1,0.00036,41879,15.17911,275899
6149,jjoselv,1,0.00036,41880,15.17947,275899
6150,jkitchin,1,0.00036,41881,15.17983,275899
6151,jlanng,1,0.00036,41882,15.18019,275899
6152,jlewicki,1,0.00036,41883,15.18056,275899
6153,jlolling,1,0.00036,41884,15.18092,275899
6154,jmartin84,1,0.00036,41885,15.18128,275899
6155,jmmk,1,0.00036,41886,15.18164,275899
6156,JMounier,1,0.00036,41887,15.18201,275899
6157,jmsv,1,0.00036,41888,15.18237,275899
6158,jmthibault79,1,0.00036,41889,15.18273,275899
6159,jnfingerle,1,0.00036,41890,15.18309,275899
6160,jnu,1,0.00036,41891,15.18345,275899
6161,joankaradimov,1,0.00036,41892,15.18382,275899
6162,jobeland,1,0.00036,41893,15.18418,275899
6163,joefraley,1,0.00036,41894,15.18454,275899
6164,joelbrewer,1,0.00036,41895,15.18490,275899
6165,joeldenning,1,0.00036,41896,15.18527,275899
6166,joelee,1,0.00036,41897,15.18563,275899
6167,joelgallant,1,0.00036,41898,15.18599,275899
6168,joelittlejohn,1,0.00036,41899,15.18635,275899
6169,JoelOtter,1,0.00036,41900,15.18672,275899
6170,joelseq,1,0.00036,41901,15.18708,275899
6171,joemcelroy,1,0.00036,41902,15.18744,275899
6172,joepie91,1,0.00036,41903,15.18780,275899
6173,joewagner,1,0.00036,41904,15.18817,275899
6174,JoeWagner,1,0.00036,41905,15.18853,275899
6175,JoeyBurzynski,1,0.00036,41906,15.18889,275899
6176,JoeZheng2015,1,0.00036,41907,15.18925,275899
6177,johanhenrikssn,1,0.00036,41908,15.18962,275899
6178,johanlelan,1,0.00036,41909,15.18998,275899
6179,johanneslumpe,1,0.00036,41910,15.19034,275899
6180,johannesschaefer,1,0.00036,41911,15.19070,275899
6181,johncrisostomo,1,0.00036,41912,15.19107,275899
6182,john-d-pelingo,1,0.00036,41913,15.19143,275899
6183,JohnHughesAtlantech,1,0.00036,41914,15.19179,275899
6184,johnideal,1,0.00036,41915,15.19215,275899
6185,johnjacobkenny,1,0.00036,41916,15.19252,275899
6186,johnjelinek,1,0.00036,41917,15.19288,275899
6187,johnny-mh,1,0.00036,41918,15.19324,275899
6188,johnpapa,1,0.00036,41919,15.19360,275899
6189,johnynek,1,0.00036,41920,15.19397,275899
6190,joineral32,1,0.00036,41921,15.19433,275899
6191,jomeier,1,0.00036,41922,15.19469,275899
6192,jon301,1,0.00036,41923,15.19505,275899
6193,jonashdown,1,0.00036,41924,15.19542,275899
6194,jonathangarelick,1,0.00036,41925,15.19578,275899
6195,jonathanp,1,0.00036,41926,15.19614,275899
6196,jonathathan,1,0.00036,41927,15.19650,275899
6197,jonchester,1,0.00036,41928,15.19687,275899
6198,jondubois,1,0.00036,41929,15.19723,275899
6199,jonekdahl,1,0.00036,41930,15.19759,275899
6200,JonForest,1,0.00036,41931,15.19795,275899
6201,jonganc,1,0.00036,41932,15.19832,275899
6202,jongyoonlee,1,0.00036,41933,15.19868,275899
6203,jonmiles,1,0.00036,41934,15.19904,275899
6204,jonorossi,1,0.00036,41935,15.19940,275899
6205,jonoskar,1,0.00036,41936,15.19977,275899
6206,JonRimmer,1,0.00036,41937,15.20013,275899
6207,jonscottclark,1,0.00036,41938,15.20049,275899
6208,jontejj,1,0.00036,41939,15.20085,275899
6209,joordas,1,0.00036,41940,15.20121,275899
6210,joost-de-vries,1,0.00036,41941,15.20158,275899
6211,joostme,1,0.00036,41942,15.20194,275899
6212,jordalgo,1,0.00036,41943,15.20230,275899
6213,jordangray,1,0.00036,41944,15.20266,275899
6214,jordanhendricks,1,0.00036,41945,15.20303,275899
6215,jorgebay,1,0.00036,41946,15.20339,275899
6216,Joris-van-der-Wel,1,0.00036,41947,15.20375,275899
6217,jorrit-wehelp,1,0.00036,41948,15.20411,275899
6218,josdea,1,0.00036,41949,15.20448,275899
6219,jose4125,1,0.00036,41950,15.20484,275899
6220,josecolella,1,0.00036,41951,15.20520,275899
6221,joseigor,1,0.00036,41952,15.20556,275899
6222,JosephAmalfitanoSSA,1,0.00036,41953,15.20593,275899
6223,josephjaniga,1,0.00036,41954,15.20629,275899
6224,josephlbarnett,1,0.00036,41955,15.20665,275899
6225,josephrubin,1,0.00036,41956,15.20701,275899
6226,JosephWoodward,1,0.00036,41957,15.20738,275899
6227,Josh-a-e,1,0.00036,41958,15.20774,275899
6228,JoshAntBrown,1,0.00036,41959,15.20810,275899
6229,joshbambrick,1,0.00036,41960,15.20846,275899
6230,joshhunt,1,0.00036,41961,15.20883,275899
6231,joshk,1,0.00036,41962,15.20919,275899
6232,joshkurz,1,0.00036,41963,15.20955,275899
6233,joshomccarty,1,0.00036,41964,15.20991,275899
6234,JoshSGman,1,0.00036,41965,15.21028,275899
6235,joshuago,1,0.00036,41966,15.21064,275899
6236,JoshuaScript,1,0.00036,41967,15.21100,275899
6237,joshunger,1,0.00036,41968,15.21136,275899
6238,joshux,1,0.00036,41969,15.21173,275899
6239,JoshWillik,1,0.00036,41970,15.21209,275899
6240,josiasmontag,1,0.00036,41971,15.21245,275899
6241,joyeecheung,1,0.00036,41972,15.21281,275899
6242,joymufeng,1,0.00036,41973,15.21318,275899
6243,jozlnr,1,0.00036,41974,15.21354,275899
6244,jpaugh,1,0.00036,41975,15.21390,275899
6245,jpierson,1,0.00036,41976,15.21426,275899
6246,JProgrammer,1,0.00036,41977,15.21463,275899
6247,jpwiddy,1,0.00036,41978,15.21499,275899
6248,jramosf,1,0.00036,41979,15.21535,275899
6249,jrevillas,1,0.00036,41980,15.21571,275899
6250,jrgm,1,0.00036,41981,15.21608,275899
6251,jrmarino,1,0.00036,41982,15.21644,275899
6252,jrobison153,1,0.00036,41983,15.21680,275899
6253,jrouly,1,0.00036,41984,15.21716,275899
6254,jrvidal,1,0.00036,41985,15.21753,275899
6255,jsampson2,1,0.00036,41986,15.21789,275899
6256,jsamr,1,0.00036,41987,15.21825,275899
6257,jschaf,1,0.00036,41988,15.21861,275899
6258,jsdevel,1,0.00036,41989,15.21898,275899
6259,jsdf,1,0.00036,41990,15.21934,275899
6260,jsha,1,0.00036,41991,15.21970,275899
6261,jskierbi,1,0.00036,41992,15.22006,275899
6262,jsong0605,1,0.00036,41993,15.22042,275899
6263,jstamerj,1,0.00036,41994,15.22079,275899
6264,jstrutz,1,0.00036,41995,15.22115,275899
6265,jsumners,1,0.00036,41996,15.22151,275899
6266,jtbandes,1,0.00036,41997,15.22187,275899
6267,jthelin,1,0.00036,41998,15.22224,275899
6268,jtmalinowski,1,0.00036,41999,15.22260,275899
6269,jtrumbull,1,0.00036,42000,15.22296,275899
6270,jtwebman,1,0.00036,42001,15.22332,275899
6271,juancho1,1,0.00036,42002,15.22369,275899
6272,JuanjoSalvador,1,0.00036,42003,15.22405,275899
6273,judikdavid,1,0.00036,42004,15.22441,275899
6274,juliankrispel,1,0.00036,42005,15.22477,275899
6275,juliuszsompolski,1,0.00036,42006,15.22514,275899
6276,julmot,1,0.00036,42007,15.22550,275899
6277,Jun711,1,0.00036,42008,15.22586,275899
6278,junajan,1,0.00036,42009,15.22622,275899
6279,jung-kim,1,0.00036,42010,15.22659,275899
6280,JunhoKim01,1,0.00036,42011,15.22695,275899
6281,junosuarez,1,0.00036,42012,15.22731,275899
6282,JustArchi,1,0.00036,42013,15.22767,275899
6283,JustBlackBird,1,0.00036,42014,15.22804,275899
6284,justincy,1,0.00036,42015,15.22840,275899
6285,justinmchase,1,0.00036,42016,15.22876,275899
6286,JustinPihony,1,0.00036,42017,15.22912,275899
6287,JustinTRoss,1,0.00036,42018,15.22949,275899
6288,jvanoostveen,1,0.00036,42019,15.22985,275899
6289,jvcjunior,1,0.00036,42020,15.23021,275899
6290,jvelo,1,0.00036,42021,15.23057,275899
6291,jviereck,1,0.00036,42022,15.23094,275899
6292,jviotti,1,0.00036,42023,15.23130,275899
6293,jw-00000,1,0.00036,42024,15.23166,275899
6294,jwcarman,1,0.00036,42025,15.23202,275899
6295,jwcarroll,1,0.00036,42026,15.23239,275899
6296,jwKimo,1,0.00036,42027,15.23275,275899
6297,jwkratz,1,0.00036,42028,15.23311,275899
6298,jwp3243,1,0.00036,42029,15.23347,275899
6299,JWTappert,1,0.00036,42030,15.23384,275899
6300,jysoo,1,0.00036,42031,15.23420,275899
6301,jyterencekim,1,0.00036,42032,15.23456,275899
6302,jzabroski,1,0.00036,42033,15.23492,275899
6303,jzischkau,1,0.00036,42034,15.23529,275899
6304,k0st1x,1,0.00036,42035,15.23565,275899
6305,kafein,1,0.00036,42036,15.23601,275899
6306,kahunacohen,1,0.00036,42037,15.23637,275899
6307,kaie,1,0.00036,42038,15.23674,275899
6308,kaiyuanw,1,0.00036,42039,15.23710,275899
6309,kaizora,1,0.00036,42040,15.23746,275899
6310,kambo,1,0.00036,42041,15.23782,275899
6311,kamilduda,1,0.00036,42042,15.23818,275899
6312,kamioftea,1,0.00036,42043,15.23855,275899
6313,kamlekar,1,0.00036,42044,15.23891,275899
6314,Kamshak,1,0.00036,42045,15.23927,275899
6315,kannanekanath,1,0.00036,42046,15.23963,275899
6316,kant,1,0.00036,42047,15.24000,275899
6317,kapilgorve,1,0.00036,42048,15.24036,275899
6318,kapooostin,1,0.00036,42049,15.24072,275899
6319,Karamell,1,0.00036,42050,15.24108,275899
6320,karan-96,1,0.00036,42051,15.24145,275899
6321,karanjthakkar,1,0.00036,42052,15.24181,275899
6322,karataev,1,0.00036,42053,15.24217,275899
6323,karczk,1,0.00036,42054,15.24253,275899
6324,karlcoelho,1,0.00036,42055,15.24290,275899
6325,karlnorling,1,0.00036,42056,15.24326,275899
6326,karlpatrickespiritu,1,0.00036,42057,15.24362,275899
6327,karthikbhat13,1,0.00036,42058,15.24398,275899
6328,Karthikvenkat86,1,0.00036,42059,15.24435,275899
6329,kartiklad,1,0.00036,42060,15.24471,275899
6330,kashiro,1,0.00036,42061,15.24507,275899
6331,kasiditi,1,0.00036,42062,15.24543,275899
6332,kassemsandarusi,1,0.00036,42063,15.24580,275899
6333,kasunt84,1,0.00036,42064,15.24616,275899
6334,katemihalikova,1,0.00036,42065,15.24652,275899
6335,Katherraptor,1,0.00036,42066,15.24688,275899
6336,katiaeirin,1,0.00036,42067,15.24725,275899
6337,katsos,1,0.00036,42068,15.24761,275899
6338,Kaushik1987,1,0.00036,42069,15.24797,275899
6339,kausters,1,0.00036,42070,15.24833,275899
6340,kaypro4,1,0.00036,42071,15.24870,275899
6341,kazssym,1,0.00036,42072,15.24906,275899
6342,kazuki229,1,0.00036,42073,15.24942,275899
6343,kbariotis,1,0.00036,42074,15.24978,275899
6344,kbrgl,1,0.00036,42075,15.25015,275899
6345,k-cheng,1,0.00036,42076,15.25051,275899
6346,kchirls,1,0.00036,42077,15.25087,275899
6347,kcthota,1,0.00036,42078,15.25123,275899
6348,keigo,1,0.00036,42079,15.25160,275899
6349,keirog,1,0.00036,42080,15.25196,275899
6350,kelebra,1,0.00036,42081,15.25232,275899
6351,kellypleahy,1,0.00036,42082,15.25268,275899
6352,kellyrmilligan,1,0.00036,42083,15.25305,275899
6353,kenhowardpdx,1,0.00036,42084,15.25341,275899
6354,kennynaoh,1,0.00036,42085,15.25377,275899
6355,kenrota,1,0.00036,42086,15.25413,275899
6356,kepta,1,0.00036,42087,15.25450,275899
6357,kevin940726,1,0.00036,42088,15.25486,275899
6358,Kevinci,1,0.00036,42089,15.25522,275899
6359,kevincupp,1,0.00036,42090,15.25558,275899
6360,Kevin-K,1,0.00036,42091,15.25595,275899
6361,kevinkassimo,1,0.00036,42092,15.25631,275899
6362,kevinmost,1,0.00036,42093,15.25667,275899
6363,kevinphelps,1,0.00036,42094,15.25703,275899
6364,kevinsawicki,1,0.00036,42095,15.25739,275899
6365,kevinslin,1,0.00036,42096,15.25776,275899
6366,KevinTCoughlin,1,0.00036,42097,15.25812,275899
6367,kevinwestern,1,0.00036,42098,15.25848,275899
6368,KeweiCodes,1,0.00036,42099,15.25884,275899
6369,keyten,1,0.00036,42100,15.25921,275899
6370,khernyo,1,0.00036,42101,15.25957,275899
6371,Khez,1,0.00036,42102,15.25993,275899
6372,kiavashp,1,0.00036,42103,15.26029,275899
6373,kidonng,1,0.00036,42104,15.26066,275899
6374,kilianc,1,0.00036,42105,15.26102,275899
6375,kilida,1,0.00036,42106,15.26138,275899
6376,KillaBee1985,1,0.00036,42107,15.26174,275899
6377,KillWolfVlad,1,0.00036,42108,15.26211,275899
6378,kilotaras,1,0.00036,42109,15.26247,275899
6379,kimmobrunfeldt,1,0.00036,42110,15.26283,275899
6380,kingdido999,1,0.00036,42111,15.26319,275899
6381,kini,1,0.00036,42112,15.26356,275899
6382,kira1928,1,0.00036,42113,15.26392,275899
6383,kirill-konshin,1,0.00036,42114,15.26428,275899
6384,KirillOsenkov,1,0.00036,42115,15.26464,275899
6385,kirill-vlasov,1,0.00036,42116,15.26501,275899
6386,kitsonk,1,0.00036,42117,15.26537,275899
6387,KittieCrash,1,0.00036,42118,15.26573,275899
6388,kjivan,1,0.00036,42119,15.26609,275899
6389,klamping,1,0.00036,42120,15.26646,275899
6390,klausbayrhammer,1,0.00036,42121,15.26682,275899
6391,klemenoslaj,1,0.00036,42122,15.26718,275899
6392,klimashkin,1,0.00036,42123,15.26754,275899
6393,klis87,1,0.00036,42124,15.26791,275899
6394,kloun,1,0.00036,42125,15.26827,275899
6395,Kmaschta,1,0.00036,42126,15.26863,275899
6396,knholland,1,0.00036,42127,15.26899,275899
6397,knjk04,1,0.00036,42128,15.26936,275899
6398,kno10,1,0.00036,42129,15.26972,275899
6399,knoxcard,1,0.00036,42130,15.27008,275899
6400,k-nut,1,0.00036,42131,15.27044,275899
6401,kobayashi,1,0.00036,42132,15.27081,275899
6402,KodrAus,1,0.00036,42133,15.27117,275899
6403,koenigst,1,0.00036,42134,15.27153,275899
6404,kohashi,1,0.00036,42135,15.27189,275899
6405,koh-taka,1,0.00036,42136,15.27226,275899
6406,koistya,1,0.00036,42137,15.27262,275899
6407,kolomiichenko,1,0.00036,42138,15.27298,275899
6408,KoltesDigital,1,0.00036,42139,15.27334,275899
6409,konekoya,1,0.00036,42140,15.27371,275899
6410,kon-shou,1,0.00036,42141,15.27407,275899
6411,KonstaL,1,0.00036,42142,15.27443,275899
6412,konteck,1,0.00036,42143,15.27479,275899
6413,koopero,1,0.00036,42144,15.27516,275899
6414,kootoopas,1,0.00036,42145,15.27552,275899
6415,kopylovvlad,1,0.00036,42146,15.27588,275899
6416,koraytugay,1,0.00036,42147,15.27624,275899
6417,Kouzukii,1,0.00036,42148,15.27660,275899
6418,kp96,1,0.00036,42149,15.27697,275899
6419,Krajsnick,1,0.00036,42150,15.27733,275899
6420,krenor,1,0.00036,42151,15.27769,275899
6421,Kreozot,1,0.00036,42152,15.27805,275899
6422,KristofMorva,1,0.00036,42153,15.27842,275899
6423,krnsripati,1,0.00036,42154,15.27878,275899
6424,krosenberg,1,0.00036,42155,15.27914,275899
6425,kryogenic,1,0.00036,42156,15.27950,275899
6426,kryops,1,0.00036,42157,15.27987,275899
6427,krzyk,1,0.00036,42158,15.28023,275899
6428,krzywiecki,1,0.00036,42159,15.28059,275899
6429,k-schneider,1,0.00036,42160,15.28095,275899
6430,ksheedlo,1,0.00036,42161,15.28132,275899
6431,kshetline,1,0.00036,42162,15.28168,275899
6432,kshitijb,1,0.00036,42163,15.28204,275899
6433,ksloan,1,0.00036,42164,15.28240,275899
6434,ksnabb,1,0.00036,42165,15.28277,275899
6435,kspearrin,1,0.00036,42166,15.28313,275899
6436,KSXGitHub,1,0.00036,42167,15.28349,275899
6437,ku8ar,1,0.00036,42168,15.28385,275899
6438,kubosho,1,0.00036,42169,15.28422,275899
6439,kuitos,1,0.00036,42170,15.28458,275899
6440,kukat,1,0.00036,42171,15.28494,275899
6441,kukjevov,1,0.00036,42172,15.28530,275899
6442,kulek1,1,0.00036,42173,15.28567,275899
6443,Kundan28,1,0.00036,42174,15.28603,275899
6444,kunxian-xia,1,0.00036,42175,15.28639,275899
6445,kusold,1,0.00036,42176,15.28675,275899
6446,kusor,1,0.00036,42177,15.28712,275899
6447,kutagh,1,0.00036,42178,15.28748,275899
6448,kwelch,1,0.00036,42179,15.28784,275899
6449,kwizzn,1,0.00036,42180,15.28820,275899
6450,kyeotic,1,0.00036,42181,15.28857,275899
6451,kyle116,1,0.00036,42182,15.28893,275899
6452,kylezeeuwen,1,0.00036,42183,15.28929,275899
6453,kyoz,1,0.00036,42184,15.28965,275899
6454,kyranet,1,0.00036,42185,15.29002,275899
6455,Laassari,1,0.00036,42186,15.29038,275899
6456,laat,1,0.00036,42187,15.29074,275899
6457,lahmatiy,1,0.00036,42188,15.29110,275899
6458,lalithpolepeddi,1,0.00036,42189,15.29147,275899
6459,lambdageek,1,0.00036,42190,15.29183,275899
6460,lambdista,1,0.00036,42191,15.29219,275899
6461,lamby,1,0.00036,42192,15.29255,275899
6462,lamo2k123,1,0.00036,42193,15.29292,275899
6463,Lange,1,0.00036,42194,15.29328,275899
6464,laranhee,1,0.00036,42195,15.29364,275899
6465,larrywest42,1,0.00036,42196,15.29400,275899
6466,larsrh,1,0.00036,42197,15.29436,275899
6467,LarsTi,1,0.00036,42198,15.29473,275899
6468,larzknoke,1,0.00036,42199,15.29509,275899
6469,Lasering,1,0.00036,42200,15.29545,275899
6470,lashad,1,0.00036,42201,15.29581,275899
6471,laurentgoudet,1,0.00036,42202,15.29618,275899
6472,laurentkempe,1,0.00036,42203,15.29654,275899
6473,lauriejones,1,0.00036,42204,15.29690,275899
6474,laurio,1,0.00036,42205,15.29726,275899
6475,lazaroalvarenga,1,0.00036,42206,15.29763,275899
6476,lbesson,1,0.00036,42207,15.29799,275899
6477,lbogdan,1,0.00036,42208,15.29835,275899
6478,lboullo0,1,0.00036,42209,15.29871,275899
6479,lbragaglia,1,0.00036,42210,15.29908,275899
6480,lcarva,1,0.00036,42211,15.29944,275899
6481,lcoote,1,0.00036,42212,15.29980,275899
6482,lddubeau,1,0.00036,42213,15.30016,275899
6483,ledbit,1,0.00036,42214,15.30053,275899
6484,lehni,1,0.00036,42215,15.30089,275899
6485,leibale,1,0.00036,42216,15.30125,275899
6486,leighsn,1,0.00036,42217,15.30161,275899
6487,leipert,1,0.00036,42218,15.30198,275899
6488,lenisha,1,0.00036,42219,15.30234,275899
6489,lennym,1,0.00036,42220,15.30270,275899
6490,lenovouser,1,0.00036,42221,15.30306,275899
6491,leocaseiro,1,0.00036,42222,15.30343,275899
6492,LeoDanielsson,1,0.00036,42223,15.30379,275899
6493,leoger,1,0.00036,42224,15.30415,275899
6494,leonardodino,1,0.00036,42225,15.30451,275899
6495,leongjiameng,1,0.00036,42226,15.30488,275899
6496,leongrdic,1,0.00036,42227,15.30524,275899
6497,leoselig,1,0.00036,42228,15.30560,275899
6498,leosvelperez,1,0.00036,42229,15.30596,275899
6499,leothorp,1,0.00036,42230,15.30633,275899
6500,leotsarev,1,0.00036,42231,15.30669,275899
6501,lesiak,1,0.00036,42232,15.30705,275899
6502,lessfish,1,0.00036,42233,15.30741,275899
6503,letiemble,1,0.00036,42234,15.30778,275899
6504,LetItRock,1,0.00036,42235,15.30814,275899
6505,letrhee-nsr,1,0.00036,42236,15.30850,275899
6506,levibotelho,1,0.00036,42237,15.30886,275899
6507,LeviticusMB,1,0.00036,42238,15.30923,275899
6508,lewurm,1,0.00036,42239,15.30959,275899
6509,lex111,1,0.00036,42240,15.30995,275899
6510,lexdene,1,0.00036,42241,15.31031,275899
6511,lexinerus,1,0.00036,42242,15.31068,275899
6512,lgaticaq,1,0.00036,42243,15.31104,275899
6513,lgraubner,1,0.00036,42244,15.31140,275899
6514,LiadIdan,1,0.00036,42245,15.31176,275899
6515,liady,1,0.00036,42246,15.31213,275899
6516,libetl,1,0.00036,42247,15.31249,275899
6517,LichKing-lee,1,0.00036,42248,15.31285,275899
6518,lielfr,1,0.00036,42249,15.31321,275899
6519,lifeisfoo,1,0.00036,42250,15.31357,275899
6520,lifuhuang,1,0.00036,42251,15.31394,275899
6521,lifus,1,0.00036,42252,15.31430,275899
6522,lightbringer1991,1,0.00036,42253,15.31466,275899
6523,lillo42,1,0.00036,42254,15.31502,275899
6524,lina,1,0.00036,42255,15.31539,275899
6525,Linard11,1,0.00036,42256,15.31575,275899
6526,lindboe,1,0.00036,42257,15.31611,275899
6527,link-alex,1,0.00036,42258,15.31647,275899
6528,lioman,1,0.00036,42259,15.31684,275899
6529,lionello,1,0.00036,42260,15.31720,275899
6530,liorcode,1,0.00036,42261,15.31756,275899
6531,liranc,1,0.00036,42262,15.31792,275899
6532,liry,1,0.00036,42263,15.31829,275899
6533,lisapfisterer,1,0.00036,42264,15.31865,275899
6534,liskin,1,0.00036,42265,15.31901,275899
6535,liudongmiao,1,0.00036,42266,15.31937,275899
6536,liuhelen10,1,0.00036,42267,15.31974,275899
6537,liunian,1,0.00036,42268,15.32010,275899
6538,liutao,1,0.00036,42269,15.32046,275899
6539,LKI,1,0.00036,42270,15.32082,275899
6540,llekn,1,0.00036,42271,15.32119,275899
6541,lloy0076,1,0.00036,42272,15.32155,275899
6542,lm1,1,0.00036,42273,15.32191,275899
6543,lndbrg,1,0.00036,42274,15.32227,275899
6544,lnkvisitor,1,0.00036,42275,15.32264,275899
6545,locknono,1,0.00036,42276,15.32300,275899
6546,logiclrd,1,0.00036,42277,15.32336,275899
6547,logihome,1,0.00036,42278,15.32372,275899
6548,loilo,1,0.00036,42279,15.32409,275899
6549,Lokua,1,0.00036,42280,15.32445,275899
6550,longagofaraway,1,0.00036,42281,15.32481,275899
6551,lopezcjf,1,0.00036,42282,15.32517,275899
6552,LordMike,1,0.00036,42283,15.32554,275899
6553,lorenzph,1,0.00036,42284,15.32590,275899
6554,LosBunkos,1,0.00036,42285,15.32626,275899
6555,LotharOfTheHillPeople,1,0.00036,42286,15.32662,275899
6556,lpandzic,1,0.00036,42287,15.32699,275899
6557,lpolepeddi,1,0.00036,42288,15.32735,275899
6558,Lroca88,1,0.00036,42289,15.32771,275899
6559,lrstanley,1,0.00036,42290,15.32807,275899
6560,ls-guillaume-rebesche,1,0.00036,42291,15.32844,275899
6561,LTMenezes,1,0.00036,42292,15.32880,275899
6562,luanmuniz,1,0.00036,42293,15.32916,275899
6563,luanpotter,1,0.00036,42294,15.32952,275899
6564,lucalas,1,0.00036,42295,15.32989,275899
6565,lucas-aragno,1,0.00036,42296,15.33025,275899
6566,luccioman,1,0.00036,42297,15.33061,275899
6567,Luciferius,1,0.00036,42298,15.33097,275899
6568,luciferous,1,0.00036,42299,15.33134,275899
6569,Ludevik,1,0.00036,42300,15.33170,275899
6570,ludovic-henry,1,0.00036,42301,15.33206,275899
6571,ludovicofischer,1,0.00036,42302,15.33242,275899
6572,ludovicoforace,1,0.00036,42303,15.33278,275899
6573,ludvigsen,1,0.00036,42304,15.33315,275899
6574,LudwikJaniuk,1,0.00036,42305,15.33351,275899
6575,lufegit,1,0.00036,42306,15.33387,275899
6576,luggage66,1,0.00036,42307,15.33423,275899
6577,luislobo,1,0.00036,42308,15.33460,275899
6578,lukas-lansky,1,0.00036,42309,15.33496,275899
6579,lukechilds,1,0.00036,42310,15.33532,275899
6580,lukeed,1,0.00036,42311,15.33568,275899
6581,lukemcgregor,1,0.00036,42312,15.33605,275899
6582,lukewagner,1,0.00036,42313,15.33641,275899
6583,lullajd,1,0.00036,42314,15.33677,275899
6584,lunaticare,1,0.00036,42315,15.33713,275899
6585,lusarz,1,0.00036,42316,15.33750,275899
6586,lutovich,1,0.00036,42317,15.33786,275899
6587,lvivski,1,0.00036,42318,15.33822,275899
6588,lvzhenbang,1,0.00036,42319,15.33858,275899
6589,lx1036,1,0.00036,42320,15.33895,275899
6590,lxxxvi,1,0.00036,42321,15.33931,275899
6591,lydell,1,0.00036,42322,15.33967,275899
6592,lylek,1,0.00036,42323,15.34003,275899
6593,Ly-lns,1,0.00036,42324,15.34040,275899
6594,lyonplus,1,0.00036,42325,15.34076,275899
6595,Lysander6,1,0.00036,42326,15.34112,275899
6596,lzybkr,1,0.00036,42327,15.34148,275899
6597,m08pvv-zz,1,0.00036,42328,15.34185,275899
6598,m0xb,1,0.00036,42329,15.34221,275899
6599,m1guelpf,1,0.00036,42330,15.34257,275899
6600,m1neral,1,0.00036,42331,15.34293,275899
6601,m59peacemaker,1,0.00036,42332,15.34330,275899
6602,maartentibau,1,0.00036,42333,15.34366,275899
6603,Maciek416,1,0.00036,42334,15.34402,275899
6604,Macil,1,0.00036,42335,15.34438,275899
6605,madarche,1,0.00036,42336,15.34475,275899
6606,madelson,1,0.00036,42337,15.34511,275899
6607,madenwala,1,0.00036,42338,15.34547,275899
6608,MadLittleMods,1,0.00036,42339,15.34583,275899
6609,madrob,1,0.00036,42340,15.34620,275899
6610,magicdawn,1,0.00036,42341,15.34656,275899
6611,MagikSquirrel,1,0.00036,42342,15.34692,275899
6612,magnudae,1,0.00036,42343,15.34728,275899
6613,magro,1,0.00036,42344,15.34765,275899
6614,maherbeg,1,0.00036,42345,15.34801,275899
6615,MahmudH,1,0.00036,42346,15.34837,275899
6616,mainakae,1,0.00036,42347,15.34873,275899
6617,maiph,1,0.00036,42348,15.34910,275899
6618,Maistho,1,0.00036,42349,15.34946,275899
6619,majecty,1,0.00036,42350,15.34982,275899
6620,makrandgupta,1,0.00036,42351,15.35018,275899
6621,maks-rafalko,1,0.00036,42352,15.35054,275899
6622,malcolmrebughini,1,0.00036,42353,15.35091,275899
6623,malfist,1,0.00036,42354,15.35127,275899
6624,Malizor,1,0.00036,42355,15.35163,275899
6625,malladi-s,1,0.00036,42356,15.35199,275899
6626,malthejorgensen,1,0.00036,42357,15.35236,275899
6627,malud,1,0.00036,42358,15.35272,275899
6628,Mamboleoo,1,0.00036,42359,15.35308,275899
6629,mandawah,1,0.00036,42360,15.35344,275899
6630,mani-mishra,1,0.00036,42361,15.35381,275899
6631,Manishearth,1,0.00036,42362,15.35417,275899
6632,ManoelLobo,1,0.00036,42363,15.35453,275899
6633,manospasj,1,0.00036,42364,15.35489,275899
6634,manrueda,1,0.00036,42365,15.35526,275899
6635,manudwarf,1,0.00036,42366,15.35562,275899
6636,manuelkollus,1,0.00036,42367,15.35598,275899
6637,manveru,1,0.00036,42368,15.35634,275899
6638,marado,1,0.00036,42369,15.35671,275899
6639,marc-christian-schulze,1,0.00036,42370,15.35707,275899
6640,MarcelGerber,1,0.00036,42371,15.35743,275899
6641,marcelometal,1,0.00036,42372,15.35779,275899
6642,marcfallows,1,0.00036,42373,15.35816,275899
6643,marchant,1,0.00036,42374,15.35852,275899
6644,marclipovsky,1,0.00036,42375,15.35888,275899
6645,marcoil,1,0.00036,42376,15.35924,275899
6646,marcoow,1,0.00036,42377,15.35961,275899
6647,marcprux,1,0.00036,42378,15.35997,275899
6648,marcrocny,1,0.00036,42379,15.36033,275899
6649,MarcT512,1,0.00036,42380,15.36069,275899
6650,marcus-h,1,0.00036,42381,15.36106,275899
6651,marcusmolchany,1,0.00036,42382,15.36142,275899
6652,marcuspoehls,1,0.00036,42383,15.36178,275899
6653,marcusradell,1,0.00036,42384,15.36214,275899
6654,marcuswhybrow,1,0.00036,42385,15.36251,275899
6655,mardibiase,1,0.00036,42386,15.36287,275899
6656,marekventur,1,0.00036,42387,15.36323,275899
6657,MaridProject,1,0.00036,42388,15.36359,275899
6658,mariecl,1,0.00036,42389,15.36396,275899
6659,mariodu,1,0.00036,42390,15.36432,275899
6660,marioestradarosa,1,0.00036,42391,15.36468,275899
6661,marios-zindilis,1,0.00036,42392,15.36504,275899
6662,marjakh,1,0.00036,42393,15.36541,275899
6663,marjan-georgiev,1,0.00036,42394,15.36577,275899
6664,markandrus,1,0.00036,42395,15.36613,275899
6665,MarkArranz,1,0.00036,42396,15.36649,275899
6666,markau,1,0.00036,42397,15.36686,275899
6667,markbirbeck,1,0.00036,42398,15.36722,275899
6668,MarkChrisLevy,1,0.00036,42399,15.36758,275899
6669,Marketionist,1,0.00036,42400,15.36794,275899
6670,markhurd,1,0.00036,42401,15.36831,275899
6671,markjackson02,1,0.00036,42402,15.36867,275899
6672,marko-asplund,1,0.00036,42403,15.36903,275899
6673,marko-bekhta,1,0.00036,42404,15.36939,275899
6674,marko-vasic,1,0.00036,42405,15.36975,275899
6675,MarkPollmann,1,0.00036,42406,15.37012,275899
6676,marksanghoonkim,1,0.00036,42407,15.37048,275899
6677,markshannon,1,0.00036,42408,15.37084,275899
6678,marksmccann,1,0.00036,42409,15.37120,275899
6679,markspolakovs,1,0.00036,42410,15.37157,275899
6680,marktinsley,1,0.00036,42411,15.37193,275899
6681,markusjura,1,0.00036,42412,15.37229,275899
6682,markyen,1,0.00036,42413,15.37265,275899
6683,marlonmleite,1,0.00036,42414,15.37302,275899
6684,marshall007,1,0.00036,42415,15.37338,275899
6685,marthagenaars,1,0.00036,42416,15.37374,275899
6686,MartinKamenov,1,0.00036,42417,15.37410,275899
6687,martinwoodward,1,0.00036,42418,15.37447,275899
6688,martomi,1,0.00036,42419,15.37483,275899
6689,Marv51,1,0.00036,42420,15.37519,275899
6690,masao,1,0.00036,42421,15.37555,275899
6691,Maskedman99,1,0.00036,42422,15.37592,275899
6692,masteradhoc,1,0.00036,42423,15.37628,275899
6693,masterots,1,0.00036,42424,15.37664,275899
6694,mastojun,1,0.00036,42425,15.37700,275899
6695,matankb,1,0.00036,42426,15.37737,275899
6696,matchu,1,0.00036,42427,15.37773,275899
6697,matejskubic,1,0.00036,42428,15.37809,275899
6698,matejstrasek,1,0.00036,42429,15.37845,275899
6699,mateusz-matela,1,0.00036,42430,15.37882,275899
6700,matheusazzi,1,0.00036,42431,15.37918,275899
6701,matheushf,1,0.00036,42432,15.37954,275899
6702,mathhun,1,0.00036,42433,15.37990,275899
6703,mathiasrw,1,0.00036,42434,15.38027,275899
6704,mathielo,1,0.00036,42435,15.38063,275899
6705,Mathieuu,1,0.00036,42436,15.38099,275899
6706,mathisonian,1,0.00036,42437,15.38135,275899
6707,matias-capeletto,1,0.00036,42438,15.38172,275899
6708,matiaszanolli,1,0.00036,42439,15.38208,275899
6709,matildasmeds,1,0.00036,42440,15.38244,275899
6710,matryo,1,0.00036,42441,15.38280,275899
6711,mattbab,1,0.00036,42442,15.38317,275899
6712,mattc41190,1,0.00036,42443,15.38353,275899
6713,MattCain,1,0.00036,42444,15.38389,275899
6714,MattCBowman,1,0.00036,42445,15.38425,275899
6715,matt-duch,1,0.00036,42446,15.38462,275899
6716,matteason,1,0.00036,42447,15.38498,275899
6717,matteosuppo,1,0.00036,42448,15.38534,275899
6718,matthargett,1,0.00036,42449,15.38570,275899
6719,matt-hernandez,1,0.00036,42450,15.38607,275899
6720,MatthewBeardmore,1,0.00036,42451,15.38643,275899
6721,matthewcm,1,0.00036,42452,15.38679,275899
6722,Matthew-Davey,1,0.00036,42453,15.38715,275899
6723,matthewlooi,1,0.00036,42454,15.38751,275899
6724,matthiasdebaere,1,0.00036,42455,15.38788,275899
6725,MatthieuLemoine,1,0.00036,42456,15.38824,275899
6726,matthijsbreemans,1,0.00036,42457,15.38860,275899
6727,mattiamanzati,1,0.00036,42458,15.38896,275899
6728,MattiasBuelens,1,0.00036,42459,15.38933,275899
6729,MattijsKneppers,1,0.00036,42460,15.38969,275899
6730,MattKotsenas,1,0.00036,42461,15.39005,275899
6731,mattlubner,1,0.00036,42462,15.39041,275899
6732,MattMcFarland,1,0.00036,42463,15.39078,275899
6733,mattnelson,1,0.00036,42464,15.39114,275899
6734,mattpwhite,1,0.00036,42465,15.39150,275899
6735,MattSturgeon,1,0.00036,42466,15.39186,275899
6736,matt-thomson,1,0.00036,42467,15.39223,275899
6737,mauricedb,1,0.00036,42468,15.39259,275899
6738,maxd,1,0.00036,42469,15.39295,275899
6739,MaxHorstmann,1,0.00036,42470,15.39331,275899
6740,MaximAbramchuck,1,0.00036,42471,15.39368,275899
6741,maximandrews,1,0.00036,42472,15.39404,275899
6742,MaximBalaganskiy,1,0.00036,42473,15.39440,275899
6743,maximelafarie,1,0.00036,42474,15.39476,275899
6744,maximevaly,1,0.00036,42475,15.39513,275899
6745,maximgatilin,1,0.00036,42476,15.39549,275899
6746,maxisam,1,0.00036,42477,15.39585,275899
6747,maxjoehnk,1,0.00036,42478,15.39621,275899
6748,maxkoryukov,1,0.00036,42479,15.39658,275899
6749,maxkostow,1,0.00036,42480,15.39694,275899
6750,MaxMommersteeg,1,0.00036,42481,15.39730,275899
6751,Max-Moro,1,0.00036,42482,15.39766,275899
6752,max-mykhailenko,1,0.00036,42483,15.39803,275899
6753,MaxShoshin,1,0.00036,42484,15.39839,275899
6754,maxthyen,1,0.00036,42485,15.39875,275899
6755,maxweldsouza,1,0.00036,42486,15.39911,275899
6756,Mazuh,1,0.00036,42487,15.39948,275899
6757,mbad0la,1,0.00036,42488,15.39984,275899
6758,mborst,1,0.00036,42489,15.40020,275899
6759,mbusso,1,0.00036,42490,15.40056,275899
6760,mcauser,1,0.00036,42491,15.40093,275899
6761,MCAxiaz,1,0.00036,42492,15.40129,275899
6762,mccbraxton,1,0.00036,42493,15.40165,275899
6763,mcgraphix,1,0.00036,42494,15.40201,275899
6764,mches,1,0.00036,42495,15.40238,275899
6765,mciezadlo,1,0.00036,42496,15.40274,275899
6766,mcintdan,1,0.00036,42497,15.40310,275899
6767,mcjlnrtwcz,1,0.00036,42498,15.40346,275899
6768,mcobrien,1,0.00036,42499,15.40383,275899
6769,mdaverde,1,0.00036,42500,15.40419,275899
6770,mderriey,1,0.00036,42501,15.40455,275899
6771,mdisg,1,0.00036,42502,15.40491,275899
6772,mdogadailo,1,0.00036,42503,15.40528,275899
6773,mduu,1,0.00036,42504,15.40564,275899
6774,me89,1,0.00036,42505,15.40600,275899
6775,mechpen,1,0.00036,42506,15.40636,275899
6776,medanat,1,0.00036,42507,15.40672,275899
6777,mehcode,1,0.00036,42508,15.40709,275899
6778,mehrabisajad,1,0.00036,42509,15.40745,275899
6779,meletisf,1,0.00036,42510,15.40781,275899
6780,melezov,1,0.00036,42511,15.40817,275899
6781,melloware,1,0.00036,42512,15.40854,275899
6782,melnikov-s,1,0.00036,42513,15.40890,275899
6783,melquiadess,1,0.00036,42514,15.40926,275899
6784,melvin0008,1,0.00036,42515,15.40962,275899
6785,memoryhole,1,0.00036,42516,15.40999,275899
6786,mempf,1,0.00036,42517,15.41035,275899
6787,mergebandit,1,0.00036,42518,15.41071,275899
6788,merriam,1,0.00036,42519,15.41107,275899
6789,mesaugat,1,0.00036,42520,15.41144,275899
6790,mestremuten,1,0.00036,42521,15.41180,275899
6791,meteorlxy,1,0.00036,42522,15.41216,275899
6792,meyertee,1,0.00036,42523,15.41252,275899
6793,mgalante,1,0.00036,42524,15.41289,275899
6794,mgilson,1,0.00036,42525,15.41325,275899
6795,mgorabbani,1,0.00036,42526,15.41361,275899
6796,mhassan1,1,0.00036,42527,15.41397,275899
6797,mh-cbon,1,0.00036,42528,15.41434,275899
6798,mholo65,1,0.00036,42529,15.41470,275899
6799,micha149,1,0.00036,42530,15.41506,275899
6800,Michael77,1,0.00036,42531,15.41542,275899
6801,michaelbjames,1,0.00036,42532,15.41579,275899
6802,MichaelBuerge,1,0.00036,42533,15.41615,275899
6803,michaelcheng924,1,0.00036,42534,15.41651,275899
6804,MichaelEvans,1,0.00036,42535,15.41687,275899
6805,MichaelFoss,1,0.00036,42536,15.41724,275899
6806,michaelhixson,1,0.00036,42537,15.41760,275899
6807,michaelhofer,1,0.00036,42538,15.41796,275899
6808,michaelhofer-slg,1,0.00036,42539,15.41832,275899
6809,michaeljota,1,0.00036,42540,15.41869,275899
6810,michaellieberherr,1,0.00036,42541,15.41905,275899
6811,michaellieberherrr,1,0.00036,42542,15.41941,275899
6812,michaelpg,1,0.00036,42543,15.41977,275899
6813,michaelpigg,1,0.00036,42544,15.42014,275899
6814,michaelsavich,1,0.00036,42545,15.42050,275899
6815,michaelthe,1,0.00036,42546,15.42086,275899
6816,MichaReiser,1,0.00036,42547,15.42122,275899
6817,michastreppel,1,0.00036,42548,15.42159,275899
6818,michelsalib,1,0.00036,42549,15.42195,275899
6819,michi84o,1,0.00036,42550,15.42231,275899
6820,Mickael-van-der-Beek,1,0.00036,42551,15.42267,275899
6821,miestasmia,1,0.00036,42552,15.42304,275899
6822,migg24,1,0.00036,42553,15.42340,275899
6823,MiguelCastillo,1,0.00036,42554,15.42376,275899
6824,migueldeicaza,1,0.00036,42555,15.42412,275899
6825,migueloller,1,0.00036,42556,15.42449,275899
6826,MihaiB,1,0.00036,42557,15.42485,275899
6827,mihailik,1,0.00036,42558,15.42521,275899
6828,Miha-x64,1,0.00036,42559,15.42557,275899
6829,MihaZupan,1,0.00036,42560,15.42593,275899
6830,Mik13,1,0.00036,42561,15.42630,275899
6831,MikailBag,1,0.00036,42562,15.42666,275899
6832,Mike96Angelo,1,0.00036,42563,15.42702,275899
6833,MikeFH,1,0.00036,42564,15.42738,275899
6834,mikelseverson,1,0.00036,42565,15.42775,275899
6835,mikemaccana,1,0.00036,42566,15.42811,275899
6836,mikenikles,1,0.00036,42567,15.42847,275899
6837,mikeparas,1,0.00036,42568,15.42883,275899
6838,MikePopoloski,1,0.00036,42569,15.42920,275899
6839,MikeRogers0,1,0.00036,42570,15.42956,275899
6840,MikeRyanDev,1,0.00036,42571,15.42992,275899
6841,mikesterlingw,1,0.00036,42572,15.43028,275899
6842,miketaylr,1,0.00036,42573,15.43065,275899
6843,MikevanDongen,1,0.00036,42574,15.43101,275899
6844,mike-weshop,1,0.00036,42575,15.43137,275899
6845,mikexstudios,1,0.00036,42576,15.43173,275899
6846,mikeybyker,1,0.00036,42577,15.43210,275899
6847,mikhailshilkov,1,0.00036,42578,15.43246,275899
6848,mikrofusion,1,0.00036,42579,15.43282,275899
6849,miksh7,1,0.00036,42580,15.43318,275899
6850,mildis,1,0.00036,42581,15.43355,275899
6851,milesthedisch,1,0.00036,42582,15.43391,275899
6852,milk54,1,0.00036,42583,15.43427,275899
6853,milosprv,1,0.00036,42584,15.43463,275899
6854,miloush,1,0.00036,42585,15.43500,275899
6855,MiltonAkash,1,0.00036,42586,15.43536,275899
6856,Mindstormer619,1,0.00036,42587,15.43572,275899
6857,MingYinLv,1,0.00036,42588,15.43608,275899
6858,MinhNguyenDev,1,0.00036,42589,15.43645,275899
6859,minho42,1,0.00036,42590,15.43681,275899
6860,MiniGod,1,0.00036,42591,15.43717,275899
6861,mips-r6,1,0.00036,42592,15.43753,275899
6862,mirekfranc,1,0.00036,42593,15.43790,275899
6863,mirhagk,1,0.00036,42594,15.43826,275899
6864,mirkods,1,0.00036,42595,15.43862,275899
6865,miserylee,1,0.00036,42596,15.43898,275899
6866,mismith,1,0.00036,42597,15.43935,275899
6867,misogl,1,0.00036,42598,15.43971,275899
6868,miteshaghera,1,0.00036,42599,15.44007,275899
6869,miteshvmehta,1,0.00036,42600,15.44043,275899
6870,mitranim,1,0.00036,42601,15.44080,275899
6871,mittcoats,1,0.00036,42602,15.44116,275899
6872,mjawulski,1,0.00036,42603,15.44152,275899
6873,mjedrzejek,1,0.00036,42604,15.44188,275899
6874,mjesun,1,0.00036,42605,15.44225,275899
6875,mjgs,1,0.00036,42606,15.44261,275899
6876,mjhasbach,1,0.00036,42607,15.44297,275899
6877,mjpieters,1,0.00036,42608,15.44333,275899
6878,mjw56,1,0.00036,42609,15.44369,275899
6879,mkantor,1,0.00036,42610,15.44406,275899
6880,mkawalec,1,0.00036,42611,15.44442,275899
6881,mkborg,1,0.00036,42612,15.44478,275899
6882,mkell85,1,0.00036,42613,15.44514,275899
6883,mkennedy3000,1,0.00036,42614,15.44551,275899
6884,mking,1,0.00036,42615,15.44587,275899
6885,mklement0,1,0.00036,42616,15.44623,275899
6886,mkokho,1,0.00036,42617,15.44659,275899
6887,mkupiniak,1,0.00036,42618,15.44696,275899
6888,mlacouture,1,0.00036,42619,15.44732,275899
6889,mleibman,1,0.00036,42620,15.44768,275899
6890,mlewand,1,0.00036,42621,15.44804,275899
6891,mlissner,1,0.00036,42622,15.44841,275899
6892,mlostekk,1,0.00036,42623,15.44877,275899
6893,mmedal,1,0.00036,42624,15.44913,275899
6894,mmimica,1,0.00036,42625,15.44949,275899
6895,mminer,1,0.00036,42626,15.44986,275899
6896,mmis1000,1,0.00036,42627,15.45022,275899
6897,mmorearty,1,0.00036,42628,15.45058,275899
6898,mmoss,1,0.00036,42629,15.45094,275899
6899,mmynsted,1,0.00036,42630,15.45131,275899
6900,mnahkies,1,0.00036,42631,15.45167,275899
6901,mnmtanish,1,0.00036,42632,15.45203,275899
6902,mnpenner,1,0.00036,42633,15.45239,275899
6903,mnutt,1,0.00036,42634,15.45276,275899
6904,mo,1,0.00036,42635,15.45312,275899
6905,modernlegend,1,0.00036,42636,15.45348,275899
6906,MoenCertiK,1,0.00036,42637,15.45384,275899
6907,Moeriki,1,0.00036,42638,15.45421,275899
6908,mohamed-ismat,1,0.00036,42639,15.45457,275899
6909,mohan-mu,1,0.00036,42640,15.45493,275899
6910,Mohit21GoJs,1,0.00036,42641,15.45529,275899
6911,mohitchugh,1,0.00036,42642,15.45566,275899
6912,mohnmu,1,0.00036,42643,15.45602,275899
6913,mohuk,1,0.00036,42644,15.45638,275899
6914,moismat,1,0.00036,42645,15.45674,275899
6915,mondaychen,1,0.00036,42646,15.45711,275899
6916,monkeym4ster,1,0.00036,42647,15.45747,275899
6917,MoonBall,1,0.00036,42648,15.45783,275899
6918,morchard,1,0.00036,42649,15.45819,275899
6919,Morhaus,1,0.00036,42650,15.45856,275899
6920,Moriadry,1,0.00036,42651,15.45892,275899
6921,morishitter,1,0.00036,42652,15.45928,275899
6922,morningmemo,1,0.00036,42653,15.45964,275899
6923,morsdyce,1,0.00036,42654,15.46001,275899
6924,MosheZemah,1,0.00036,42655,15.46037,275899
6925,mostwired,1,0.00036,42656,15.46073,275899
6926,motet-a,1,0.00036,42657,15.46109,275899
6927,motlin,1,0.00036,42658,15.46146,275899
6928,mouadennaciri,1,0.00036,42659,15.46182,275899
6929,mourawaldson,1,0.00036,42660,15.46218,275899
6930,MouriNaruto,1,0.00036,42661,15.46254,275899
6931,Mozilla-GitHub-Standards,1,0.00036,42662,15.46290,275899
6932,mpabst,1,0.00036,42663,15.46327,275899
6933,mpccolorado,1,0.00036,42664,15.46363,275899
6934,Mpdreamz,1,0.00036,42665,15.46399,275899
6935,mperham,1,0.00036,42666,15.46435,275899
6936,m-przybylski,1,0.00036,42667,15.46472,275899
6937,mrac,1,0.00036,42668,15.46508,275899
6938,mrbar42,1,0.00036,42669,15.46544,275899
6939,MrDesjardins,1,0.00036,42670,15.46580,275899
6940,mrdoob,1,0.00036,42671,15.46617,275899
6941,mrjgreen,1,0.00036,42672,15.46653,275899
6942,mr-july,1,0.00036,42673,15.46689,275899
6943,mrkev,1,0.00036,42674,15.46725,275899
6944,mrngoitall,1,0.00036,42675,15.46762,275899
6945,mrohr,1,0.00036,42676,15.46798,275899
6946,mr-yamraj,1,0.00036,42677,15.46834,275899
6947,MSaifAsif,1,0.00036,42678,15.46870,275899
6948,msal4,1,0.00036,42679,15.46907,275899
6949,msebire,1,0.00036,42680,15.46943,275899
6950,msemtd,1,0.00036,42681,15.46979,275899
6951,mshaaban088,1,0.00036,42682,15.47015,275899
6952,mshibuya,1,0.00036,42683,15.47052,275899
6953,msmshazan,1,0.00036,42684,15.47088,275899
6954,msrose,1,0.00036,42685,15.47124,275899
6955,msteiger,1,0.00036,42686,15.47160,275899
6956,mstone6769,1,0.00036,42687,15.47197,275899
6957,mtone,1,0.00036,42688,15.47233,275899
6958,mtotoWamkwe,1,0.00036,42689,15.47269,275899
6959,mtpetros,1,0.00036,42690,15.47305,275899
6960,MuhanZou,1,0.00036,42691,15.47342,275899
6961,multicolaure,1,0.00036,42692,15.47378,275899
6962,mumairofficial,1,0.00036,42693,15.47414,275899
6963,munificent,1,0.00036,42694,15.47450,275899
6964,munro,1,0.00036,42695,15.47487,275899
6965,murillo128,1,0.00036,42696,15.47523,275899
6966,mvalenta,1,0.00036,42697,15.47559,275899
6967,mvasin,1,0.00036,42698,15.47595,275899
6968,mvdnbrk,1,0.00036,42699,15.47632,275899
6969,mvila,1,0.00036,42700,15.47668,275899
6970,mvitz,1,0.00036,42701,15.47704,275899
6971,MWGitHub,1,0.00036,42702,15.47740,275899
6972,mwiencek,1,0.00036,42703,15.47777,275899
6973,m-wilczynski,1,0.00036,42704,15.47813,275899
6974,mwindle,1,0.00036,42705,15.47849,275899
6975,mwittig,1,0.00036,42706,15.47885,275899
6976,mxlbzn,1,0.00036,42707,15.47922,275899
6977,mxviteri,1,0.00036,42708,15.47958,275899
6978,mydea,1,0.00036,42709,15.47994,275899
6979,MYDIH,1,0.00036,42710,15.48030,275899
6980,mykhal,1,0.00036,42711,15.48067,275899
6981,mymattcarroll,1,0.00036,42712,15.48103,275899
6982,myshov,1,0.00036,42713,15.48139,275899
6983,mytuny,1,0.00036,42714,15.48175,275899
6984,mziwisky,1,0.00036,42715,15.48211,275899
6985,mzlee,1,0.00036,42716,15.48248,275899
6986,n0nick,1,0.00036,42717,15.48284,275899
6987,n0th1ng-else,1,0.00036,42718,15.48320,275899
6988,n1c,1,0.00036,42719,15.48356,275899
6989,n1ru4l,1,0.00036,42720,15.48393,275899
6990,nabeelvalley,1,0.00036,42721,15.48429,275899
6991,nacimgoura,1,0.00036,42722,15.48465,275899
6992,nadavkaner,1,0.00036,42723,15.48501,275899
6993,nadavsinai,1,0.00036,42724,15.48538,275899
6994,nadavwe,1,0.00036,42725,15.48574,275899
6995,naicko,1,0.00036,42726,15.48610,275899
6996,naistran,1,0.00036,42727,15.48646,275899
6997,nakazye,1,0.00036,42728,15.48683,275899
6998,nallar,1,0.00036,42729,15.48719,275899
6999,nallwhy,1,0.00036,42730,15.48755,275899
7000,namannigam,1,0.00036,42731,15.48791,275899
7001,nanonyme,1,0.00036,42732,15.48828,275899
7002,naoufal,1,0.00036,42733,15.48864,275899
7003,narainsagar,1,0.00036,42734,15.48900,275899
7004,natec8,1,0.00036,42735,15.48936,275899
7005,natejlee,1,0.00036,42736,15.48973,275899
7006,natenorberg,1,0.00036,42737,15.49009,275899
7007,nathanpower,1,0.00036,42738,15.49045,275899
7008,Natim,1,0.00036,42739,15.49081,275899
7009,natsid,1,0.00036,42740,15.49118,275899
7010,natsuhikok,1,0.00036,42741,15.49154,275899
7011,Nautigsam,1,0.00036,42742,15.49190,275899
7012,navarroaxel,1,0.00036,42743,15.49226,275899
7013,nazrhyn,1,0.00036,42744,15.49263,275899
7014,nbarbettini,1,0.00036,42745,15.49299,275899
7015,nbaztec,1,0.00036,42746,15.49335,275899
7016,nbjahan,1,0.00036,42747,15.49371,275899
7017,nbougalis,1,0.00036,42748,15.49408,275899
7018,nbsaw,1,0.00036,42749,15.49444,275899
7019,ncoghlan,1,0.00036,42750,15.49480,275899
7020,ndresx,1,0.00036,42751,15.49516,275899
7021,Ne4istb,1,0.00036,42752,15.49553,275899
7022,Neamar,1,0.00036,42753,15.49589,275899
7023,Neaox,1,0.00036,42754,15.49625,275899
7024,neeldeep,1,0.00036,42755,15.49661,275899
7025,negezor,1,0.00036,42756,15.49698,275899
7026,neighbads,1,0.00036,42757,15.49734,275899
7027,neoziro,1,0.00036,42758,15.49770,275899
7028,nerfologist,1,0.00036,42759,15.49806,275899
7029,nescalante,1,0.00036,42760,15.49843,275899
7030,netil,1,0.00036,42761,15.49879,275899
7031,Nettsentrisk,1,0.00036,42762,15.49915,275899
7032,neu5,1,0.00036,42763,15.49951,275899
7033,neuralsandwich,1,0.00036,42764,15.49987,275899
7034,Nevaan,1,0.00036,42765,15.50024,275899
7035,newyork-anthonyng,1,0.00036,42766,15.50060,275899
7036,Nexeuz,1,0.00036,42767,15.50096,275899
7037,neytema,1,0.00036,42768,15.50132,275899
7038,nfer,1,0.00036,42769,15.50169,275899
7039,nfriedly,1,0.00036,42770,15.50205,275899
7040,nfroidure,1,0.00036,42771,15.50241,275899
7041,ngfelixl,1,0.00036,42772,15.50277,275899
7042,ngryman,1,0.00036,42773,15.50314,275899
7043,NhatDinh,1,0.00036,42774,15.50350,275899
7044,nhduc296,1,0.00036,42775,15.50386,275899
7045,nhducit,1,0.00036,42776,15.50422,275899
7046,nhydock,1,0.00036,42777,15.50459,275899
7047,nibblebot,1,0.00036,42778,15.50495,275899
7048,Nicholas-Eng,1,0.00036,42779,15.50531,275899
7049,nicholasserra,1,0.00036,42780,15.50567,275899
7050,nickbalestra,1,0.00036,42781,15.50604,275899
7051,NickCraver,1,0.00036,42782,15.50640,275899
7052,nickdandakis,1,0.00036,42783,15.50676,275899
7053,nickknissen,1,0.00036,42784,15.50712,275899
7054,nickmessing,1,0.00036,42785,15.50749,275899
7055,nickpresta,1,0.00036,42786,15.50785,275899
7056,NickPresta,1,0.00036,42787,15.50821,275899
7057,nickskalkin,1,0.00036,42788,15.50857,275899
7058,nickthetait,1,0.00036,42789,15.50894,275899
7059,nickzelei,1,0.00036,42790,15.50930,275899
7060,NiclasvanEyk,1,0.00036,42791,15.50966,275899
7061,nicoabie,1,0.00036,42792,15.51002,275899
7062,Nicolaidavies,1,0.00036,42793,15.51039,275899
7063,Nicolapps,1,0.00036,42794,15.51075,275899
7064,nicolasbd,1,0.00036,42795,15.51111,275899
7065,nicosommi,1,0.00036,42796,15.51147,275899
7066,nictas,1,0.00036,42797,15.51184,275899
7067,niexias,1,0.00036,42798,15.51220,275899
7068,nigel5,1,0.00036,42799,15.51256,275899
7069,NightElfik,1,0.00036,42800,15.51292,275899
7070,nightshinez,1,0.00036,42801,15.51329,275899
7071,Nikhil22,1,0.00036,42802,15.51365,275899
7072,nikhilpatil,1,0.00036,42803,15.51401,275899
7073,niklas-dahl,1,0.00036,42804,15.51437,275899
7074,NikosKeyz,1,0.00036,42805,15.51474,275899
7075,NikV,1,0.00036,42806,15.51510,275899
7076,nil4,1,0.00036,42807,15.51546,275899
7077,niloc132,1,0.00036,42808,15.51582,275899
7078,nilsceberg,1,0.00036,42809,15.51619,275899
7079,niltoncsr,1,0.00036,42810,15.51655,275899
7080,Nimelrian,1,0.00036,42811,15.51691,275899
7081,nimerritt,1,0.00036,42812,15.51727,275899
7082,nimish,1,0.00036,42813,15.51764,275899
7083,niole,1,0.00036,42814,15.51800,275899
7084,nishp1,1,0.00036,42815,15.51836,275899
7085,nivs,1,0.00036,42816,15.51872,275899
7086,njb-said,1,0.00036,42817,15.51908,275899
7087,nknapp,1,0.00036,42818,15.51945,275899
7088,nkollar,1,0.00036,42819,15.51981,275899
7089,nkt,1,0.00036,42820,15.52017,275899
7090,nkzawa,1,0.00036,42821,15.52053,275899
7091,nlouahedj,1,0.00036,42822,15.52090,275899
7092,nmav,1,0.00036,42823,15.52126,275899
7093,nmn,1,0.00036,42824,15.52162,275899
7094,nmschulte,1,0.00036,42825,15.52198,275899
7095,nnuggets,1,0.00036,42826,15.52235,275899
7096,nobezawa,1,0.00036,42827,15.52271,275899
7097,NobodysNightmare,1,0.00036,42828,15.52307,275899
7098,NogsMPLS,1,0.00036,42829,15.52343,275899
7099,NoHomey,1,0.00036,42830,15.52380,275899
7100,Noitidart,1,0.00036,42831,15.52416,275899
7101,Nolanus,1,0.00036,42832,15.52452,275899
7102,NomadBlacky,1,0.00036,42833,15.52488,275899
7103,nomadster,1,0.00036,42834,15.52525,275899
7104,noodleswww,1,0.00036,42835,15.52561,275899
7105,noopur-tiwari,1,0.00036,42836,15.52597,275899
7106,nordligulv,1,0.00036,42837,15.52633,275899
7107,nornagon,1,0.00036,42838,15.52670,275899
7108,noseglid,1,0.00036,42839,15.52706,275899
7109,nOstap,1,0.00036,42840,15.52742,275899
7110,nottrobin,1,0.00036,42841,15.52778,275899
7111,noumaans,1,0.00036,42842,15.52815,275899
7112,now-raymond,1,0.00036,42843,15.52851,275899
7113,noyesa,1,0.00036,42844,15.52887,275899
7114,noyobo,1,0.00036,42845,15.52923,275899
7115,nrinaudo,1,0.00036,42846,15.52960,275899
7116,nscornia,1,0.00036,42847,15.52996,275899
7117,nsoranzo,1,0.00036,42848,15.53032,275899
7118,nstanard,1,0.00036,42849,15.53068,275899
7119,nstraub,1,0.00036,42850,15.53105,275899
7120,nthcircle,1,0.00036,42851,15.53141,275899
7121,ntherning,1,0.00036,42852,15.53177,275899
7122,nuessgens,1,0.00036,42853,15.53213,275899
7123,NukaPunk,1,0.00036,42854,15.53250,275899
7124,nullvariable,1,0.00036,42855,15.53286,275899
7125,numb86,1,0.00036,42856,15.53322,275899
7126,nurkiewicz,1,0.00036,42857,15.53358,275899
7127,NuSkooler,1,0.00036,42858,15.53395,275899
7128,nusretparlak,1,0.00036,42859,15.53431,275899
7129,NV4RE,1,0.00036,42860,15.53467,275899
7130,nvdh,1,0.00036,42861,15.53503,275899
7131,nwhittaker,1,0.00036,42862,15.53540,275899
7132,nxtstep,1,0.00036,42863,15.53576,275899
7133,nykolaslima,1,0.00036,42864,15.53612,275899
7134,nyurik,1,0.00036,42865,15.53648,275899
7135,oakfang,1,0.00036,42866,15.53685,275899
7136,oburakevych,1,0.00036,42867,15.53721,275899
7137,oconn,1,0.00036,42868,15.53757,275899
7138,oddsson,1,0.00036,42869,15.53793,275899
7139,odersky,1,0.00036,42870,15.53829,275899
7140,odykyi,1,0.00036,42871,15.53866,275899
7141,odysseuscm,1,0.00036,42872,15.53902,275899
7142,odyth,1,0.00036,42873,15.53938,275899
7143,odziem,1,0.00036,42874,15.53974,275899
7144,ofirmakmal,1,0.00036,42875,15.54011,275899
7145,ogix,1,0.00036,42876,15.54047,275899
7146,Oire,1,0.00036,42877,15.54083,275899
7147,okdistribute,1,0.00036,42878,15.54119,275899
7148,okonet,1,0.00036,42879,15.54156,275899
7149,oktav777,1,0.00036,42880,15.54192,275899
7150,Olafski,1,0.00036,42881,15.54228,275899
7151,oldj,1,0.00036,42882,15.54264,275899
7152,olegafx,1,0.00036,42883,15.54301,275899
7153,olehsrh,1,0.00036,42884,15.54337,275899
7154,OleksiiBondar,1,0.00036,42885,15.54373,275899
7155,Olivier-Moreau,1,0.00036,42886,15.54409,275899
7156,oluckyman,1,0.00036,42887,15.54446,275899
7157,omerson,1,0.00036,42888,15.54482,275899
7158,omnichronous,1,0.00036,42889,15.54518,275899
7159,ompraash,1,0.00036,42890,15.54554,275899
7160,oneam,1,0.00036,42891,15.54591,275899
7161,onlywei,1,0.00036,42892,15.54627,275899
7162,onstash,1,0.00036,42893,15.54663,275899
7163,oocx,1,0.00036,42894,15.54699,275899
7164,oorijsonar,1,0.00036,42895,15.54736,275899
7165,opensignature,1,0.00036,42896,15.54772,275899
7166,opensrcery,1,0.00036,42897,15.54808,275899
7167,oporko,1,0.00036,42898,15.54844,275899
7168,Opticsponge,1,0.00036,42899,15.54881,275899
7169,ORdinarycas,1,0.00036,42900,15.54917,275899
7170,oreissig,1,0.00036,42901,15.54953,275899
7171,osamaq,1,0.00036,42902,15.54989,275899
7172,oscarlvp,1,0.00036,42903,15.55026,275899
7173,oscarotero,1,0.00036,42904,15.55062,275899
7174,Oseenix,1,0.00036,42905,15.55098,275899
7175,osman-turan,1,0.00036,42906,15.55134,275899
7176,ossdev07,1,0.00036,42907,15.55171,275899
7177,oughter,1,0.00036,42908,15.55207,275899
7178,ouq77,1,0.00036,42909,15.55243,275899
7179,outofambit,1,0.00036,42910,15.55279,275899
7180,outofgamut,1,0.00036,42911,15.55316,275899
7181,outspace,1,0.00036,42912,15.55352,275899
7182,overridesh,1,0.00036,42913,15.55388,275899
7183,ovpv,1,0.00036,42914,15.55424,275899
7184,Ovyerus,1,0.00036,42915,15.55461,275899
7185,owap,1,0.00036,42916,15.55497,275899
7186,owenconti,1,0.00036,42917,15.55533,275899
7187,paambaati,1,0.00036,42918,15.55569,275899
7188,pablofmena,1,0.00036,42919,15.55605,275899
7189,pablotarga,1,0.00036,42920,15.55642,275899
7190,packtpartner,1,0.00036,42921,15.55678,275899
7191,Page-,1,0.00036,42922,15.55714,275899
7192,Page-Not-Found,1,0.00036,42923,15.55750,275899
7193,pahomov,1,0.00036,42924,15.55787,275899
7194,PaitoAnderson,1,0.00036,42925,15.55823,275899
7195,paladox2015,1,0.00036,42926,15.55859,275899
7196,palek,1,0.00036,42927,15.55895,275899
7197,panckreous,1,0.00036,42928,15.55932,275899
7198,pandrushka,1,0.00036,42929,15.55968,275899
7199,panzj,1,0.00036,42930,15.56004,275899
7200,papb,1,0.00036,42931,15.56040,275899
7201,Paradox41,1,0.00036,42932,15.56077,275899
7202,paragi,1,0.00036,42933,15.56113,275899
7203,Parcley,1,0.00036,42934,15.56149,275899
7204,paroga,1,0.00036,42935,15.56185,275899
7205,parrainc,1,0.00036,42936,15.56222,275899
7206,parse,1,0.00036,42937,15.56258,275899
7207,passaro,1,0.00036,42938,15.56294,275899
7208,pataar,1,0.00036,42939,15.56330,275899
7209,pathikrit,1,0.00036,42940,15.56367,275899
7210,patik,1,0.00036,42941,15.56403,275899
7211,patrickcjh,1,0.00036,42942,15.56439,275899
7212,patrickmcd,1,0.00036,42943,15.56475,275899
7213,PatrickMcDonald,1,0.00036,42944,15.56512,275899
7214,patriksimek,1,0.00036,42945,15.56548,275899
7215,patriksvensson,1,0.00036,42946,15.56584,275899
7216,patsplat,1,0.00036,42947,15.56620,275899
7217,paul1956,1,0.00036,42948,15.56657,275899
7218,pauldraper,1,0.00036,42949,15.56693,275899
7219,paulirwin,1,0.00036,42950,15.56729,275899
7220,paulkass,1,0.00036,42951,15.56765,275899
7221,paulmanta,1,0.00036,42952,15.56802,275899
7222,paulmelnikow,1,0.00036,42953,15.56838,275899
7223,paulomcnally,1,0.00036,42954,15.56874,275899
7224,paulovieira,1,0.00036,42955,15.56910,275899
7225,paulp,1,0.00036,42956,15.56947,275899
7226,paulradzkov,1,0.00036,42957,15.56983,275899
7227,PaulRBerg,1,0.00036,42958,15.57019,275899
7228,paulshen,1,0.00036,42959,15.57055,275899
7229,paustria,1,0.00036,42960,15.57092,275899
7230,pavel-agarkov,1,0.00036,42961,15.57128,275899
7231,Pawel-Janik,1,0.00036,42962,15.57164,275899
7232,paxl13,1,0.00036,42963,15.57200,275899
7233,Paxxi,1,0.00036,42964,15.57237,275899
7234,paynoattn,1,0.00036,42965,15.57273,275899
7235,pazguille,1,0.00036,42966,15.57309,275899
7236,pcornelissen,1,0.00036,42967,15.57345,275899
7237,pdiniz13,1,0.00036,42968,15.57382,275899
7238,peabnuts123,1,0.00036,42969,15.57418,275899
7239,pearcemerritt,1,0.00036,42970,15.57454,275899
7240,PedroMiguelSS,1,0.00036,42971,15.57490,275899
7241,pedronauck,1,0.00036,42972,15.57526,275899
7242,pedroprado010,1,0.00036,42973,15.57563,275899
7243,pedrouid,1,0.00036,42974,15.57599,275899
7244,pegurnee,1,0.00036,42975,15.57635,275899
7245,peitek,1,0.00036,42976,15.57671,275899
7246,pekeq,1,0.00036,42977,15.57708,275899
7247,peleghila,1,0.00036,42978,15.57744,275899
7248,peltco,1,0.00036,42979,15.57780,275899
7249,pensivebrian,1,0.00036,42980,15.57816,275899
7250,Pephers,1,0.00036,42981,15.57853,275899
7251,peplin,1,0.00036,42982,15.57889,275899
7252,pepone,1,0.00036,42983,15.57925,275899
7253,perceptron8,1,0.00036,42984,15.57961,275899
7254,PerfectPixel,1,0.00036,42985,15.57998,275899
7255,peritpatrio,1,0.00036,42986,15.58034,275899
7256,petarpetrovt,1,0.00036,42987,15.58070,275899
7257,peteboere,1,0.00036,42988,15.58106,275899
7258,petehunt,1,0.00036,42989,15.58143,275899
7259,peterdettman,1,0.00036,42990,15.58179,275899
7260,peteretelej,1,0.00036,42991,15.58215,275899
7261,PeterHatch,1,0.00036,42992,15.58251,275899
7262,peterhpchen,1,0.00036,42993,15.58288,275899
7263,peterjmag,1,0.00036,42994,15.58324,275899
7264,peter-kehl,1,0.00036,42995,15.58360,275899
7265,peterlenagh,1,0.00036,42996,15.58396,275899
7266,Peter-Liang,1,0.00036,42997,15.58433,275899
7267,petermbenjamin,1,0.00036,42998,15.58469,275899
7268,petermikitsh,1,0.00036,42999,15.58505,275899
7269,PeterMosmans,1,0.00036,43000,15.58541,275899
7270,peterthompson,1,0.00036,43001,15.58578,275899
7271,peterwurzinger,1,0.00036,43002,15.58614,275899
7272,petvas,1,0.00036,43003,15.58650,275899
7273,PezCoder,1,0.00036,43004,15.58686,275899
7274,pfcoperez,1,0.00036,43005,15.58723,275899
7275,pfhayes,1,0.00036,43006,15.58759,275899
7276,pfitzsimons-r7,1,0.00036,43007,15.58795,275899
7277,pgonzal,1,0.00036,43008,15.58831,275899
7278,phanning,1,0.00036,43009,15.58868,275899
7279,phenomnomnominal,1,0.00036,43010,15.58904,275899
7280,philfreo,1,0.00036,43011,15.58940,275899
7281,philipa,1,0.00036,43012,15.58976,275899
7282,philipbordallo,1,0.00036,43013,15.59013,275899
7283,Philipp91,1,0.00036,43014,15.59049,275899
7284,philippgille,1,0.00036,43015,15.59085,275899
7285,philipschwarz,1,0.00036,43016,15.59121,275899
7286,philjohnson789,1,0.00036,43017,15.59158,275899
7287,philleonard,1,0.00036,43018,15.59194,275899
7288,phillipj,1,0.00036,43019,15.59230,275899
7289,phillipsj,1,0.00036,43020,15.59266,275899
7290,philraj,1,0.00036,43021,15.59302,275899
7291,phoenixbox,1,0.00036,43022,15.59339,275899
7292,phurytw,1,0.00036,43023,15.59375,275899
7293,pi0,1,0.00036,43024,15.59411,275899
7294,picapixa,1,0.00036,43025,15.59447,275899
7295,Piccirello,1,0.00036,43026,15.59484,275899
7296,PiDelport,1,0.00036,43027,15.59520,275899
7297,pieplu,1,0.00036,43028,15.59556,275899
7298,pietvandongen,1,0.00036,43029,15.59592,275899
7299,pigelvy,1,0.00036,43030,15.59629,275899
7300,Pilchie,1,0.00036,43031,15.59665,275899
7301,pimverkerk,1,0.00036,43032,15.59701,275899
7302,pine3ree,1,0.00036,43033,15.59737,275899
7303,pingan1927,1,0.00036,43034,15.59774,275899
7304,pingfengafei,1,0.00036,43035,15.59810,275899
7305,pinyin,1,0.00036,43036,15.59846,275899
7306,piotrjurkiewicz,1,0.00036,43037,15.59882,275899
7307,PiotrKlecha,1,0.00036,43038,15.59919,275899
7308,piotros,1,0.00036,43039,15.59955,275899
7309,piotrturski,1,0.00036,43040,15.59991,275899
7310,piranna,1,0.00036,43041,15.60027,275899
7311,pirate,1,0.00036,43042,15.60064,275899
7312,pirxpilot,1,0.00036,43043,15.60100,275899
7313,pischke,1,0.00036,43044,15.60136,275899
7314,piyush-jaiswal,1,0.00036,43045,15.60172,275899
7315,p-jackson,1,0.00036,43046,15.60209,275899
7316,pjbgf,1,0.00036,43047,15.60245,275899
7317,pjhjohn,1,0.00036,43048,15.60281,275899
7318,pjmonks,1,0.00036,43049,15.60317,275899
7319,PK1A,1,0.00036,43050,15.60354,275899
7320,PKief,1,0.00036,43051,15.60390,275899
7321,pkukol,1,0.00036,43052,15.60426,275899
7322,planser,1,0.00036,43053,15.60462,275899
7323,platinumazure,1,0.00036,43054,15.60499,275899
7324,platosha,1,0.00036,43055,15.60535,275899
7325,playasim,1,0.00036,43056,15.60571,275899
7326,pletcher,1,0.00036,43057,15.60607,275899
7327,pleunv,1,0.00036,43058,15.60644,275899
7328,plokhotnyuk,1,0.00036,43059,15.60680,275899
7329,plroebuck,1,0.00036,43060,15.60716,275899
7330,plumpNation,1,0.00036,43061,15.60752,275899
7331,poeschko,1,0.00036,43062,15.60789,275899
7332,Poimen,1,0.00036,43063,15.60825,275899
7333,poislagarde,1,0.00036,43064,15.60861,275899
7334,poldridge,1,0.00036,43065,15.60897,275899
7335,PolinaRodimova,1,0.00036,43066,15.60934,275899
7336,polpo,1,0.00036,43067,15.60970,275899
7337,polybuildr,1,0.00036,43068,15.61006,275899
7338,Ponant,1,0.00036,43069,15.61042,275899
7339,portolucas,1,0.00036,43070,15.61079,275899
7340,postama,1,0.00036,43071,15.61115,275899
7341,posva,1,0.00036,43072,15.61151,275899
7342,potmo,1,0.00036,43073,15.61187,275899
7343,poulad,1,0.00036,43074,15.61223,275899
7344,powens,1,0.00036,43075,15.61260,275899
7345,pranjalk,1,0.00036,43076,15.61296,275899
7346,pratik14,1,0.00036,43077,15.61332,275899
7347,praveenn-vbi,1,0.00036,43078,15.61368,275899
7348,praveenpuglia,1,0.00036,43079,15.61405,275899
7349,prempalsingh,1,0.00036,43080,15.61441,275899
7350,primarilysoftware,1,0.00036,43081,15.61477,275899
7351,PRIMETSS,1,0.00036,43082,15.61513,275899
7352,princemaple,1,0.00036,43083,15.61550,275899
7353,pRizz,1,0.00036,43084,15.61586,275899
7354,probablyup,1,0.00036,43085,15.61622,275899
7355,prodis,1,0.00036,43086,15.61658,275899
7356,proflayton,1,0.00036,43087,15.61695,275899
7357,propensive,1,0.00036,43088,15.61731,275899
7358,proteriax,1,0.00036,43089,15.61767,275899
7359,protyposis,1,0.00036,43090,15.61803,275899
7360,prtksxna,1,0.00036,43091,15.61840,275899
7361,psachs21,1,0.00036,43092,15.61876,275899
7362,psibi,1,0.00036,43093,15.61912,275899
7363,psmyrak,1,0.00036,43094,15.61948,275899
7364,pthong,1,0.00036,43095,15.61985,275899
7365,ptrain,1,0.00036,43096,15.62021,275899
7366,puku0x,1,0.00036,43097,15.62057,275899
7367,pulasthibandara,1,0.00036,43098,15.62093,275899
7368,Punit-wingify,1,0.00036,43099,15.62130,275899
7369,puppybits,1,0.00036,43100,15.62166,275899
7370,PxyUp,1,0.00036,43101,15.62202,275899
7371,pyliaorachel,1,0.00036,43102,15.62238,275899
7372,PyroSA,1,0.00036,43103,15.62275,275899
7373,q1226085152,1,0.00036,43104,15.62311,275899
7374,qas612820704,1,0.00036,43105,15.62347,275899
7375,qerub,1,0.00036,43106,15.62383,275899
7376,qiu8310,1,0.00036,43107,15.62420,275899
7377,qix,1,0.00036,43108,15.62456,275899
7378,qlikTERror,1,0.00036,43109,15.62492,275899
7379,qodesmith,1,0.00036,43110,15.62528,275899
7380,qqbuby,1,0.00036,43111,15.62565,275899
7381,qstearns,1,0.00036,43112,15.62601,275899
7382,quadrupleslap,1,0.00036,43113,15.62637,275899
7383,qubbit,1,0.00036,43114,15.62673,275899
7384,Quogu,1,0.00036,43115,15.62710,275899
7385,QwerMike,1,0.00036,43116,15.62746,275899
7386,qw-in,1,0.00036,43117,15.62782,275899
7387,Qw-in,1,0.00036,43118,15.62818,275899
7388,qwwdfsad,1,0.00036,43119,15.62855,275899
7389,r349,1,0.00036,43120,15.62891,275899
7390,rabryst,1,0.00036,43121,15.62927,275899
7391,radii,1,0.00036,43122,15.62963,275899
7392,radiocane,1,0.00036,43123,15.63000,275899
7393,radiovisual,1,0.00036,43124,15.63036,275899
7394,radotzki,1,0.00036,43125,15.63072,275899
7395,rafaelrenanpacheco,1,0.00036,43126,15.63108,275899
7396,rafaelrpinto,1,0.00036,43127,15.63144,275899
7397,rafaelstz,1,0.00036,43128,15.63181,275899
7398,rafidka,1,0.00036,43129,15.63217,275899
7399,rafrex,1,0.00036,43130,15.63253,275899
7400,ragmani,1,0.00036,43131,15.63289,275899
7401,rajatsehgal,1,0.00036,43132,15.63326,275899
7402,rakudrama,1,0.00036,43133,15.63362,275899
7403,raleksandar,1,0.00036,43134,15.63398,275899
7404,ralinc,1,0.00036,43135,15.63434,275899
7405,Ralith,1,0.00036,43136,15.63471,275899
7406,ralvarezo123,1,0.00036,43137,15.63507,275899
7407,ramaboo,1,0.00036,43138,15.63543,275899
7408,ramiloif,1,0.00036,43139,15.63579,275899
7409,randombk,1,0.00036,43140,15.63616,275899
7410,RandScullard,1,0.00036,43141,15.63652,275899
7411,RaneWallin,1,0.00036,43142,15.63688,275899
7412,Raniz85,1,0.00036,43143,15.63724,275899
7413,Rantanen,1,0.00036,43144,15.63761,275899
7414,Rasulbeeek,1,0.00036,43145,15.63797,275899
7415,ratbeard,1,0.00036,43146,15.63833,275899
7416,ratson,1,0.00036,43147,15.63869,275899
7417,ravensorb,1,0.00036,43148,15.63906,275899
7418,ravihamsa,1,0.00036,43149,15.63942,275899
7419,ravipra,1,0.00036,43150,15.63978,275899
7420,rayhatfield,1,0.00036,43151,15.64014,275899
7421,razfriman,1,0.00036,43152,15.64051,275899
7422,rbergman,1,0.00036,43153,15.64087,275899
7423,RBLU,1,0.00036,43154,15.64123,275899
7424,r-browser-app-team,1,0.00036,43155,15.64159,275899
7425,rcabr,1,0.00036,43156,15.64196,275899
7426,rclai,1,0.00036,43157,15.64232,275899
7427,rclanan,1,0.00036,43158,15.64268,275899
7428,rcmurphy,1,0.00036,43159,15.64304,275899
7429,rcombs,1,0.00036,43160,15.64341,275899
7430,rdahbura,1,0.00036,43161,15.64377,275899
7431,rdela,1,0.00036,43162,15.64413,275899
7432,realbisoye,1,0.00036,43163,15.64449,275899
7433,realityforge,1,0.00036,43164,15.64486,275899
7434,realronchi,1,0.00036,43165,15.64522,275899
7435,red2678,1,0.00036,43166,15.64558,275899
7436,redeyes2015,1,0.00036,43167,15.64594,275899
7437,Redouane64,1,0.00036,43168,15.64631,275899
7438,RedTn,1,0.00036,43169,15.64667,275899
7439,reecefenwick,1,0.00036,43170,15.64703,275899
7440,reedfeng,1,0.00036,43171,15.64739,275899
7441,reinaldoarrosi,1,0.00036,43172,15.64776,275899
7442,reinhapa,1,0.00036,43173,15.64812,275899
7443,Relequestual,1,0.00036,43174,15.64848,275899
7444,rellect,1,0.00036,43175,15.64884,275899
7445,remcoros,1,0.00036,43176,15.64920,275899
7446,RemiBou,1,0.00036,43177,15.64957,275899
7447,remko,1,0.00036,43178,15.64993,275899
7448,renancaraujo,1,0.00036,43179,15.65029,275899
7449,renanpvaz,1,0.00036,43180,15.65065,275899
7450,renanvalentin,1,0.00036,43181,15.65102,275899
7451,renewooller,1,0.00036,43182,15.65138,275899
7452,renjithspace,1,0.00036,43183,15.65174,275899
7453,rentalhost,1,0.00036,43184,15.65210,275899
7454,reviewher,1,0.00036,43185,15.65247,275899
7455,revik,1,0.00036,43186,15.65283,275899
7456,revington,1,0.00036,43187,15.65319,275899
7457,rexxars,1,0.00036,43188,15.65355,275899
7458,rfreydi,1,0.00036,43189,15.65392,275899
7459,rgacogne,1,0.00036,43190,15.65428,275899
7460,rgarcia,1,0.00036,43191,15.65464,275899
7461,rgarifullin,1,0.00036,43192,15.65500,275899
7462,rgeraldporter,1,0.00036,43193,15.65537,275899
7463,rgoldberg,1,0.00036,43194,15.65573,275899
7464,rgoliveira,1,0.00036,43195,15.65609,275899
7465,rgra,1,0.00036,43196,15.65645,275899
7466,rgraffbrd,1,0.00036,43197,15.65682,275899
7467,rhagigi,1,0.00036,43198,15.65718,275899
7468,rhinoxi,1,0.00036,43199,15.65754,275899
7469,rhmoller,1,0.00036,43200,15.65790,275899
7470,rhysmccaig,1,0.00036,43201,15.65827,275899
7471,RIanDeLaCruz,1,0.00036,43202,15.65863,275899
7472,ricardogama,1,0.00036,43203,15.65899,275899
7473,richardfearn,1,0.00036,43204,15.65935,275899
7474,RichardLitt,1,0.00036,43205,15.65972,275899
7475,richardscarrott,1,0.00036,43206,15.66008,275899
7476,RickCraig,1,0.00036,43207,15.66044,275899
7477,ricksbrown,1,0.00036,43208,15.66080,275899
7478,rickyblaha,1,0.00036,43209,15.66117,275899
7479,rickyes,1,0.00036,43210,15.66153,275899
7480,rickyvetter,1,0.00036,43211,15.66189,275899
7481,rigdern,1,0.00036,43212,15.66225,275899
7482,rike422,1,0.00036,43213,15.66262,275899
7483,rise2semi,1,0.00036,43214,15.66298,275899
7484,rishabh-rajgarhia,1,0.00036,43215,15.66334,275899
7485,ritave,1,0.00036,43216,15.66370,275899
7486,riverspirit,1,0.00036,43217,15.66407,275899
7487,rivertam,1,0.00036,43218,15.66443,275899
7488,rjruizes,1,0.00036,43219,15.66479,275899
7489,rjxby,1,0.00036,43220,15.66515,275899
7490,rkusa,1,0.00036,43221,15.66552,275899
7491,rmariuzzo,1,0.00036,43222,15.66588,275899
7492,rmharrison,1,0.00036,43223,15.66624,275899
7493,RMHonor,1,0.00036,43224,15.66660,275899
7494,robahl,1,0.00036,43225,15.66697,275899
7495,robaxelsen,1,0.00036,43226,15.66733,275899
7496,robbiecloset,1,0.00036,43227,15.66769,275899
7497,RobDesideri,1,0.00036,43228,15.66805,275899
7498,robertmirro,1,0.00036,43229,15.66841,275899
7499,RobertRad,1,0.00036,43230,15.66878,275899
7500,RobertSmits,1,0.00036,43231,15.66914,275899
7501,robertswiecki,1,0.00036,43232,15.66950,275899
7502,robertzk,1,0.00036,43233,15.66986,275899
7503,robinkanters,1,0.00036,43234,15.67023,275899
7504,RobinStephenson,1,0.00036,43235,15.67059,275899
7505,roblourens,1,0.00036,43236,15.67095,275899
7506,RoboBurned,1,0.00036,43237,15.67131,275899
7507,robosek,1,0.00036,43238,15.67168,275899
7508,roboshoes,1,0.00036,43239,15.67204,275899
7509,robotdan,1,0.00036,43240,15.67240,275899
7510,RobRuana,1,0.00036,43241,15.67276,275899
7511,RoCat,1,0.00036,43242,15.67313,275899
7512,roccomuso,1,0.00036,43243,15.67349,275899
7513,rochestb,1,0.00036,43244,15.67385,275899
7514,rocketmonkeys,1,0.00036,43245,15.67421,275899
7515,rockymeza,1,0.00036,43246,15.67458,275899
7516,rodrigobdz,1,0.00036,43247,15.67494,275899
7517,RodrigoEspinosa,1,0.00036,43248,15.67530,275899
7518,rodrigopr,1,0.00036,43249,15.67566,275899
7519,roederja2,1,0.00036,43250,15.67603,275899
7520,roger2hk,1,0.00036,43251,15.67639,275899
7521,rolandasb,1,0.00036,43252,15.67675,275899
7522,RolfKoenders,1,0.00036,43253,15.67711,275899
7523,roman01la,1,0.00036,43254,15.67748,275899
7524,roman0yurin,1,0.00036,43255,15.67784,275899
7525,RomanHargrave,1,0.00036,43256,15.67820,275899
7526,RomanHotsiy,1,0.00036,43257,15.67856,275899
7527,roman-mazur,1,0.00036,43258,15.67893,275899
7528,romellogood,1,0.00036,43259,15.67929,275899
7529,romellogoodman,1,0.00036,43260,15.67965,275899
7530,romeovs,1,0.00036,43261,15.68001,275899
7531,RomeroMsk,1,0.00036,43262,15.68038,275899
7532,RonanC,1,0.00036,43263,15.68074,275899
7533,RonanDConnolly,1,0.00036,43264,15.68110,275899
7534,ronanww,1,0.00036,43265,15.68146,275899
7535,ronchifabricio,1,0.00036,43266,15.68183,275899
7536,RonnBlack,1,0.00036,43267,15.68219,275899
7537,rootsher,1,0.00036,43268,15.68255,275899
7538,rose,1,0.00036,43269,15.68291,275899
7539,roseperrone,1,0.00036,43270,15.68328,275899
7540,rossgardt,1,0.00036,43271,15.68364,275899
7541,rossslaney,1,0.00036,43272,15.68400,275899
7542,rostalevicek,1,0.00036,43273,15.68436,275899
7543,rosyatrandom,1,0.00036,43274,15.68473,275899
7544,rouanw,1,0.00036,43275,15.68509,275899
7545,roura356a,1,0.00036,43276,15.68545,275899
7546,rowantran,1,0.00036,43277,15.68581,275899
7547,royipressburger,1,0.00036,43278,15.68618,275899
7548,royling,1,0.00036,43279,15.68654,275899
7549,RoyLING,1,0.00036,43280,15.68690,275899
7550,roymiloh,1,0.00036,43281,15.68726,275899
7551,royteeuwen,1,0.00036,43282,15.68762,275899
7552,rpaterson,1,0.00036,43283,15.68799,275899
7553,rpmcdougall,1,0.00036,43284,15.68835,275899
7554,rpocklin,1,0.00036,43285,15.68871,275899
7555,rpominov,1,0.00036,43286,15.68907,275899
7556,rralian,1,0.00036,43287,15.68944,275899
7557,rreusser,1,0.00036,43288,15.68980,275899
7558,rssteffey,1,0.00036,43289,15.69016,275899
7559,rszalski,1,0.00036,43290,15.69052,275899
7560,rtfpessoa,1,0.00036,43291,15.69089,275899
7561,rtsao,1,0.00036,43292,15.69125,275899
7562,rubennorte,1,0.00036,43293,15.69161,275899
7563,rubycut,1,0.00036,43294,15.69197,275899
7564,ruimarques,1,0.00036,43295,15.69234,275899
7565,Runrioter,1,0.00036,43296,15.69270,275899
7566,ruphin,1,0.00036,43297,15.69306,275899
7567,RuslanPopenko,1,0.00036,43298,15.69342,275899
7568,ruslansennov,1,0.00036,43299,15.69379,275899
7569,russellpwirtz,1,0.00036,43300,15.69415,275899
7570,RussKeldorph,1,0.00036,43301,15.69451,275899
7571,rvanlaak,1,0.00036,43302,15.69487,275899
7572,rvolgers,1,0.00036,43303,15.69524,275899
7573,rwaltenberg,1,0.00036,43304,15.69560,275899
7574,rwieruch,1,0.00036,43305,15.69596,275899
7575,rwjblue,1,0.00036,43306,15.69632,275899
7576,rwky,1,0.00036,43307,15.69669,275899
7577,ry8806,1,0.00036,43308,15.69705,275899
7578,ryancyq,1,0.00036,43309,15.69741,275899
7579,ryandivis,1,0.00036,43310,15.69777,275899
7580,ryaninvents,1,0.00036,43311,15.69814,275899
7581,ryanthara,1,0.00036,43312,15.69850,275899
7582,ryanwholey,1,0.00036,43313,15.69886,275899
7583,ryan-williams,1,0.00036,43314,15.69922,275899
7584,rybon,1,0.00036,43315,15.69959,275899
7585,ryota-murakami,1,0.00036,43316,15.69995,275899
7586,ryouaki,1,0.00036,43317,15.70031,275899
7587,RytisLT,1,0.00036,43318,15.70067,275899
7588,s2-abdo,1,0.00036,43319,15.70104,275899
7589,s4nk,1,0.00036,43320,15.70140,275899
7590,saadq,1,0.00036,43321,15.70176,275899
7591,saagarjha,1,0.00036,43322,15.70212,275899
7592,Sabartius,1,0.00036,43323,15.70249,275899
7593,saboya,1,0.00036,43324,15.70285,275899
7594,Sacret,1,0.00036,43325,15.70321,275899
7595,sadhen,1,0.00036,43326,15.70357,275899
7596,SaeedPrez,1,0.00036,43327,15.70394,275899
7597,sagar-shah94,1,0.00036,43328,15.70430,275899
7598,saifelse,1,0.00036,43329,15.70466,275899
7599,saiyagg,1,0.00036,43330,15.70502,275899
7600,sajadtorkamani,1,0.00036,43331,15.70538,275899
7601,sakinac,1,0.00036,43332,15.70575,275899
7602,sakoh,1,0.00036,43333,15.70611,275899
7603,salyh,1,0.00036,43334,15.70647,275899
7604,salzhrani,1,0.00036,43335,15.70683,275899
7605,sam09,1,0.00036,43336,15.70720,275899
7606,sam918,1,0.00036,43337,15.70756,275899
7607,sambev,1,0.00036,43338,15.70792,275899
7608,samdenty,1,0.00036,43339,15.70828,275899
7609,samerbuna,1,0.00036,43340,15.70865,275899
7610,samertm,1,0.00036,43341,15.70901,275899
7611,samherrmann,1,0.00036,43342,15.70937,275899
7612,SamHH,1,0.00036,43343,15.70973,275899
7613,samjross,1,0.00036,43344,15.71010,275899
7614,samkline,1,0.00036,43345,15.71046,275899
7615,samliebow,1,0.00036,43346,15.71082,275899
7616,sammyhk,1,0.00036,43347,15.71118,275899
7617,samneirinck,1,0.00036,43348,15.71155,275899
7618,samrap,1,0.00036,43349,15.71191,275899
7619,Samsy,1,0.00036,43350,15.71227,275899
7620,samtheson,1,0.00036,43351,15.71263,275899
7621,samverneck,1,0.00036,43352,15.71300,275899
7622,sandro-pasquali,1,0.00036,43353,15.71336,275899
7623,sandwichsudo,1,0.00036,43354,15.71372,275899
7624,Sanjo,1,0.00036,43355,15.71408,275899
7625,sanniassin,1,0.00036,43356,15.71445,275899
7626,santiagoaguiar,1,0.00036,43357,15.71481,275899
7627,santiagocanti,1,0.00036,43358,15.71517,275899
7628,santiph,1,0.00036,43359,15.71553,275899
7629,sarangjo,1,0.00036,43360,15.71590,275899
7630,sarbbottam,1,0.00036,43361,15.71626,275899
7631,SargoDarya,1,0.00036,43362,15.71662,275899
7632,sashashakun,1,0.00036,43363,15.71698,275899
7633,sasivishnu,1,0.00036,43364,15.71735,275899
7634,sassquad,1,0.00036,43365,15.71771,275899
7635,satansk,1,0.00036,43366,15.71807,275899
7636,satta,1,0.00036,43367,15.71843,275899
7637,saulotoledo,1,0.00036,43368,15.71880,275899
7638,savardc,1,0.00036,43369,15.71916,275899
7639,SavePointSam,1,0.00036,43370,15.71952,275899
7640,sa-wilson,1,0.00036,43371,15.71988,275899
7641,sbaechler,1,0.00036,43372,15.72025,275899
7642,sbaudray,1,0.00036,43373,15.72061,275899
7643,sbauer322,1,0.00036,43374,15.72097,275899
7644,sbezludny,1,0.00036,43375,15.72133,275899
7645,sbley,1,0.00036,43376,15.72170,275899
7646,sbrl,1,0.00036,43377,15.72206,275899
7647,ScaldingBlood,1,0.00036,43378,15.72242,275899
7648,schliflo,1,0.00036,43379,15.72278,275899
7649,schmuli,1,0.00036,43380,15.72315,275899
7650,SchnWalter,1,0.00036,43381,15.72351,275899
7651,Schreini,1,0.00036,43382,15.72387,275899
7652,scottburch,1,0.00036,43383,15.72423,275899
7653,scottdomes,1,0.00036,43384,15.72459,275899
7654,Scoup,1,0.00036,43385,15.72496,275899
7655,Scoutski,1,0.00036,43386,15.72532,275899
7656,ScriptSmith,1,0.00036,43387,15.72568,275899
7657,sdecandelario,1,0.00036,43388,15.72604,275899
7658,sdtsui,1,0.00036,43389,15.72641,275899
7659,sduquej,1,0.00036,43390,15.72677,275899
7660,sdwebster,1,0.00036,43391,15.72713,275899
7661,seangransee,1,0.00036,43392,15.72749,275899
7662,SeanGroff,1,0.00036,43393,15.72786,275899
7663,seanharr11,1,0.00036,43394,15.72822,275899
7664,searls,1,0.00036,43395,15.72858,275899
7665,sebasrp,1,0.00036,43396,15.72894,275899
7666,sebastiandeutsch,1,0.00036,43397,15.72931,275899
7667,SebastianM,1,0.00036,43398,15.72967,275899
7668,SebastianOsuna,1,0.00036,43399,15.73003,275899
7669,sebastienpl,1,0.00036,43400,15.73039,275899
7670,sec,1,0.00036,43401,15.73076,275899
7671,sedovsek,1,0.00036,43402,15.73112,275899
7672,seekshiva,1,0.00036,43403,15.73148,275899
7673,sehrope,1,0.00036,43404,15.73184,275899
7674,seiyria,1,0.00036,43405,15.73221,275899
7675,Seldaek,1,0.00036,43406,15.73257,275899
7676,sengelha,1,0.00036,43407,15.73293,275899
7677,seokju-other,1,0.00036,43408,15.73329,275899
7678,seratch,1,0.00036,43409,15.73366,275899
7679,serchavalos,1,0.00036,43410,15.73402,275899
7680,sergeir82,1,0.00036,43411,15.73438,275899
7681,sergei-zelinsky,1,0.00036,43412,15.73474,275899
7682,sergejmueller,1,0.00036,43413,15.73511,275899
7683,sergiopantoja,1,0.00036,43414,15.73547,275899
7684,seritools,1,0.00036,43415,15.73583,275899
7685,serozaki,1,0.00036,43416,15.73619,275899
7686,sethcardoza,1,0.00036,43417,15.73656,275899
7687,seyDoggy,1,0.00036,43418,15.73692,275899
7688,sfrieson,1,0.00036,43419,15.73728,275899
7689,sgaliamov,1,0.00036,43420,15.73764,275899
7690,sgorsh,1,0.00036,43421,15.73801,275899
7691,sh3ev,1,0.00036,43422,15.73837,275899
7692,shabanovd,1,0.00036,43423,15.73873,275899
7693,shadaj,1,0.00036,43424,15.73909,275899
7694,s-h-a-d-o-w,1,0.00036,43425,15.73946,275899
7695,Shadow53,1,0.00036,43426,15.73982,275899
7696,shadow-cs,1,0.00036,43427,15.74018,275899
7697,shaggygi,1,0.00036,43428,15.74054,275899
7698,shahmeet999,1,0.00036,43429,15.74091,275899
7699,ShaishavGandhi,1,0.00036,43430,15.74127,275899
7700,shakib609,1,0.00036,43431,15.74163,275899
7701,shakyShane,1,0.00036,43432,15.74199,275899
7702,shankarshastri,1,0.00036,43433,15.74235,275899
7703,sharkbrainguy,1,0.00036,43434,15.74272,275899
7704,sharpmachine,1,0.00036,43435,15.74308,275899
7705,Shashwat986,1,0.00036,43436,15.74344,275899
7706,shavipathania,1,0.00036,43437,15.74380,275899
7707,shawninder,1,0.00036,43438,15.74417,275899
7708,shawnmclean,1,0.00036,43439,15.74453,275899
7709,shenqioa,1,0.00036,43440,15.74489,275899
7710,shergin,1,0.00036,43441,15.74525,275899
7711,shifengchen,1,0.00036,43442,15.74562,275899
7712,ShiFengChen,1,0.00036,43443,15.74598,275899
7713,shigi,1,0.00036,43444,15.74634,275899
7714,shirshak55,1,0.00036,43445,15.74670,275899
7715,shlomif,1,0.00036,43446,15.74707,275899
7716,shoma,1,0.00036,43447,15.74743,275899
7717,shortspider,1,0.00036,43448,15.74779,275899
7718,shubhamgautam,1,0.00036,43449,15.74815,275899
7719,shubhamranjan,1,0.00036,43450,15.74852,275899
7720,shumsky,1,0.00036,43451,15.74888,275899
7721,shutdown256,1,0.00036,43452,15.74924,275899
7722,shvaikalesh,1,0.00036,43453,15.74960,275899
7723,sialcasa,1,0.00036,43454,15.74997,275899
7724,siamak,1,0.00036,43455,15.75033,275899
7725,sibStephen,1,0.00036,43456,15.75069,275899
7726,sichbo,1,0.00036,43457,15.75105,275899
7727,SiddAjmera,1,0.00036,43458,15.75142,275899
7728,siddii,1,0.00036,43459,15.75178,275899
7729,SidTheEngineer,1,0.00036,43460,15.75214,275899
7730,siebrand,1,0.00036,43461,15.75250,275899
7731,Siegrift,1,0.00036,43462,15.75287,275899
7732,sigurdga,1,0.00036,43463,15.75323,275899
7733,Silthus,1,0.00036,43464,15.75359,275899
7734,silvermanj7,1,0.00036,43465,15.75395,275899
7735,silvestrijonathan,1,0.00036,43466,15.75432,275899
7736,simeg,1,0.00036,43467,15.75468,275899
7737,simison,1,0.00036,43468,15.75504,275899
7738,simonewebdesign,1,0.00036,43469,15.75540,275899
7739,simongareste,1,0.00036,43470,15.75577,275899
7740,simonratner,1,0.00036,43471,15.75613,275899
7741,simplejackcoder,1,0.00036,43472,15.75649,275899
7742,simpulton,1,0.00036,43473,15.75685,275899
7743,siriak,1,0.00036,43474,15.75722,275899
7744,sirkadirov,1,0.00036,43475,15.75758,275899
7745,sivagao,1,0.00036,43476,15.75794,275899
7746,skeggse,1,0.00036,43477,15.75830,275899
7747,skjolber,1,0.00036,43478,15.75867,275899
7748,skotniczny,1,0.00036,43479,15.75903,275899
7749,skovy,1,0.00036,43480,15.75939,275899
7750,Skovy,1,0.00036,43481,15.75975,275899
7751,skrobinson,1,0.00036,43482,15.76012,275899
7752,skyline-123,1,0.00036,43483,15.76048,275899
7753,skyzyx,1,0.00036,43484,15.76084,275899
7754,slavanga,1,0.00036,43485,15.76120,275899
7755,sliceofbytes,1,0.00036,43486,15.76156,275899
7756,slim-hmidi,1,0.00036,43487,15.76193,275899
7757,slinlee,1,0.00036,43488,15.76229,275899
7758,slothspot,1,0.00036,43489,15.76265,275899
7759,Slowyn,1,0.00036,43490,15.76301,275899
7760,slozier,1,0.00036,43491,15.76338,275899
7761,smaant,1,0.00036,43492,15.76374,275899
7762,smaclell,1,0.00036,43493,15.76410,275899
7763,smartftp,1,0.00036,43494,15.76446,275899
7764,smelukov,1,0.00036,43495,15.76483,275899
7765,Smert,1,0.00036,43496,15.76519,275899
7766,smockle,1,0.00036,43497,15.76555,275899
7767,smondal,1,0.00036,43498,15.76591,275899
7768,smurphy333,1,0.00036,43499,15.76628,275899
7769,smusali,1,0.00036,43500,15.76664,275899
7770,SMUsamaShah,1,0.00036,43501,15.76700,275899
7771,snater,1,0.00036,43502,15.76736,275899
7772,snood1205,1,0.00036,43503,15.76773,275899
7773,snuggs,1,0.00036,43504,15.76809,275899
7774,snyamathi,1,0.00036,43505,15.76845,275899
7775,softcraft-development,1,0.00036,43506,15.76881,275899
7776,soheilpro,1,0.00036,43507,15.76918,275899
7777,sokolovstas,1,0.00036,43508,15.76954,275899
7778,sokra,1,0.00036,43509,15.76990,275899
7779,soldair,1,0.00036,43510,15.77026,275899
7780,solzimer,1,0.00036,43511,15.77063,275899
7781,SomeoneWeird,1,0.00036,43512,15.77099,275899
7782,sondrele,1,0.00036,43513,15.77135,275899
7783,songawee,1,0.00036,43514,15.77171,275899
7784,sophiegit,1,0.00036,43515,15.77208,275899
7785,Sornelo,1,0.00036,43516,15.77244,275899
7786,sothawo,1,0.00036,43517,15.77280,275899
7787,sottar,1,0.00036,43518,15.77316,275899
7788,Souhail-5,1,0.00036,43519,15.77353,275899
7789,sowcow,1,0.00036,43520,15.77389,275899
7790,spacebeers,1,0.00036,43521,15.77425,275899
7791,SpainTrain,1,0.00036,43522,15.77461,275899
7792,SpartaSixZero,1,0.00036,43523,15.77498,275899
7793,speedskater,1,0.00036,43524,15.77534,275899
7794,spegelref,1,0.00036,43525,15.77570,275899
7795,spen,1,0.00036,43526,15.77606,275899
7796,sphire,1,0.00036,43527,15.77643,275899
7797,Spikef,1,0.00036,43528,15.77679,275899
7798,spinfooser,1,0.00036,43529,15.77715,275899
7799,spirosikmd,1,0.00036,43530,15.77751,275899
7800,splintercode,1,0.00036,43531,15.77788,275899
7801,sprockow,1,0.00036,43532,15.77824,275899
7802,spshant,1,0.00036,43533,15.77860,275899
7803,sputier,1,0.00036,43534,15.77896,275899
7804,srcdes,1,0.00036,43535,15.77933,275899
7805,sriggin,1,0.00036,43536,15.77969,275899
7806,srittau,1,0.00036,43537,15.78005,275899
7807,srn,1,0.00036,43538,15.78041,275899
7808,srph,1,0.00036,43539,15.78077,275899
7809,ss18,1,0.00036,43540,15.78114,275899
7810,sschueller,1,0.00036,43541,15.78150,275899
7811,ssupdoc,1,0.00036,43542,15.78186,275899
7812,stam,1,0.00036,43543,15.78222,275899
7813,Standard8,1,0.00036,43544,15.78259,275899
7814,stasmaxymov,1,0.00036,43545,15.78295,275899
7815,stefan-staynov,1,0.00036,43546,15.78331,275899
7816,steffenweber,1,0.00036,43547,15.78367,275899
7817,StefMa,1,0.00036,43548,15.78404,275899
7818,steida,1,0.00036,43549,15.78440,275899
7819,stephan281094,1,0.00036,43550,15.78476,275899
7820,stephantabor,1,0.00036,43551,15.78512,275899
7821,stephan-v,1,0.00036,43552,15.78549,275899
7822,StephenCleary,1,0.00036,43553,15.78585,275899
7823,stephengroat,1,0.00036,43554,15.78621,275899
7824,stephennancekivell,1,0.00036,43555,15.78657,275899
7825,stephen-puiszis,1,0.00036,43556,15.78694,275899
7826,stephenreddek,1,0.00036,43557,15.78730,275899
7827,stephlag,1,0.00036,43558,15.78766,275899
7828,SteveAndrewArcher,1,0.00036,43559,15.78802,275899
7829,stevedesmond-ca,1,0.00036,43560,15.78839,275899
7830,steveklabnik,1,0.00036,43561,15.78875,275899
7831,stevenbenitez,1,0.00036,43562,15.78911,275899
7832,StevenHeinrich,1,0.00036,43563,15.78947,275899
7833,stevenp,1,0.00036,43564,15.78984,275899
7834,stevenschlansker,1,0.00036,43565,15.79020,275899
7835,stevenw,1,0.00036,43566,15.79056,275899
7836,SteveShaffer,1,0.00036,43567,15.79092,275899
7837,steve-taylor,1,0.00036,43568,15.79129,275899
7838,SteveVanOpstal,1,0.00036,43569,15.79165,275899
7839,steveyken,1,0.00036,43570,15.79201,275899
7840,StewPoll,1,0.00036,43571,15.79237,275899
7841,sth,1,0.00036,43572,15.79274,275899
7842,stkb,1,0.00036,43573,15.79310,275899
7843,stof,1,0.00036,43574,15.79346,275899
7844,stonio,1,0.00036,43575,15.79382,275899
7845,stovocor,1,0.00036,43576,15.79419,275899
7846,stoyandimov,1,0.00036,43577,15.79455,275899
7847,strajkovmsft,1,0.00036,43578,15.79491,275899
7848,straker,1,0.00036,43579,15.79527,275899
7849,strayobject,1,0.00036,43580,15.79564,275899
7850,sttk,1,0.00036,43581,15.79600,275899
7851,stuartsan,1,0.00036,43582,15.79636,275899
7852,studyjan,1,0.00036,43583,15.79672,275899
7853,subzey,1,0.00036,43584,15.79709,275899
7854,Suchiman,1,0.00036,43585,15.79745,275899
7855,suchipi,1,0.00036,43586,15.79781,275899
7856,sudodoki,1,0.00036,43587,15.79817,275899
7857,sugarshin,1,0.00036,43588,15.79853,275899
7858,sukjae,1,0.00036,43589,15.79890,275899
7859,sullis,1,0.00036,43590,15.79926,275899
7860,sumanla13a,1,0.00036,43591,15.79962,275899
7861,sumanvyj,1,0.00036,43592,15.79998,275899
7862,sunorry,1,0.00036,43593,15.80035,275899
7863,sunshineKE,1,0.00036,43594,15.80071,275899
7864,Superpencil,1,0.00036,43595,15.80107,275899
7865,suvjunmd,1,0.00036,43596,15.80143,275899
7866,svatsan,1,0.00036,43597,15.80180,275899
7867,svenheden,1,0.00036,43598,15.80216,275899
7868,sventschui,1,0.00036,43599,15.80252,275899
7869,svenvarkel,1,0.00036,43600,15.80288,275899
7870,sverrejoh,1,0.00036,43601,15.80325,275899
7871,svetlyak40wt,1,0.00036,43602,15.80361,275899
7872,svi3c,1,0.00036,43603,15.80397,275899
7873,SwamWithTurtles,1,0.00036,43604,15.80433,275899
7874,swestwood,1,0.00036,43605,15.80470,275899
7875,SwooshyCueb,1,0.00036,43606,15.80506,275899
7876,swrobel,1,0.00036,43607,15.80542,275899
7877,s-yadav,1,0.00036,43608,15.80578,275899
7878,sylveon,1,0.00036,43609,15.80615,275899
7879,sYnfo,1,0.00036,43610,15.80651,275899
7880,Syrok,1,0.00036,43611,15.80687,275899
7881,szastupov,1,0.00036,43612,15.80723,275899
7882,szedlakmate,1,0.00036,43613,15.80760,275899
7883,szepeviktor,1,0.00036,43614,15.80796,275899
7884,szhu,1,0.00036,43615,15.80832,275899
7885,szwacz,1,0.00036,43616,15.80868,275899
7886,szymonkups,1,0.00036,43617,15.80905,275899
7887,tag,1,0.00036,43618,15.80941,275899
7888,taku0,1,0.00036,43619,15.80977,275899
7889,TalAter,1,0.00036,43620,15.81013,275899
7890,talgautb,1,0.00036,43621,15.81050,275899
7891,talum,1,0.00036,43622,15.81086,275899
7892,tanyabrassie,1,0.00036,43623,15.81122,275899
7893,tareqhs,1,0.00036,43624,15.81158,275899
7894,tarrow,1,0.00036,43625,15.81195,275899
7895,TATDK,1,0.00036,43626,15.81231,275899
7896,TautvydasZilys,1,0.00036,43627,15.81267,275899
7897,taylorhutchison,1,0.00036,43628,15.81303,275899
7898,tbartley,1,0.00036,43629,15.81340,275899
7899,tbepdb,1,0.00036,43630,15.81376,275899
7900,tdg5,1,0.00036,43631,15.81412,275899
7901,tdhooper,1,0.00036,43632,15.81448,275899
7902,tdupont750,1,0.00036,43633,15.81485,275899
7903,tdzienniak,1,0.00036,43634,15.81521,275899
7904,teabyii,1,0.00036,43635,15.81557,275899
7905,teameh,1,0.00036,43636,15.81593,275899
7906,TechDimension,1,0.00036,43637,15.81630,275899
7907,TechQuery,1,0.00036,43638,15.81666,275899
7908,teeram,1,0.00036,43639,15.81702,275899
7909,tehapo,1,0.00036,43640,15.81738,275899
7910,teldosas,1,0.00036,43641,15.81774,275899
7911,teleaziz,1,0.00036,43642,15.81811,275899
7912,temega,1,0.00036,43643,15.81847,275899
7913,tendant,1,0.00036,43644,15.81883,275899
7914,tengis,1,0.00036,43645,15.81919,275899
7915,teosz,1,0.00036,43646,15.81956,275899
7916,TepigMC,1,0.00036,43647,15.81992,275899
7917,terrawheat,1,0.00036,43648,15.82028,275899
7918,terry3,1,0.00036,43649,15.82064,275899
7919,testcenter,1,0.00036,43650,15.82101,275899
7920,testfirstcoder,1,0.00036,43651,15.82137,275899
7921,Tetsuya3850,1,0.00036,43652,15.82173,275899
7922,tetv,1,0.00036,43653,15.82209,275899
7923,teunw,1,0.00036,43654,15.82246,275899
7924,texasbruce,1,0.00036,43655,15.82282,275899
7925,tgallacher,1,0.00036,43656,15.82318,275899
7926,th0r,1,0.00036,43657,15.82354,275899
7927,th507,1,0.00036,43658,15.82391,275899
7928,ThaddeusJiang,1,0.00036,43659,15.82427,275899
7929,tharunjose,1,0.00036,43660,15.82463,275899
7930,thatJavaNerd,1,0.00036,43661,15.82499,275899
7931,thattanmay,1,0.00036,43662,15.82536,275899
7932,thbt,1,0.00036,43663,15.82572,275899
7933,theawesomenayak,1,0.00036,43664,15.82608,275899
7934,thebergamo,1,0.00036,43665,15.82644,275899
7935,TheBusCantSwim,1,0.00036,43666,15.82681,275899
7936,thechutrain,1,0.00036,43667,15.82717,275899
7937,theely,1,0.00036,43668,15.82753,275899
7938,thefliik,1,0.00036,43669,15.82789,275899
7939,theHasanas,1,0.00036,43670,15.82826,275899
7940,thehungrycoder,1,0.00036,43671,15.82862,275899
7941,TheIke,1,0.00036,43672,15.82898,275899
7942,theimowski,1,0.00036,43673,15.82934,275899
7943,TheInnerParty,1,0.00036,43674,15.82971,275899
7944,TheJaredWilcurt,1,0.00036,43675,15.83007,275899
7945,theJian,1,0.00036,43676,15.83043,275899
7946,theKashey,1,0.00036,43677,15.83079,275899
7947,thekeenant,1,0.00036,43678,15.83116,275899
7948,thekevlau,1,0.00036,43679,15.83152,275899
7949,TheLastAlly,1,0.00036,43680,15.83188,275899
7950,thepont,1,0.00036,43681,15.83224,275899
7951,therealklanni,1,0.00036,43682,15.83261,275899
7952,Theriault,1,0.00036,43683,15.83297,275899
7953,theromis,1,0.00036,43684,15.83333,275899
7954,TheSharpieOne,1,0.00036,43685,15.83369,275899
7955,the-simian,1,0.00036,43686,15.83406,275899
7956,the-vampiire,1,0.00036,43687,15.83442,275899
7957,thewarpaint,1,0.00036,43688,15.83478,275899
7958,thewilly,1,0.00036,43689,15.83514,275899
7959,thezerobit,1,0.00036,43690,15.83551,275899
7960,thezim,1,0.00036,43691,15.83587,275899
7961,thg303,1,0.00036,43692,15.83623,275899
7962,thiagoh,1,0.00036,43693,15.83659,275899
7963,thiagopaiva99,1,0.00036,43694,15.83695,275899
7964,thibaultmeyer,1,0.00036,43695,15.83732,275899
7965,thibautRe,1,0.00036,43696,15.83768,275899
7966,Thiez,1,0.00036,43697,15.83804,275899
7967,thinker3197,1,0.00036,43698,15.83840,275899
7968,Third9,1,0.00036,43699,15.83877,275899
7969,thisconnect,1,0.00036,43700,15.83913,275899
7970,ThisNameWasTaken,1,0.00036,43701,15.83949,275899
7971,thisRaptori,1,0.00036,43702,15.83985,275899
7972,thodorisbais,1,0.00036,43703,15.84022,275899
7973,thoger,1,0.00036,43704,15.84058,275899
7974,thokrae,1,0.00036,43705,15.84094,275899
7975,thomas-klambauer,1,0.00036,43706,15.84130,275899
7976,ThomasSimoens,1,0.00036,43707,15.84167,275899
7977,thomasyimgit,1,0.00036,43708,15.84203,275899
7978,thommymo,1,0.00036,43709,15.84239,275899
7979,thoughtpalette,1,0.00036,43710,15.84275,275899
7980,thoys,1,0.00036,43711,15.84312,275899
7981,ThrawnCA,1,0.00036,43712,15.84348,275899
7982,thtg88,1,0.00036,43713,15.84384,275899
7983,TiagoDanin,1,0.00036,43714,15.84420,275899
7984,tiangolo,1,0.00036,43715,15.84457,275899
7985,tianyin,1,0.00036,43716,15.84493,275899
7986,tidusjar,1,0.00036,43717,15.84529,275899
7987,Tidyzq,1,0.00036,43718,15.84565,275899
7988,tierfire,1,0.00036,43719,15.84602,275899
7989,TillaTheHun0,1,0.00036,43720,15.84638,275899
7990,timbell,1,0.00036,43721,15.84674,275899
7991,TimeBomb,1,0.00036,43722,15.84710,275899
7992,Timer,1,0.00036,43723,15.84747,275899
7993,timfish,1,0.00036,43724,15.84783,275899
7994,timjk,1,0.00036,43725,15.84819,275899
7995,TimJohns,1,0.00036,43726,15.84855,275899
7996,timkindberg,1,0.00036,43727,15.84892,275899
7997,timlesallen,1,0.00036,43728,15.84928,275899
7998,TimonVS,1,0.00036,43729,15.84964,275899
7999,timotei,1,0.00036,43730,15.85000,275899
8000,timotheeg,1,0.00036,43731,15.85037,275899
8001,TimothyKrell,1,0.00036,43732,15.85073,275899
8002,timoweiss,1,0.00036,43733,15.85109,275899
8003,timuric,1,0.00036,43734,15.85145,275899
8004,TimvdEijnden,1,0.00036,43735,15.85182,275899
8005,TimWSpence,1,0.00036,43736,15.85218,275899
8006,tim-zh,1,0.00036,43737,15.85254,275899
8007,TimZhang0926,1,0.00036,43738,15.85290,275899
8008,tingstad,1,0.00036,43739,15.85327,275899
8009,Titozzz,1,0.00036,43740,15.85363,275899
8010,tiwarivikash,1,0.00036,43741,15.85399,275899
8011,tj,1,0.00036,43742,15.85435,275899
8012,t-j-h,1,0.00036,43743,15.85471,275899
8013,tjmehta,1,0.00036,43744,15.85508,275899
8014,tjwallace,1,0.00036,43745,15.85544,275899
8015,tjwebb,1,0.00036,43746,15.85580,275899
8016,tjwudi,1,0.00036,43747,15.85616,275899
8017,tkopczuk,1,0.00036,43748,15.85653,275899
8018,tkp1n,1,0.00036,43749,15.85689,275899
8019,tkrugg,1,0.00036,43750,15.85725,275899
8020,tkshnwesper,1,0.00036,43751,15.85761,275899
8021,tlancina,1,0.00036,43752,15.85798,275899
8022,tlantz,1,0.00036,43753,15.85834,275899
8023,tlk,1,0.00036,43754,15.85870,275899
8024,tlrx,1,0.00036,43755,15.85906,275899
8025,TMiNus,1,0.00036,43756,15.85943,275899
8026,tmousaw-ptc,1,0.00036,43757,15.85979,275899
8027,tmybr11,1,0.00036,43758,15.86015,275899
8028,tmysz,1,0.00036,43759,15.86051,275899
8029,tnga,1,0.00036,43760,15.86088,275899
8030,tnunes,1,0.00036,43761,15.86124,275899
8031,tobarja,1,0.00036,43762,15.86160,275899
8032,TobiTonner,1,0.00036,43763,15.86196,275899
8033,tobyee,1,0.00036,43764,15.86233,275899
8034,toddobryan,1,0.00036,43765,15.86269,275899
8035,todoubaba,1,0.00036,43766,15.86305,275899
8036,tom5760,1,0.00036,43767,15.86341,275899
8037,tomalec,1,0.00036,43768,15.86378,275899
8038,tomap,1,0.00036,43769,15.86414,275899
8039,tomarad,1,0.00036,43770,15.86450,275899
8040,tomaschyly,1,0.00036,43771,15.86486,275899
8041,tomasisonfire,1,0.00036,43772,15.86523,275899
8042,tomduncalf,1,0.00036,43773,15.86559,275899
8043,tomergg,1,0.00036,43774,15.86595,275899
8044,tomfuertes,1,0.00036,43775,15.86631,275899
8045,tomjridge,1,0.00036,43776,15.86668,275899
8046,TomK32,1,0.00036,43777,15.86704,275899
8047,tommagnusson,1,0.00036,43778,15.86740,275899
8048,tomoyukikashiro,1,0.00036,43779,15.86776,275899
8049,tomquirk,1,0.00036,43780,15.86813,275899
8050,Tomschi,1,0.00036,43781,15.86849,275899
8051,tomvlk,1,0.00036,43782,15.86885,275899
8052,TomyJaya,1,0.00036,43783,15.86921,275899
8053,tony99nyr,1,0.00036,43784,15.86958,275899
8054,tonybaloney,1,0.00036,43785,15.86994,275899
8055,tonyhallett,1,0.00036,43786,15.87030,275899
8056,tonyspiro,1,0.00036,43787,15.87066,275899
8057,tordans,1,0.00036,43788,15.87103,275899
8058,Torwori,1,0.00036,43789,15.87139,275899
8059,toshiD,1,0.00036,43790,15.87175,275899
8060,toshihidetagami,1,0.00036,43791,15.87211,275899
8061,toubou91,1,0.00036,43792,15.87248,275899
8062,tpolecat,1,0.00036,43793,15.87284,275899
8063,TracyGJG,1,0.00036,43794,15.87320,275899
8064,translucens,1,0.00036,43795,15.87356,275899
8065,travishohl,1,0.00036,43796,15.87392,275899
8066,trentclowater,1,0.00036,43797,15.87429,275899
8067,Treora,1,0.00036,43798,15.87465,275899
8068,trevorsmith,1,0.00036,43799,15.87501,275899
8069,tribou,1,0.00036,43800,15.87537,275899
8070,trickford,1,0.00036,43801,15.87574,275899
8071,trierra,1,0.00036,43802,15.87610,275899
8072,triggerNZ,1,0.00036,43803,15.87646,275899
8073,trivikr,1,0.00036,43804,15.87682,275899
8074,trodrigues,1,0.00036,43805,15.87719,275899
8075,troeggla,1,0.00036,43806,15.87755,275899
8076,TRowbotham,1,0.00036,43807,15.87791,275899
8077,troyastorino,1,0.00036,43808,15.87827,275899
8078,trshafer,1,0.00036,43809,15.87864,275899
8079,truckingsim,1,0.00036,43810,15.87900,275899
8080,truelixin,1,0.00036,43811,15.87936,275899
8081,truongduy134,1,0.00036,43812,15.87972,275899
8082,trusktr,1,0.00036,43813,15.88009,275899
8083,tsing,1,0.00036,43814,15.88045,275899
8084,tsjost,1,0.00036,43815,15.88081,275899
8085,ttulka,1,0.00036,43816,15.88117,275899
8086,tuespetre,1,0.00036,43817,15.88154,275899
8087,tugh,1,0.00036,43818,15.88190,275899
8088,tugrul,1,0.00036,43819,15.88226,275899
8089,TundraFizz,1,0.00036,43820,15.88262,275899
8090,turbanoff,1,0.00036,43821,15.88299,275899
8091,TurtleShip,1,0.00036,43822,15.88335,275899
8092,tuurbo,1,0.00036,43823,15.88371,275899
8093,tvillaluz,1,0.00036,43824,15.88407,275899
8094,twilker,1,0.00036,43825,15.88444,275899
8095,twillouer,1,0.00036,43826,15.88480,275899
8096,twiss,1,0.00036,43827,15.88516,275899
8097,twk-b,1,0.00036,43828,15.88552,275899
8098,twlkyao,1,0.00036,43829,15.88589,275899
8099,twogood,1,0.00036,43830,15.88625,275899
8100,TylerDixon,1,0.00036,43831,15.88661,275899
8101,tyleriguchi,1,0.00036,43832,15.88697,275899
8102,tymlipari,1,0.00036,43833,15.88734,275899
8103,typytype,1,0.00036,43834,15.88770,275899
8104,Tyriar,1,0.00036,43835,15.88806,275899
8105,tyrw,1,0.00036,43836,15.88842,275899
8106,tzvipm,1,0.00036,43837,15.88879,275899
8107,uday4vunnam,1,0.00036,43838,15.88915,275899
8108,udayvunnam,1,0.00036,43839,15.88951,275899
8109,ueg1990,1,0.00036,43840,15.88987,275899
8110,ueshin,1,0.00036,43841,15.89024,275899
8111,ufcpp,1,0.00036,43842,15.89060,275899
8112,ufologist,1,0.00036,43843,15.89096,275899
8113,uhhhh2,1,0.00036,43844,15.89132,275899
8114,ukreator,1,0.00036,43845,15.89169,275899
8115,ulope,1,0.00036,43846,15.89205,275899
8116,ultrafez,1,0.00036,43847,15.89241,275899
8117,umberbeard,1,0.00036,43848,15.89277,275899
8118,umcodemonkey,1,0.00036,43849,15.89313,275899
8119,undirectlookable,1,0.00036,43850,15.89350,275899
8120,unframework,1,0.00036,43851,15.89386,275899
8121,Unit03,1,0.00036,43852,15.89422,275899
8122,unlimitedsola,1,0.00036,43853,15.89458,275899
8123,unlucio,1,0.00036,43854,15.89495,275899
8124,unRob,1,0.00036,43855,15.89531,275899
8125,unstubbable,1,0.00036,43856,15.89567,275899
8126,up9cloud,1,0.00036,43857,15.89603,275899
8127,urimor,1,0.00036,43858,15.89640,275899
8128,user890104,1,0.00036,43859,15.89676,275899
8129,user9209,1,0.00036,43860,15.89712,275899
8130,usmanajmal,1,0.00036,43861,15.89748,275899
8131,UttejG,1,0.00036,43862,15.89785,275899
8132,uvegla,1,0.00036,43863,15.89821,275899
8133,uweschaefer,1,0.00036,43864,15.89857,275899
8134,uxfed,1,0.00036,43865,15.89893,275899
8135,uyu423,1,0.00036,43866,15.89930,275899
8136,uzyn,1,0.00036,43867,15.89966,275899
8137,VadimDez,1,0.00036,43868,15.90002,275899
8138,vaintroub,1,0.00036,43869,15.90038,275899
8139,ValentinTrinque,1,0.00036,43870,15.90075,275899
8140,valydia,1,0.00036,43871,15.90111,275899
8141,vamcs,1,0.00036,43872,15.90147,275899
8142,Vampire,1,0.00036,43873,15.90183,275899
8143,vanbujm,1,0.00036,43874,15.90220,275899
8144,vanderlee,1,0.00036,43875,15.90256,275899
8145,vanjacosic,1,0.00036,43876,15.90292,275899
8146,VarelloThemes,1,0.00036,43877,15.90328,275899
8147,varocarbas,1,0.00036,43878,15.90365,275899
8148,varunrau,1,0.00036,43879,15.90401,275899
8149,vasiliicuhar,1,0.00036,43880,15.90437,275899
8150,vbarbaresi,1,0.00036,43881,15.90473,275899
8151,vecode,1,0.00036,43882,15.90510,275899
8152,Vedin,1,0.00036,43883,15.90546,275899
8153,veera83372,1,0.00036,43884,15.90582,275899
8154,vegetableman,1,0.00036,43885,15.90618,275899
8155,VEINHORN,1,0.00036,43886,15.90655,275899
8156,vernondegoede,1,0.00036,43887,15.90691,275899
8157,vgulaev,1,0.00036,43888,15.90727,275899
8158,vicneanschi,1,0.00036,43889,15.90763,275899
8159,vicrdguez,1,0.00036,43890,15.90800,275899
8160,victorhermes,1,0.00036,43891,15.90836,275899
8161,VictorKoenders,1,0.00036,43892,15.90872,275899
8162,victormejia,1,0.00036,43893,15.90908,275899
8163,victorwss,1,0.00036,43894,15.90945,275899
8164,Victorystick,1,0.00036,43895,15.90981,275899
8165,vigneshTheDev,1,0.00036,43896,15.91017,275899
8166,vijayk2019,1,0.00036,43897,15.91053,275899
8167,vijaykcm,1,0.00036,43898,15.91089,275899
8168,vikhyat,1,0.00036,43899,15.91126,275899
8169,ViKomprenas,1,0.00036,43900,15.91162,275899
8170,ViktorSlavov,1,0.00036,43901,15.91198,275899
8171,vinaydate,1,0.00036,43902,15.91234,275899
8172,VincentBailly,1,0.00036,43903,15.91271,275899
8173,vincentdehaan,1,0.00036,43904,15.91307,275899
8174,viniciusdacal,1,0.00036,43905,15.91343,275899
8175,VipSaran,1,0.00036,43906,15.91379,275899
8176,vitaliy-bobrov,1,0.00036,43907,15.91416,275899
8177,vitaliyterziev,1,0.00036,43908,15.91452,275899
8178,vitalymak,1,0.00036,43909,15.91488,275899
8179,vitaly-t,1,0.00036,43910,15.91524,275899
8180,VitoNordloh,1,0.00036,43911,15.91561,275899
8181,vjovanov,1,0.00036,43912,15.91597,275899
8182,vkhv,1,0.00036,43913,15.91633,275899
8183,vkramskikh,1,0.00036,43914,15.91669,275899
8184,VladBlow,1,0.00036,43915,15.91706,275899
8185,vladdrozd,1,0.00036,43916,15.91742,275899
8186,vladgolubev,1,0.00036,43917,15.91778,275899
8187,vladimir-barsuchenko,1,0.00036,43918,15.91814,275899
8188,VladimirKhvostov,1,0.00036,43919,15.91851,275899
8189,Vladlis,1,0.00036,43920,15.91887,275899
8190,vladris,1,0.00036,43921,15.91923,275899
8191,vlcheong,1,0.00036,43922,15.91959,275899
8192,vmalloc,1,0.00036,43923,15.91996,275899
8193,vmosyaykin,1,0.00036,43924,15.92032,275899
8194,vnathalye,1,0.00036,43925,15.92068,275899
8195,vnctaing,1,0.00036,43926,15.92104,275899
8196,vogella,1,0.00036,43927,15.92141,275899
8197,Voker57,1,0.00036,43928,15.92177,275899
8198,volshibenik,1,0.00036,43929,15.92213,275899
8199,vontangen,1,0.00036,43930,15.92249,275899
8200,vovkvlad,1,0.00036,43931,15.92286,275899
8201,voxlet,1,0.00036,43932,15.92322,275899
8202,voyageth,1,0.00036,43933,15.92358,275899
8203,vp2177,1,0.00036,43934,15.92394,275899
8204,vpavic,1,0.00036,43935,15.92431,275899
8205,vsemozhetbyt,1,0.00036,43936,15.92467,275899
8206,vsetka,1,0.00036,43937,15.92503,275899
8207,vseventer,1,0.00036,43938,15.92539,275899
8208,vsiao,1,0.00036,43939,15.92576,275899
8209,vstinner,1,0.00036,43940,15.92612,275899
8210,vuakko,1,0.00036,43941,15.92648,275899
8211,vwxyutarooo,1,0.00036,43942,15.92684,275899
8212,vzaidman,1,0.00036,43943,15.92721,275899
8213,waahhhh,1,0.00036,43944,15.92757,275899
8214,waclawjacek,1,0.00036,43945,15.92793,275899
8215,wadewegner,1,0.00036,43946,15.92829,275899
8216,WaeCo,1,0.00036,43947,15.92866,275899
8217,WallacePinho,1,0.00036,43948,15.92902,275899
8218,wallali,1,0.00036,43949,15.92938,275899
8219,walshie4,1,0.00036,43950,15.92974,275899
8220,Wang-Sen,1,0.00036,43951,15.93010,275899
8221,warapitiya,1,0.00036,43952,15.93047,275899
8222,warrenseymour,1,0.00036,43953,15.93083,275899
8223,watilde,1,0.00036,43954,15.93119,275899
8224,wavebeem,1,0.00036,43955,15.93155,275899
8225,wazave,1,0.00036,43956,15.93192,275899
8226,wbecker,1,0.00036,43957,15.93228,275899
8227,wbinnssmith,1,0.00036,43958,15.93264,275899
8228,wbyoko,1,0.00036,43959,15.93300,275899
8229,wcjordan,1,0.00036,43960,15.93337,275899
8230,wclear,1,0.00036,43961,15.93373,275899
8231,WdeBruin,1,0.00036,43962,15.93409,275899
8232,webdeveloperpr,1,0.00036,43963,15.93445,275899
8233,webgene,1,0.00036,43964,15.93482,275899
8234,webmaster128,1,0.00036,43965,15.93518,275899
8235,webprofusion-chrisc,1,0.00036,43966,15.93554,275899
8236,webyom,1,0.00036,43967,15.93590,275899
8237,weiluntong,1,0.00036,43968,15.93627,275899
8238,wejendorp,1,0.00036,43969,15.93663,275899
8239,WellingR,1,0.00036,43970,15.93699,275899
8240,wellingWilliam,1,0.00036,43971,15.93735,275899
8241,weltkante,1,0.00036,43972,15.93772,275899
8242,wendy,1,0.00036,43973,15.93808,275899
8243,westonruter,1,0.00036,43974,15.93844,275899
8244,weswigham,1,0.00036,43975,15.93880,275899
8245,weswinder,1,0.00036,43976,15.93917,275899
8246,wgottschalk,1,0.00036,43977,15.93953,275899
8247,wgpsutherland,1,0.00036,43978,15.93989,275899
8248,whitej17,1,0.00036,43979,15.94025,275899
8249,WickyNilliams,1,0.00036,43980,15.94062,275899
8250,wikibootup,1,0.00036,43981,15.94098,275899
8251,wikinee,1,0.00036,43982,15.94134,275899
8252,WilcoFiers,1,0.00036,43983,15.94170,275899
8253,Wildenhaus,1,0.00036,43984,15.94207,275899
8254,wildwilder,1,0.00036,43985,15.94243,275899
8255,wilka,1,0.00036,43986,15.94279,275899
8256,willbeaufoy,1,0.00036,43987,15.94315,275899
8257,willfarrell,1,0.00036,43988,15.94352,275899
8258,willgm,1,0.00036,43989,15.94388,275899
8259,williamdes,1,0.00036,43990,15.94424,275899
8260,william-lohan,1,0.00036,43991,15.94460,275899
8261,Willv19,1,0.00036,43992,15.94497,275899
8262,willyelm,1,0.00036,43993,15.94533,275899
8263,wilmol,1,0.00036,43994,15.94569,275899
8264,wilx,1,0.00036,43995,15.94605,275899
8265,wilzbach,1,0.00036,43996,15.94642,275899
8266,wiml,1,0.00036,43997,15.94678,275899
8267,withsilen,1,0.00036,43998,15.94714,275899
8268,wizardnet972,1,0.00036,43999,15.94750,275899
8269,wizawu,1,0.00036,44000,15.94786,275899
8270,wizpig64,1,0.00036,44001,15.94823,275899
8271,wKovacs64,1,0.00036,44002,15.94859,275899
8272,wla80,1,0.00036,44003,15.94895,275899
8273,wllm-rbnt,1,0.00036,44004,15.94931,275899
8274,wltsmrz,1,0.00036,44005,15.94968,275899
8275,WLun001,1,0.00036,44006,15.95004,275899
8276,wobbol,1,0.00036,44007,15.95040,275899
8277,wodify,1,0.00036,44008,15.95076,275899
8278,wodomierz,1,0.00036,44009,15.95113,275899
8279,WojciechNagorski,1,0.00036,44010,15.95149,275899
8280,wojtekmaj,1,0.00036,44011,15.95185,275899
8281,wojtpl2,1,0.00036,44012,15.95221,275899
8282,woloski,1,0.00036,44013,15.95258,275899
8283,wonderdogone,1,0.00036,44014,15.95294,275899
8284,woodyhymns,1,0.00036,44015,15.95330,275899
8285,woppa684,1,0.00036,44016,15.95366,275899
8286,worldsense-tms,1,0.00036,44017,15.95403,275899
8287,worthy7,1,0.00036,44018,15.95439,275899
8288,WouterG,1,0.00036,44019,15.95475,275899
8289,woverton,1,0.00036,44020,15.95511,275899
8290,wrakky,1,0.00036,44021,15.95548,275899
8291,wsmd,1,0.00036,44022,15.95584,275899
8292,wtokuno,1,0.00036,44023,15.95620,275899
8293,wtorsi,1,0.00036,44024,15.95656,275899
8294,wuwen5,1,0.00036,44025,15.95693,275899
8295,wwcline,1,0.00036,44026,15.95729,275899
8296,wy1009,1,0.00036,44027,15.95765,275899
8297,wyantb,1,0.00036,44028,15.95801,275899
8298,wybb,1,0.00036,44029,15.95838,275899
8299,Wykks,1,0.00036,44030,15.95874,275899
8300,wzr1337,1,0.00036,44031,15.95910,275899
8301,xavierchow,1,0.00036,44032,15.95946,275899
8302,Xazzzi,1,0.00036,44033,15.95983,275899
8303,xbrightmatterx,1,0.00036,44034,15.96019,275899
8304,xdumaine,1,0.00036,44035,15.96055,275899
8305,XeCycle,1,0.00036,44036,15.96091,275899
8306,xelad1,1,0.00036,44037,15.96128,275899
8307,xfh,1,0.00036,44038,15.96164,275899
8308,xied75,1,0.00036,44039,15.96200,275899
8309,ximex,1,0.00036,44040,15.96236,275899
8310,xixixao,1,0.00036,44041,15.96273,275899
8311,xlaguna,1,0.00036,44042,15.96309,275899
8312,xmo-odoo,1,0.00036,44043,15.96345,275899
8313,xobotyi,1,0.00036,44044,15.96381,275899
8314,xoloki,1,0.00036,44045,15.96418,275899
8315,xoofx,1,0.00036,44046,15.96454,275899
8316,xtoolkit,1,0.00036,44047,15.96490,275899
8317,Xuanwo,1,0.00036,44048,15.96526,275899
8318,XueWei,1,0.00036,44049,15.96563,275899
8319,YairHalberstadt,1,0.00036,44050,15.96599,275899
8320,yakovmeister,1,0.00036,44051,15.96635,275899
8321,yanandcoffee,1,0.00036,44052,15.96671,275899
8322,yanick,1,0.00036,44053,15.96707,275899
8323,yankouskia,1,0.00036,44054,15.96744,275899
8324,yannbertrand,1,0.00036,44055,15.96780,275899
8325,yanxyz,1,0.00036,44056,15.96816,275899
8326,yaodingyd,1,0.00036,44057,15.96852,275899
8327,YasharF,1,0.00036,44058,15.96889,275899
8328,yasserzamani,1,0.00036,44059,15.96925,275899
8329,Yasumoto,1,0.00036,44060,15.96961,275899
8330,yavorski,1,0.00036,44061,15.96997,275899
8331,yaziza,1,0.00036,44062,15.97034,275899
8332,yazumoto,1,0.00036,44063,15.97070,275899
8333,YChebotaev,1,0.00036,44064,15.97106,275899
8334,yehezkielbs,1,0.00036,44065,15.97142,275899
8335,yevgeniyredko,1,0.00036,44066,15.97179,275899
8336,Yevs,1,0.00036,44067,15.97215,275899
8337,yfakariya,1,0.00036,44068,15.97251,275899
8338,yitzchak,1,0.00036,44069,15.97287,275899
8339,yjcxy12,1,0.00036,44070,15.97324,275899
8340,ylylc,1,0.00036,44071,15.97360,275899
8341,yoavmmn,1,0.00036,44072,15.97396,275899
8342,yonjah,1,0.00036,44073,15.97432,275899
8343,yorkie,1,0.00036,44074,15.97469,275899
8344,yotamofek,1,0.00036,44075,15.97505,275899
8345,YoussefTaghlabi,1,0.00036,44076,15.97541,275899
8346,yrodiere,1,0.00036,44077,15.97577,275899
8347,ysagal,1,0.00036,44078,15.97614,275899
8348,ysmoradi,1,0.00036,44079,15.97650,275899
8349,yTakkar,1,0.00036,44080,15.97686,275899
8350,ytfei,1,0.00036,44081,15.97722,275899
8351,ytRino,1,0.00036,44082,15.97759,275899
8352,yuanoook,1,0.00036,44083,15.97795,275899
8353,yuanyan,1,0.00036,44084,15.97831,275899
8354,yuchi,1,0.00036,44085,15.97867,275899
8355,yuheiy,1,0.00036,44086,15.97904,275899
8356,yuj,1,0.00036,44087,15.97940,275899
8357,yuji0602,1,0.00036,44088,15.97976,275899
8358,yuji-k64613,1,0.00036,44089,15.98012,275899
8359,yukulele,1,0.00036,44090,15.98049,275899
8360,yume-chan,1,0.00036,44091,15.98085,275899
8361,yunchancho,1,0.00036,44092,15.98121,275899
8362,yunga91,1,0.00036,44093,15.98157,275899
8363,yunspace,1,0.00036,44094,15.98194,275899
8364,yurenju,1,0.00036,44095,15.98230,275899
8365,Yurickh,1,0.00036,44096,15.98266,275899
8366,yuriyyakym,1,0.00036,44097,15.98302,275899
8367,yusijs,1,0.00036,44098,15.98339,275899
8368,yvele,1,0.00036,44099,15.98375,275899
8369,ywarnier,1,0.00036,44100,15.98411,275899
8370,yxl,1,0.00036,44101,15.98447,275899
8371,yzarubin,1,0.00036,44102,15.98484,275899
8372,zacbraddy,1,0.00036,44103,15.98520,275899
8373,zackify,1,0.00036,44104,15.98556,275899
8374,zakhenry,1,0.00036,44105,15.98592,275899
8375,zakness,1,0.00036,44106,15.98628,275899
8376,zakrid,1,0.00036,44107,15.98665,275899
8377,zanona,1,0.00036,44108,15.98701,275899
8378,zappyzhao,1,0.00036,44109,15.98737,275899
8379,zarahzachz,1,0.00036,44110,15.98773,275899
8380,zbarnett,1,0.00036,44111,15.98810,275899
8381,zcei,1,0.00036,44112,15.98846,275899
8382,zdroid,1,0.00036,44113,15.98882,275899
8383,ze12augusto,1,0.00036,44114,15.98918,275899
8384,zehua,1,0.00036,44115,15.98955,275899
8385,ZenHarbinger,1,0.00036,44116,15.98991,275899
8386,ZenonBuratta,1,0.00036,44117,15.99027,275899
8387,zenozeng,1,0.00036,44118,15.99063,275899
8388,zerogouki,1,0.00036,44119,15.99100,275899
8389,zerok,1,0.00036,44120,15.99136,275899
8390,zeusdeux,1,0.00036,44121,15.99172,275899
8391,Zhangjd,1,0.00036,44122,15.99208,275899
8392,zhangjg,1,0.00036,44123,15.99245,275899
8393,zhangweikop,1,0.00036,44124,15.99281,275899
8394,zhanhb,1,0.00036,44125,15.99317,275899
8395,zhantongz,1,0.00036,44126,15.99353,275899
8396,zhaocong89,1,0.00036,44127,15.99390,275899
8397,zhaosiyang,1,0.00036,44128,15.99426,275899
8398,zhengjunxin,1,0.00036,44129,15.99462,275899
8399,zhenlwa,1,0.00036,44130,15.99498,275899
8400,zheshishei,1,0.00036,44131,15.99535,275899
8401,zhirzh,1,0.00036,44132,15.99571,275899
8402,zhkuskov,1,0.00036,44133,15.99607,275899
8403,zhuoli99,1,0.00036,44134,15.99643,275899
8404,ziyaddin,1,0.00036,44135,15.99680,275899
8405,ZizhengTai,1,0.00036,44136,15.99716,275899
8406,zkochan,1,0.00036,44137,15.99752,275899
8407,zlosch,1,0.00036,44138,15.99788,275899
8408,zn,1,0.00036,44139,15.99825,275899
8409,zodern,1,0.00036,44140,15.99861,275899
8410,zoeysaurusrex,1,0.00036,44141,15.99897,275899
8411,zoliszel,1,0.00036,44142,15.99933,275899
8412,ZombieHippie,1,0.00036,44143,15.99970,275899
8413,zoomcharts,1,0.00036,44144,16.00006,275899
8414,zoulasc,1,0.00036,44145,16.00042,275899
8415,zramaekers,1,0.00036,44146,16.00078,275899
8416,ZSkycat,1,0.00036,44147,16.00115,275899
8417,zsmb13,1,0.00036,44148,16.00151,275899
8418,zsxwing,1,0.00036,44149,16.00187,275899
8419,zuohuadong,1,0.00036,44150,16.00223,275899
8420,zuvizudar,1,0.00036,44151,16.00260,275899
8421,zwread,1,0.00036,44152,16.00296,275899
8422,zx6658,1,0.00036,44153,16.00332,275899
8423,zxqfox,1,0.00036,44154,16.00368,275899
8424,zypA13510,1,0.00036,44155,16.00404,275899
8425,zyrolasting,1,0.00036,44156,16.00441,275899
8426,ZYSzys,1,0.00036,44157,16.00477,275899
8427,zzo,1,0.00036,44158,16.00513,275899
8428,zzx88991,1,0.00036,44159,16.00549,275899
