rank_number,actor,commits,percent,cumulative_sum,cumulative_percent,all_commits
1,mhevery,32716,13.68676,32716,13.68676,239034
2,matsko,13434,5.62012,46150,19.30688,239034
3,IgorMinar,12717,5.32016,58867,24.62704,239034
4,kara,10879,4.55124,69746,29.17828,239034
5,alxhub,10869,4.54705,80615,33.72533,239034
6,levitte,9213,3.85426,89828,37.57959,239034
7,stephentoub,8593,3.59489,98421,41.17448,239034
8,AndrewKushnir,8048,3.36689,106469,44.54136,239034
9,XhmikosR,6177,2.58415,112646,47.12551,239034
10,cowtowncoder,4746,1.98549,117392,49.11101,239034
11,alexeagle,4599,1.92399,121991,51.03500,239034
12,petebacondarwin,4304,1.80058,126295,52.83558,239034
13,dougwilson,4295,1.79682,130590,54.63240,239034
14,jdalton,3757,1.57174,134347,56.20414,239034
15,mdo,3411,1.42699,137758,57.63113,239034
16,asfgit,2297,0.96095,140055,58.59208,239034
17,gaearon,2162,0.90447,142217,59.49656,239034
18,gkalpak,2132,0.89192,144349,60.38848,239034
19,zloirock,1991,0.83294,146340,61.22142,239034
20,mattcaswell,1670,0.69865,148010,61.92006,239034
21,crisbeto,1502,0.62836,149512,62.54842,239034
22,cvrebert,1466,0.61330,150978,63.16173,239034
23,epoberezkin,1342,0.56143,152320,63.72315,239034
24,bgrainger,1320,0.55222,153640,64.27538,239034
25,cpovirk,1269,0.53089,154909,64.80626,239034
26,vikerman,1260,0.52712,156169,65.33338,239034
27,danmosemsft,1244,0.52043,157413,65.85381,239034
28,Narretz,1197,0.50077,158610,66.35458,239034
29,lrytz,1196,0.50035,159806,66.85492,239034
30,vicb,1154,0.48278,160960,67.33770,239034
31,cgdecker,1136,0.47525,162096,67.81295,239034
32,Johann-S,1131,0.47315,163227,68.28610,239034
33,LutzJaenicke,1116,0.46688,164343,68.75298,239034
34,safern,1059,0.44303,165402,69.19601,239034
35,richsalz,1031,0.43132,166433,69.62733,239034
36,zpao,963,0.40287,167396,70.03020,239034
37,jkotas,950,0.39743,168346,70.42764,239034
38,ViktorHofer,922,0.38572,169268,70.81336,239034
39,adriaanm,912,0.38154,170180,71.19489,239034
40,PaulGap,910,0.38070,171090,71.57559,239034
41,rprouse,895,0.37442,171985,71.95002,239034
42,JamesNK,865,0.36187,172850,72.31189,239034
43,retronym,865,0.36187,173715,72.67376,239034
44,pkozlowski-opensource,856,0.35811,174571,73.03187,239034
45,timdorr,837,0.35016,175408,73.38203,239034
46,jasonaden,836,0.34974,176244,73.73177,239034
47,bcoe,814,0.34054,177058,74.07231,239034
48,CharliePoole,763,0.31920,177821,74.39151,239034
49,christopherthielen,736,0.30791,178557,74.69942,239034
50,patrickhlauke,730,0.30540,179287,75.00481,239034
51,ceki,721,0.30163,180008,75.30644,239034
52,patrickkettner,720,0.30121,180728,75.60765,239034
53,xzyfer,685,0.28657,181413,75.89422,239034
54,sindresorhus,659,0.27569,182072,76.16992,239034
55,weshaggard,644,0.26942,182716,76.43933,239034
56,spicyj,627,0.26231,183343,76.70164,239034
57,bvaughn,622,0.26021,183965,76.96185,239034
58,bartonjs,621,0.25980,184586,77.22165,239034
59,acdlite,559,0.23386,185145,77.45551,239034
60,SethTisue,555,0.23218,185700,77.68769,239034
61,aearly,554,0.23177,186254,77.91946,239034
62,jeffbcross,549,0.22967,186803,78.14913,239034
63,tbosch,545,0.22800,187348,78.37713,239034
64,mlaval,517,0.21629,187865,78.59342,239034
65,mprobst,497,0.20792,188362,78.80134,239034
66,petkaantonov,487,0.20374,188849,79.00508,239034
67,rkirov,482,0.20164,189331,79.20672,239034
68,jnm2,479,0.20039,189810,79.40711,239034
69,ichernev,468,0.19579,190278,79.60290,239034
70,mjackson,466,0.19495,190744,79.79785,239034
71,jelbourn,464,0.19411,191208,79.99197,239034
72,ariya,447,0.18700,191655,80.17897,239034
73,ericstj,433,0.18115,192088,80.36012,239034
74,atscott,432,0.18073,192520,80.54084,239034
75,ahsonkhan,430,0.17989,192950,80.72073,239034
76,indexzero,428,0.17905,193378,80.89979,239034
77,kennethreitz,419,0.17529,193797,81.07508,239034
78,megawac,413,0.17278,194210,81.24786,239034
79,davidsh,407,0.17027,194617,81.41812,239034
80,filipesilva,402,0.16818,195019,81.58630,239034
81,bernd-edlinger,398,0.16650,195417,81.75281,239034
82,chuckjaz,398,0.16650,195815,81.91931,239034
83,isaacs,397,0.16609,196212,82.08539,239034
84,ellismg,395,0.16525,196607,82.25064,239034
85,joperezr,395,0.16525,197002,82.41589,239034
86,maxokorokov,393,0.16441,197395,82.58030,239034
87,VSadov,390,0.16316,197785,82.74346,239034
88,mellinoe,374,0.15646,198159,82.89992,239034
89,ocombe,371,0.15521,198530,83.05513,239034
90,sebmarkbage,369,0.15437,198899,83.20950,239034
91,knalli,363,0.15186,199262,83.36136,239034
92,rzwitserloot,358,0.14977,199620,83.51113,239034
93,JeremyKuhne,351,0.14684,199971,83.65797,239034
94,fellows3,345,0.14433,200316,83.80230,239034
95,jimfb,345,0.14433,200661,83.94664,239034
96,karelz,339,0.14182,201000,84.08846,239034
97,vsavkin,331,0.13847,201331,84.22693,239034
98,JiaLiPassion,315,0.13178,201646,84.35871,239034
99,hueniverse,312,0.13053,201958,84.48924,239034
100,PascalSchumacher,312,0.13053,202270,84.61976,239034
101,mgol,309,0.12927,202579,84.74903,239034
102,davegandy,308,0.12885,202887,84.87788,239034
103,wtgodbe,307,0.12843,203194,85.00632,239034
104,kyliau,306,0.12802,203500,85.13433,239034
105,timmywil,298,0.12467,203798,85.25900,239034
106,MartijnCuppens,297,0.12425,204095,85.38325,239034
107,mzgol,293,0.12258,204388,85.50583,239034
108,simov,289,0.12090,204677,85.62673,239034
109,garydgregory,287,0.12007,204964,85.74680,239034
110,Lukasa,287,0.12007,205251,85.86686,239034
111,tarekgh,283,0.11839,205534,85.98526,239034
112,calvinmetcalf,282,0.11797,205816,86.10323,239034
113,ok2c,281,0.11756,206097,86.22079,239034
114,jbogarthyde,270,0.11295,206367,86.33374,239034
115,trueadm,267,0.11170,206634,86.44544,239034
116,benlesh,264,0.11044,206898,86.55589,239034
117,rejas,264,0.11044,207162,86.66633,239034
118,inder123,263,0.11003,207425,86.77636,239034
119,scottgonzalez,253,0.10584,207678,86.88220,239034
120,markerikson,246,0.10291,207924,86.98512,239034
121,mary-poppins,245,0.10250,208169,87.08761,239034
122,ljharb,243,0.10166,208412,87.18927,239034
123,rspilker,240,0.10040,208652,87.28967,239034
124,ChrisMaddock,236,0.09873,208888,87.38840,239034
125,nhunzaker,227,0.09497,209115,87.48337,239034
126,jonschlinkert,226,0.09455,209341,87.57792,239034
127,kapunahelewong,221,0.09246,209562,87.67037,239034
128,broofa,219,0.09162,209781,87.76199,239034
129,Priya91,219,0.09162,210000,87.85361,239034
130,britter,217,0.09078,210217,87.94439,239034
131,gregmagolan,212,0.08869,210429,88.03308,239034
132,josephperrott,209,0.08744,210638,88.12052,239034
133,mmalerba,208,0.08702,210846,88.20754,239034
134,jbedard,206,0.08618,211052,88.29372,239034
135,tannergooding,206,0.08618,211258,88.37990,239034
136,mde,205,0.08576,211463,88.46566,239034
137,GrabYourPitchforks,201,0.08409,211664,88.54975,239034
138,Anipik,199,0.08325,211863,88.63300,239034
139,mmitche,198,0.08283,212061,88.71583,239034
140,ianhays,197,0.08242,212258,88.79825,239034
141,coliff,196,0.08200,212454,88.88024,239034
142,bardiharborow,187,0.07823,212641,88.95847,239034
143,chenkie,187,0.07823,212828,89.03671,239034
144,benjamingr,186,0.07781,213014,89.11452,239034
145,mspncp,184,0.07698,213198,89.19150,239034
146,sebbASF,179,0.07488,213377,89.26638,239034
147,alan-agius4,167,0.06986,213544,89.33625,239034
148,DataTables,164,0.06861,213708,89.40485,239034
149,mcollina,163,0.06819,213871,89.47305,239034
150,sameb,162,0.06777,214033,89.54082,239034
151,andrewseguin,161,0.06735,214194,89.60817,239034
152,bep,160,0.06694,214354,89.67511,239034
153,krwq,160,0.06694,214514,89.74205,239034
154,marwahaha,158,0.06610,214672,89.80814,239034
155,wfurt,152,0.06359,214824,89.87173,239034
156,flarnie,151,0.06317,214975,89.93490,239034
157,jonathantneal,151,0.06317,215126,89.99808,239034
158,szeiger,151,0.06317,215277,90.06125,239034
159,shmao,150,0.06275,215427,90.12400,239034
160,hansl,149,0.06233,215576,90.18633,239034
161,JoostK,149,0.06233,215725,90.24867,239034
162,davidfowl,147,0.06150,215872,90.31017,239034
163,nguerrera,147,0.06150,216019,90.37166,239034
164,AtsushiKan,146,0.06108,216165,90.43274,239034
165,ronshapiro,146,0.06108,216311,90.49382,239034
166,chcosta,145,0.06066,216456,90.55448,239034
167,devversion,143,0.05982,216599,90.61431,239034
168,kkirsche,143,0.05982,216742,90.67413,239034
169,lgalfaso,142,0.05941,216884,90.73354,239034
170,Qix-,141,0.05899,217025,90.79252,239034
171,feross,138,0.05773,217163,90.85026,239034
172,saurabh500,138,0.05773,217301,90.90799,239034
173,markelog,137,0.05731,217438,90.96530,239034
174,TimothyGu,135,0.05648,217573,91.02178,239034
175,gibson042,133,0.05564,217706,91.07742,239034
176,joshfree,133,0.05564,217839,91.13306,239034
177,Aweary,131,0.05480,217970,91.18786,239034
178,steveharter,131,0.05480,218101,91.24267,239034
179,marijnh,130,0.05439,218231,91.29705,239034
180,btford,129,0.05397,218360,91.35102,239034
181,MattGal,127,0.05313,218487,91.40415,239034
182,pjanotti,125,0.05229,218612,91.45645,239034
183,aweary,124,0.05188,218736,91.50832,239034
184,mikeal,123,0.05146,218859,91.55978,239034
185,ryanflorence,122,0.05104,218981,91.61082,239034
186,chirayuk,120,0.05020,219101,91.66102,239034
187,tagliala,120,0.05020,219221,91.71122,239034
188,nschonni,119,0.04978,219340,91.76100,239034
189,benaadams,117,0.04895,219457,91.80995,239034
190,tmat,116,0.04853,219573,91.85848,239034
191,dwijnand,115,0.04811,219688,91.90659,239034
192,lontis,114,0.04769,219802,91.95428,239034
193,phated,114,0.04769,219916,92.00197,239034
194,tmshort,111,0.04644,220027,92.04841,239034
195,yjbanov,111,0.04644,220138,92.09485,239034
196,captbaritone,108,0.04518,220246,92.14003,239034
197,vjeux,108,0.04518,220354,92.18521,239034
198,pshrmn,107,0.04476,220461,92.22998,239034
199,sigmavirus24,106,0.04435,220567,92.27432,239034
200,am11,105,0.04393,220672,92.31825,239034
201,corivera,103,0.04309,220775,92.36134,239034
202,jmrodri,102,0.04267,220877,92.40401,239034
203,kegluneq,102,0.04267,220979,92.44668,239034
204,maryamariyan,102,0.04267,221081,92.48935,239034
205,necolas,102,0.04267,221183,92.53202,239034
206,gotwarlost,101,0.04225,221284,92.57428,239034
207,tmds,101,0.04225,221385,92.61653,239034
208,netomi,100,0.04184,221485,92.65837,239034
209,talbs,97,0.04058,221582,92.69895,239034
210,jashkenas,96,0.04016,221678,92.73911,239034
211,filipnavara,95,0.03974,221773,92.77885,239034
212,maxbeatty,95,0.03974,221868,92.81859,239034
213,ryanseddon,92,0.03849,221960,92.85708,239034
214,ziluvatar,92,0.03849,222052,92.89557,239034
215,analog-nico,91,0.03807,222143,92.93364,239034
216,fitzgen,90,0.03765,222233,92.97129,239034
217,swankjesse,90,0.03765,222323,93.00894,239034
218,eerhardt,89,0.03723,222412,93.04618,239034
219,diesalbla,88,0.03681,222500,93.08299,239034
220,huanwu,87,0.03640,222587,93.11939,239034
221,JedWatson,87,0.03640,222674,93.15579,239034
222,jzaefferer,87,0.03640,222761,93.19218,239034
223,que-etc,87,0.03640,222848,93.22858,239034
224,twbs-grunt,87,0.03640,222935,93.26497,239034
225,jfromaniello,86,0.03598,223021,93.30095,239034
226,davidben,85,0.03556,223106,93.33651,239034
227,juliemr,85,0.03556,223191,93.37207,239034
228,arekinath,83,0.03472,223274,93.40680,239034
229,DABH,83,0.03472,223357,93.44152,239034
230,geoffkizer,83,0.03472,223440,93.47624,239034
231,MichalStrehovsky,83,0.03472,223523,93.51096,239034
232,jaredhanson,82,0.03430,223605,93.54527,239034
233,gunnarmorling,80,0.03347,223685,93.57874,239034
234,vancem,80,0.03347,223765,93.61221,239034
235,abetomo,78,0.03263,223843,93.64484,239034
236,mikkelbu,78,0.03263,223921,93.67747,239034
237,ashtuchkin,77,0.03221,223998,93.70968,239034
238,caleblloyd,77,0.03221,224075,93.74189,239034
239,falsyvalues,76,0.03179,224151,93.77369,239034
240,juliangruber,75,0.03138,224226,93.80507,239034
241,mj1856,75,0.03138,224301,93.83644,239034
242,ellenaua,74,0.03096,224375,93.86740,239034
243,koba04,74,0.03096,224449,93.89836,239034
244,nateabele,74,0.03096,224523,93.92932,239034
245,julienrf,73,0.03054,224596,93.95986,239034
246,caitp,71,0.02970,224667,93.98956,239034
247,robmadole,71,0.02970,224738,94.01926,239034
248,shadowspawn,71,0.02970,224809,94.04896,239034
249,wesleycho,71,0.02970,224880,94.07867,239034
250,dmethvin,70,0.02928,224950,94.10795,239034
251,CIPop,69,0.02887,225019,94.13682,239034
252,gkhanna79,69,0.02887,225088,94.16568,239034
253,alexindigo,68,0.02845,225156,94.19413,239034
254,benouat,68,0.02845,225224,94.22258,239034
255,dagood,68,0.02845,225292,94.25103,239034
256,maxrimue,68,0.02845,225360,94.27947,239034
257,lmolkova,67,0.02803,225427,94.30750,239034
258,mgechev,67,0.02803,225494,94.33553,239034
259,nexdrew,67,0.02803,225561,94.36356,239034
260,sophiebits,67,0.02803,225628,94.39159,239034
261,mkarg,66,0.02761,225694,94.41920,239034
262,blakeembrey,65,0.02719,225759,94.44640,239034
263,nlf,65,0.02719,225824,94.47359,239034
264,eiriktsarpalis,64,0.02677,225888,94.50036,239034
265,sepidehMS,64,0.02677,225952,94.52714,239034
266,kevmoo,63,0.02636,226015,94.55349,239034
267,satazor,61,0.02552,226076,94.57901,239034
268,timrwood,61,0.02552,226137,94.60453,239034
269,JakeWharton,60,0.02510,226197,94.62963,239034
270,oznetmaster,60,0.02510,226257,94.65474,239034
271,arb,59,0.02468,226316,94.67942,239034
272,hargasinski,59,0.02468,226375,94.70410,239034
273,goto-bus-stop,58,0.02426,226433,94.72837,239034
274,akre54,57,0.02385,226490,94.75221,239034
275,madler,56,0.02343,226546,94.77564,239034
276,chtompki,55,0.02301,226601,94.79865,239034
277,edevil,55,0.02301,226656,94.82166,239034
278,evmar,55,0.02301,226711,94.84467,239034
279,hnrch02,55,0.02301,226766,94.86768,239034
280,jsfb,55,0.02301,226821,94.89069,239034
281,stevemao,55,0.02301,226876,94.91369,239034
282,caesar1995,54,0.02259,226930,94.93629,239034
283,michaelficarra,53,0.02217,226983,94.95846,239034
284,Petermarcu,53,0.02217,227036,94.98063,239034
285,pgavlin,53,0.02217,227089,95.00280,239034
286,ayazhafiz,52,0.02175,227141,95.02456,239034
287,ericeil,52,0.02175,227193,95.04631,239034
288,gsmet,52,0.02175,227245,95.06807,239034
289,jquense,52,0.02175,227297,95.08982,239034
290,realityking,52,0.02175,227349,95.11157,239034
291,romen,52,0.02175,227401,95.13333,239034
292,smile21prc,52,0.02175,227453,95.15508,239034
293,stash,52,0.02175,227505,95.17684,239034
294,buyaa-n,51,0.02134,227556,95.19817,239034
295,dwmw2,51,0.02134,227607,95.21951,239034
296,saper,51,0.02134,227658,95.24084,239034
297,zhiyelee,51,0.02134,227709,95.26218,239034
298,janvorli,50,0.02092,227759,95.28310,239034
299,leo,50,0.02092,227809,95.30402,239034
300,qmfrederik,50,0.02092,227859,95.32493,239034
301,robertmesserle,50,0.02092,227909,95.34585,239034
302,vanesyan,50,0.02092,227959,95.36677,239034
303,krosenvold,49,0.02050,228008,95.38727,239034
304,RyanZim,49,0.02050,228057,95.40777,239034
305,threepointone,49,0.02050,228106,95.42827,239034
306,akoeplinger,48,0.02008,228154,95.44835,239034
307,pieroxy,48,0.02008,228202,95.46843,239034
308,emilyemorehouse,47,0.01966,228249,95.48809,239034
309,layomia,47,0.01966,228296,95.50775,239034
310,OmarTawfik,47,0.01966,228343,95.52741,239034
311,Arkni,46,0.01924,228389,95.54666,239034
312,chonton,46,0.01924,228435,95.56590,239034
313,jhendrixMSFT,46,0.01924,228481,95.58515,239034
314,lacker,45,0.01883,228526,95.60397,239034
315,JohnTortugo,44,0.01841,228570,95.62238,239034
316,mathiasbynens,44,0.01841,228614,95.64079,239034
317,staabm,44,0.01841,228658,95.65919,239034
318,dimo414,43,0.01799,228701,95.67718,239034
319,supergibbs,43,0.01799,228744,95.69517,239034
320,alexperovich,42,0.01757,228786,95.71274,239034
321,naomiblack,42,0.01757,228828,95.73031,239034
322,CaerusKaru,41,0.01715,228869,95.74747,239034
323,motdotla,41,0.01715,228910,95.76462,239034
324,thorn0,41,0.01715,228951,95.78177,239034
325,AlexGhiondea,40,0.01673,228991,95.79851,239034
326,scalablecory,40,0.01673,229031,95.81524,239034
327,dcousens,39,0.01632,229070,95.83156,239034
328,evanvosberg,39,0.01632,229109,95.84787,239034
329,joyent-automation,39,0.01632,229148,95.86419,239034
330,KrzysztofCwalina,39,0.01632,229187,95.88050,239034
331,nylen,39,0.01632,229226,95.89682,239034
332,rmkerr,39,0.01632,229265,95.91313,239034
333,OverZealous,37,0.01548,229302,95.92861,239034
334,Splaktar,37,0.01548,229339,95.94409,239034
335,tijoytom,37,0.01548,229376,95.95957,239034
336,mafintosh,36,0.01506,229412,95.97463,239034
337,andresgalante,35,0.01464,229447,95.98927,239034
338,brianrob,35,0.01464,229482,96.00392,239034
339,coreyfarrell,35,0.01464,229517,96.01856,239034
340,jridgewell,35,0.01464,229552,96.03320,239034
341,kouvel,35,0.01464,229587,96.04784,239034
342,pvorb,35,0.01464,229622,96.06248,239034
343,nickuraltsev,34,0.01422,229656,96.07671,239034
344,pallavit,34,0.01422,229690,96.09093,239034
345,bendrucker,33,0.01381,229723,96.10474,239034
346,cpojer,33,0.01381,229756,96.11854,239034
347,icfantv,33,0.01381,229789,96.13235,239034
348,JohnRGee,33,0.01381,229822,96.14615,239034
349,karajas,33,0.01381,229855,96.15996,239034
350,khdang,33,0.01381,229888,96.17377,239034
351,SimenB,33,0.01381,229921,96.18757,239034
352,sokket,33,0.01381,229954,96.20138,239034
353,pose,32,0.01339,229986,96.21476,239034
354,twsouthwick,32,0.01339,230018,96.22815,239034
355,arschmitz,31,0.01297,230049,96.24112,239034
356,BendingBender,30,0.01255,230079,96.25367,239034
357,hramos,30,0.01255,230109,96.26622,239034
358,AaronRobinsonMSFT,29,0.01213,230138,96.27835,239034
359,EmpireJones,29,0.01213,230167,96.29049,239034
360,frederikprijck,29,0.01213,230196,96.30262,239034
361,nglorioso,29,0.01213,230225,96.31475,239034
362,seanstrom,29,0.01213,230254,96.32688,239034
363,yeiacatl,29,0.01213,230283,96.33901,239034
364,kinow,28,0.01171,230311,96.35073,239034
365,pgovind,28,0.01171,230339,96.36244,239034
366,spion,28,0.01171,230367,96.37416,239034
367,swseverance,28,0.01171,230395,96.38587,239034
368,adrianheine,27,0.01130,230422,96.39717,239034
369,ahasall,27,0.01130,230449,96.40846,239034
370,davglass,27,0.01130,230476,96.41976,239034
371,joecritch,27,0.01130,230503,96.43105,239034
372,netdpb,27,0.01130,230530,96.44235,239034
373,svick,27,0.01130,230557,96.45364,239034
374,AArnott,26,0.01088,230583,96.46452,239034
375,fnagel,26,0.01088,230609,96.47540,239034
376,geleems,26,0.01088,230635,96.48627,239034
377,gkossakowski,26,0.01088,230661,96.49715,239034
378,invernizzie,26,0.01088,230687,96.50803,239034
379,jcrugzz,26,0.01088,230713,96.51891,239034
380,keyanzhang,26,0.01088,230739,96.52978,239034
381,mattbishop,26,0.01088,230765,96.54066,239034
382,tromey,26,0.01088,230791,96.55154,239034
383,VladUreche,26,0.01088,230817,96.56241,239034
384,felipewmartins,25,0.01046,230842,96.57287,239034
385,FredKSchott,25,0.01046,230867,96.58333,239034
386,jteplitz602,25,0.01046,230892,96.59379,239034
387,Khaledgarbaya,25,0.01046,230917,96.60425,239034
388,stevemoser,25,0.01046,230942,96.61471,239034
389,tony19,25,0.01046,230967,96.62517,239034
390,zamont,25,0.01046,230992,96.63563,239034
391,cston,24,0.01004,231016,96.64567,239034
392,dariajung,24,0.01004,231040,96.65571,239034
393,ermazi,24,0.01004,231064,96.66575,239034
394,LinusU,24,0.01004,231088,96.67579,239034
395,pakrym,24,0.01004,231112,96.68583,239034
396,peterblazejewicz,24,0.01004,231136,96.69587,239034
397,ashsearle,23,0.00962,231159,96.70549,239034
398,contra,23,0.00962,231182,96.71511,239034
399,DanielRuf,23,0.00962,231205,96.72473,239034
400,kentcdodds,23,0.00962,231228,96.73436,239034
401,lxShaDoWxl,23,0.00962,231251,96.74398,239034
402,maggiepint,23,0.00962,231274,96.75360,239034
403,Marusyk,23,0.00962,231297,96.76322,239034
404,reconbot,23,0.00962,231320,96.77284,239034
405,terrajobst,23,0.00962,231343,96.78247,239034
406,TrySound,23,0.00962,231366,96.79209,239034
407,vszakats,23,0.00962,231389,96.80171,239034
408,ysds,23,0.00962,231412,96.81133,239034
409,BastienL,22,0.00920,231434,96.82054,239034
410,JohnPostlethwait,22,0.00920,231456,96.82974,239034
411,maririos,22,0.00920,231478,96.83894,239034
412,Marsup,22,0.00920,231500,96.84815,239034
413,mleguen,22,0.00920,231522,96.85735,239034
414,alex,21,0.00879,231543,96.86614,239034
415,krytarowski,21,0.00879,231564,96.87492,239034
416,SamVerschueren,21,0.00879,231585,96.88371,239034
417,SedarG,21,0.00879,231606,96.89249,239034
418,aditya-shankar,20,0.00837,231626,96.90086,239034
419,chkal,20,0.00837,231646,96.90923,239034
420,dariobraun,20,0.00837,231666,96.91759,239034
421,luqunl,20,0.00837,231686,96.92596,239034
422,qizhanMS,20,0.00837,231706,96.93433,239034
423,torkleyy,20,0.00837,231726,96.94269,239034
424,typicaljoe,20,0.00837,231746,96.95106,239034
425,vojtajina,20,0.00837,231766,96.95943,239034
426,yujayee,20,0.00837,231786,96.96780,239034
427,AfsanehR,19,0.00795,231805,96.97574,239034
428,Foxandxss,19,0.00795,231824,96.98369,239034
429,jsoref,19,0.00795,231843,96.99164,239034
430,MitMaro,19,0.00795,231862,96.99959,239034
431,niksy,19,0.00795,231881,97.00754,239034
432,rahku,19,0.00795,231900,97.01549,239034
433,SomeKittens,19,0.00795,231919,97.02344,239034
434,stevenbrix,19,0.00795,231938,97.03138,239034
435,substack,19,0.00795,231957,97.03933,239034
436,Tratcher,19,0.00795,231976,97.04728,239034
437,TrevorKarjanis,19,0.00795,231995,97.05523,239034
438,troygoode,19,0.00795,232014,97.06318,239034
439,yungsters,19,0.00795,232033,97.07113,239034
440,ahmadnassri,18,0.00753,232051,97.07866,239034
441,benelliott,18,0.00753,232069,97.08619,239034
442,glebm,18,0.00753,232087,97.09372,239034
443,graingert,18,0.00753,232105,97.10125,239034
444,jakemac53,18,0.00753,232123,97.10878,239034
445,jcagme,18,0.00753,232141,97.11631,239034
446,jcblw,18,0.00753,232159,97.12384,239034
447,kevva,18,0.00753,232177,97.13137,239034
448,robrich,18,0.00753,232195,97.13890,239034
449,stash-sfdc,18,0.00753,232213,97.14643,239034
450,supercodepoet,18,0.00753,232231,97.15396,239034
451,alexwolfe,17,0.00711,232248,97.16107,239034
452,amilajack,17,0.00711,232265,97.16819,239034
453,Andarist,17,0.00711,232282,97.17530,239034
454,dicko2,17,0.00711,232299,97.18241,239034
455,doowb,17,0.00711,232316,97.18952,239034
456,jameskyle,17,0.00711,232333,97.19663,239034
457,jarrodyellets,17,0.00711,232350,97.20375,239034
458,jbnicolai,17,0.00711,232367,97.21086,239034
459,loganfsmyth,17,0.00711,232384,97.21797,239034
460,spericas,17,0.00711,232401,97.22508,239034
461,TheSavior,17,0.00711,232418,97.23219,239034
462,damieng,16,0.00669,232434,97.23889,239034
463,dragos,16,0.00669,232450,97.24558,239034
464,kenneth-reitz,16,0.00669,232466,97.25227,239034
465,mmikowski,16,0.00669,232482,97.25897,239034
466,othiym23,16,0.00669,232498,97.26566,239034
467,pgilad,16,0.00669,232514,97.27235,239034
468,rvagg,16,0.00669,232530,97.27905,239034
469,sdmaclea,16,0.00669,232546,97.28574,239034
470,tomocchino,16,0.00669,232562,97.29244,239034
471,venkat-raman251,16,0.00669,232578,97.29913,239034
472,wesleytodd,16,0.00669,232594,97.30582,239034
473,battaglr,15,0.00628,232609,97.31210,239034
474,billyjanitsch,15,0.00628,232624,97.31837,239034
475,devongovett,15,0.00628,232639,97.32465,239034
476,gjungb,15,0.00628,232654,97.33092,239034
477,JustinBeckwith,15,0.00628,232669,97.33720,239034
478,kanongil,15,0.00628,232684,97.34347,239034
479,mikem8361,15,0.00628,232699,97.34975,239034
480,Simek,15,0.00628,232714,97.35602,239034
481,thomas-mcdonald,15,0.00628,232729,97.36230,239034
482,vatsan-madhavan,15,0.00628,232744,97.36858,239034
483,zertosh,15,0.00628,232759,97.37485,239034
484,adamsitnik,14,0.00586,232773,97.38071,239034
485,Daniel15,14,0.00586,232787,97.38656,239034
486,defunctzombie,14,0.00586,232801,97.39242,239034
487,gourlaysama,14,0.00586,232815,97.39828,239034
488,Ichoran,14,0.00586,232829,97.40413,239034
489,jeremyvii,14,0.00586,232843,97.40999,239034
490,jkotalik,14,0.00586,232857,97.41585,239034
491,lunaruan,14,0.00586,232871,97.42171,239034
492,stevehobbsdev,14,0.00586,232885,97.42756,239034
493,woahitsraj,14,0.00586,232899,97.43342,239034
494,andreialecu,13,0.00544,232912,97.43886,239034
495,arjantijms,13,0.00544,232925,97.44430,239034
496,aswaterman,13,0.00544,232938,97.44974,239034
497,DrewScoggins,13,0.00544,232951,97.45517,239034
498,evocateur,13,0.00544,232964,97.46061,239034
499,grimreaper,13,0.00544,232977,97.46605,239034
500,kapilash,13,0.00544,232990,97.47149,239034
501,Krinkle,13,0.00544,233003,97.47693,239034
502,macjohnny,13,0.00544,233016,97.48237,239034
503,mattlewis92,13,0.00544,233029,97.48781,239034
504,paulmillr,13,0.00544,233042,97.49324,239034
505,StringEpsilon,13,0.00544,233055,97.49868,239034
506,agl,12,0.00502,233067,97.50370,239034
507,AntonLapounov,12,0.00502,233079,97.50872,239034
508,bgw,12,0.00502,233091,97.51374,239034
509,bimargulies-google,12,0.00502,233103,97.51876,239034
510,BridgeAR,12,0.00502,233115,97.52378,239034
511,carlossanlop,12,0.00502,233127,97.52880,239034
512,Chainhelen,12,0.00502,233139,97.53382,239034
513,davidjb,12,0.00502,233151,97.53884,239034
514,dsgouda,12,0.00502,233163,97.54386,239034
515,FiveTimesTheFun,12,0.00502,233175,97.54888,239034
516,Haroenv,12,0.00502,233187,97.55390,239034
517,jkoritzinsky,12,0.00502,233199,97.55892,239034
518,julianobrasil,12,0.00502,233211,97.56394,239034
519,nicolo-ribaudo,12,0.00502,233223,97.56897,239034
520,omsmith,12,0.00502,233235,97.57399,239034
521,PeteGillinGoogle,12,0.00502,233247,97.57901,239034
522,pickfire,12,0.00502,233259,97.58403,239034
523,ramarag,12,0.00502,233271,97.58905,239034
524,schnittstabil,12,0.00502,233283,97.59407,239034
525,tiran,12,0.00502,233295,97.59909,239034
526,xuwei-k,12,0.00502,233307,97.60411,239034
527,aeijdenberg,11,0.00460,233318,97.60871,239034
528,alrra,11,0.00460,233329,97.61331,239034
529,apechimp,11,0.00460,233340,97.61791,239034
530,brandonroberts,11,0.00460,233351,97.62251,239034
531,butterflyhug,11,0.00460,233362,97.62712,239034
532,ChALkeR,11,0.00460,233373,97.63172,239034
533,d10,11,0.00460,233384,97.63632,239034
534,danez,11,0.00460,233395,97.64092,239034
535,dannyskoog,11,0.00460,233406,97.64552,239034
536,davepacheco,11,0.00460,233417,97.65013,239034
537,escodel,11,0.00460,233428,97.65473,239034
538,gitter-badger,11,0.00460,233439,97.65933,239034
539,gregw,11,0.00460,233450,97.66393,239034
540,hazendaz,11,0.00460,233461,97.66853,239034
541,joshlemer,11,0.00460,233472,97.67313,239034
542,joshwand,11,0.00460,233483,97.67774,239034
543,jutaz,11,0.00460,233494,97.68234,239034
544,kluever,11,0.00460,233505,97.68694,239034
545,mapleeit,11,0.00460,233516,97.69154,239034
546,Pereida,11,0.00460,233527,97.69614,239034
547,raja-ashok,11,0.00460,233538,97.70075,239034
548,stuartwdouglas,11,0.00460,233549,97.70535,239034
549,YourDeveloperFriend,11,0.00460,233560,97.70995,239034
550,alireza-mh,10,0.00418,233570,97.71413,239034
551,amZotti,10,0.00418,233580,97.71832,239034
552,chlowell,10,0.00418,233590,97.72250,239034
553,ChrisAlderson,10,0.00418,233600,97.72668,239034
554,clemmy,10,0.00418,233610,97.73087,239034
555,coolaj86,10,0.00418,233620,97.73505,239034
556,Degubi,10,0.00418,233630,97.73923,239034
557,Diego-Perez-Botero,10,0.00418,233640,97.74342,239034
558,EdwardBetts,10,0.00418,233650,97.74760,239034
559,Gillespie59,10,0.00418,233660,97.75178,239034
560,Goodwine,10,0.00418,233670,97.75597,239034
561,jorive,10,0.00418,233680,97.76015,239034
562,justsml,10,0.00418,233690,97.76433,239034
563,keithharvey,10,0.00418,233700,97.76852,239034
564,MaximilianTews,10,0.00418,233710,97.77270,239034
565,maxogden,10,0.00418,233720,97.77689,239034
566,mconnew,10,0.00418,233730,97.78107,239034
567,michaelgeorgeattard,10,0.00418,233740,97.78525,239034
568,mojavelinux,10,0.00418,233750,97.78944,239034
569,naamunds,10,0.00418,233760,97.79362,239034
570,paulirish,10,0.00418,233770,97.79780,239034
571,pfmooney,10,0.00418,233780,97.80199,239034
572,PiPeep,10,0.00418,233790,97.80617,239034
573,robwormald,10,0.00418,233800,97.81035,239034
574,sumitbhagwani,10,0.00418,233810,97.81454,239034
575,urish,10,0.00418,233820,97.81872,239034
576,vanessanschmitt,10,0.00418,233830,97.82290,239034
577,WilliamCollishaw,10,0.00418,233840,97.82709,239034
578,xcatliu,10,0.00418,233850,97.83127,239034
579,agnosticdev,9,0.00377,233859,97.83504,239034
580,aisera-mikowski,9,0.00377,233868,97.83880,239034
581,AlmeroSteyn,9,0.00377,233877,97.84257,239034
582,aLostEngineer,9,0.00377,233886,97.84633,239034
583,bradwestfall,9,0.00377,233895,97.85010,239034
584,Delagen,9,0.00377,233904,97.85386,239034
585,felixonmars,9,0.00377,233913,97.85763,239034
586,FezVrasta,9,0.00377,233922,97.86139,239034
587,graue,9,0.00377,233931,97.86516,239034
588,gricey432,9,0.00377,233940,97.86892,239034
589,jamesgeorge007,9,0.00377,233949,97.87269,239034
590,jmm,9,0.00377,233958,97.87645,239034
591,jorrit,9,0.00377,233967,97.88022,239034
592,josephsavona,9,0.00377,233976,97.88398,239034
593,jwilk,9,0.00377,233985,97.88775,239034
594,kkurni,9,0.00377,233994,97.89151,239034
595,kseamon,9,0.00377,234003,97.89528,239034
596,LayZeeDK,9,0.00377,234012,97.89904,239034
597,MartinKolarik,9,0.00377,234021,97.90281,239034
598,mbehrlich,9,0.00377,234030,97.90657,239034
599,mikesherov,9,0.00377,234039,97.91034,239034
600,morganbr,9,0.00377,234048,97.91410,239034
601,mysticatea,9,0.00377,234057,97.91787,239034
602,nattress,9,0.00377,234066,97.92163,239034
603,nslottow,9,0.00377,234075,97.92540,239034
604,packtpartner,9,0.00377,234084,97.92916,239034
605,philipp-spiess,9,0.00377,234093,97.93293,239034
606,PowerKiKi,9,0.00377,234102,97.93670,239034
607,ravimeda,9,0.00377,234111,97.94046,239034
608,rmartin-stratus,9,0.00377,234120,97.94423,239034
609,sevensees,9,0.00377,234129,97.94799,239034
610,SGuyGe,9,0.00377,234138,97.95176,239034
611,smarter,9,0.00377,234147,97.95552,239034
612,suguru03,9,0.00377,234156,97.95929,239034
613,Suresh918,9,0.00377,234165,97.96305,239034
614,thlorenz,9,0.00377,234174,97.96682,239034
615,tommcdon,9,0.00377,234183,97.97058,239034
616,tylermcginnis,9,0.00377,234192,97.97435,239034
617,valery1707,9,0.00377,234201,97.97811,239034
618,wincent,9,0.00377,234210,97.98188,239034
619,YingP99,9,0.00377,234219,97.98564,239034
620,zkat,9,0.00377,234228,97.98941,239034
621,ajcvickers,8,0.00335,234236,97.99275,239034
622,anenviousguest,8,0.00335,234244,97.99610,239034
623,beaugunderson,8,0.00335,234252,97.99945,239034
624,chris-smith-zocdoc,8,0.00335,234260,98.00279,239034
625,christophehurpeau,8,0.00335,234268,98.00614,239034
626,davidkaya,8,0.00335,234276,98.00949,239034
627,dominykas,8,0.00335,234284,98.01283,239034
628,Fank,8,0.00335,234292,98.01618,239034
629,github-cygwin,8,0.00335,234300,98.01953,239034
630,gregersrygg,8,0.00335,234308,98.02288,239034
631,hyandell,8,0.00335,234316,98.02622,239034
632,ipuustin,8,0.00335,234324,98.02957,239034
633,janvanhelvoort,8,0.00335,234332,98.03292,239034
634,jddxf,8,0.00335,234340,98.03626,239034
635,josepot,8,0.00335,234348,98.03961,239034
636,keertip,8,0.00335,234356,98.04296,239034
637,markt-asf,8,0.00335,234364,98.04630,239034
638,parjong,8,0.00335,234372,98.04965,239034
639,Raynos,8,0.00335,234380,98.05300,239034
640,riarenas,8,0.00335,234388,98.05634,239034
641,richlander,8,0.00335,234396,98.05969,239034
642,rxaviers,8,0.00335,234404,98.06304,239034
643,sebkur,8,0.00335,234412,98.06638,239034
644,stefichjo,8,0.00335,234420,98.06973,239034
645,syranide,8,0.00335,234428,98.07308,239034
646,vijaykota,8,0.00335,234436,98.07642,239034
647,vvakame,8,0.00335,234444,98.07977,239034
648,12wrigja,7,0.00293,234451,98.08270,239034
649,a0viedo,7,0.00293,234458,98.08563,239034
650,crummel,7,0.00293,234465,98.08856,239034
651,davidwrighton,7,0.00293,234472,98.09148,239034
652,dmjones,7,0.00293,234479,98.09441,239034
653,dsblv,7,0.00293,234486,98.09734,239034
654,dutchenkoOleg,7,0.00293,234493,98.10027,239034
655,edmorley,7,0.00293,234500,98.10320,239034
656,ExE-Boss,7,0.00293,234507,98.10613,239034
657,hannob,7,0.00293,234514,98.10906,239034
658,Hibernate-CI,7,0.00293,234521,98.11198,239034
659,hubot,7,0.00293,234528,98.11491,239034
660,jedmao,7,0.00293,234535,98.11784,239034
661,jnordberg,7,0.00293,234542,98.12077,239034
662,JordyvanDortmont,7,0.00293,234549,98.12370,239034
663,Kerumen,7,0.00293,234556,98.12663,239034
664,KuraFire,7,0.00293,234563,98.12955,239034
665,laumair,7,0.00293,234570,98.13248,239034
666,max-b,7,0.00293,234577,98.13541,239034
667,mier85,7,0.00293,234584,98.13834,239034
668,mreinstein,7,0.00293,234591,98.14127,239034
669,nicketson,7,0.00293,234598,98.14420,239034
670,Noodle05,7,0.00293,234605,98.14713,239034
671,NthPortal,7,0.00293,234612,98.15005,239034
672,ofrobots,7,0.00293,234619,98.15298,239034
673,panchenko,7,0.00293,234626,98.15591,239034
674,PeterDaveHello,7,0.00293,234633,98.15884,239034
675,pkaminski,7,0.00293,234640,98.16177,239034
676,rricard,7,0.00293,234647,98.16470,239034
677,sergej2705,7,0.00293,234654,98.16762,239034
678,shrutigarg,7,0.00293,234661,98.17055,239034
679,Sibiraj-Codes,7,0.00293,234668,98.17348,239034
680,steveluscher,7,0.00293,234675,98.17641,239034
681,vjkoskela,7,0.00293,234682,98.17934,239034
682,ad-si,6,0.00251,234688,98.18185,239034
683,asbjornu,6,0.00251,234694,98.18436,239034
684,awaterma,6,0.00251,234700,98.18687,239034
685,blackdwarf,6,0.00251,234706,98.18938,239034
686,boneskull,6,0.00251,234712,98.19189,239034
687,chenglou,6,0.00251,234718,98.19440,239034
688,chlins,6,0.00251,234724,98.19691,239034
689,CindyXing,6,0.00251,234730,98.19942,239034
690,Coeur,6,0.00251,234736,98.20193,239034
691,crandmck,6,0.00251,234742,98.20444,239034
692,DnlHarvey,6,0.00251,234748,98.20695,239034
693,DominikTrenz,6,0.00251,234754,98.20946,239034
694,ebourg,6,0.00251,234760,98.21197,239034
695,ekilah,6,0.00251,234766,98.21448,239034
696,elharo,6,0.00251,234772,98.21699,239034
697,erikkemperman,6,0.00251,234778,98.21950,239034
698,fiddur,6,0.00251,234784,98.22201,239034
699,focusaurus,6,0.00251,234790,98.22452,239034
700,Hongbo-Miao,6,0.00251,234796,98.22703,239034
701,hudochenkov,6,0.00251,234802,98.22954,239034
702,jaredly,6,0.00251,234808,98.23205,239034
703,jcouv,6,0.00251,234814,98.23456,239034
704,josalem,6,0.00251,234820,98.23707,239034
705,kytart,6,0.00251,234826,98.23958,239034
706,lukeapage,6,0.00251,234832,98.24209,239034
707,lyip1992,6,0.00251,234838,98.24460,239034
708,madmir,6,0.00251,234844,98.24711,239034
709,MaggieTsang,6,0.00251,234850,98.24962,239034
710,manishbansal8843,6,0.00251,234856,98.25213,239034
711,mattdesl,6,0.00251,234862,98.25464,239034
712,mbrukman,6,0.00251,234868,98.25715,239034
713,mckramer,6,0.00251,234874,98.25966,239034
714,meenie,6,0.00251,234880,98.26217,239034
715,meteorcloudy,6,0.00251,234886,98.26468,239034
716,mjomble,6,0.00251,234892,98.26719,239034
717,nali,6,0.00251,234898,98.26970,239034
718,nategraf,6,0.00251,234904,98.27221,239034
719,nateprewitt,6,0.00251,234910,98.27472,239034
720,ning-github,6,0.00251,234916,98.27723,239034
721,not-an-aardvark,6,0.00251,234922,98.27974,239034
722,obriensystems,6,0.00251,234928,98.28225,239034
723,oliversalzburg,6,0.00251,234934,98.28476,239034
724,omeid,6,0.00251,234940,98.28727,239034
725,panva,6,0.00251,234946,98.28978,239034
726,qizha,6,0.00251,234952,98.29229,239034
727,rajansingh10,6,0.00251,234958,98.29480,239034
728,reggi,6,0.00251,234964,98.29731,239034
729,Richienb,6,0.00251,234970,98.29982,239034
730,rickhanlonii,6,0.00251,234976,98.30233,239034
731,robphoenix,6,0.00251,234982,98.30484,239034
732,roji,6,0.00251,234988,98.30735,239034
733,ronaldtse,6,0.00251,234994,98.30986,239034
734,schen381,6,0.00251,235000,98.31237,239034
735,sharwell,6,0.00251,235006,98.31488,239034
736,shiftylogic,6,0.00251,235012,98.31739,239034
737,snout-o,6,0.00251,235018,98.31990,239034
738,sourabhmodi,6,0.00251,235024,98.32241,239034
739,stain,6,0.00251,235030,98.32492,239034
740,stevenyxu,6,0.00251,235036,98.32743,239034
741,swgillespie,6,0.00251,235042,98.32994,239034
742,tatsuhiro-t,6,0.00251,235048,98.33245,239034
743,TehShrike,6,0.00251,235054,98.33496,239034
744,tintoy,6,0.00251,235060,98.33748,239034
745,vargaz,6,0.00251,235066,98.33999,239034
746,viktorklang,6,0.00251,235072,98.34250,239034
747,yursha,6,0.00251,235078,98.34501,239034
748,ababkov,5,0.00209,235083,98.34710,239034
749,adiaaida,5,0.00209,235088,98.34919,239034
750,adityamandaleeka,5,0.00209,235093,98.35128,239034
751,aickin,5,0.00209,235098,98.35337,239034
752,alanorth,5,0.00209,235103,98.35546,239034
753,alfaproject,5,0.00209,235108,98.35756,239034
754,amogilev,5,0.00209,235113,98.35965,239034
755,AndreasCag,5,0.00209,235118,98.36174,239034
756,andrleite,5,0.00209,235123,98.36383,239034
757,avindra,5,0.00209,235128,98.36592,239034
758,beeman,5,0.00209,235133,98.36801,239034
759,BruceForstall,5,0.00209,235138,98.37011,239034
760,chentsulin,5,0.00209,235143,98.37220,239034
761,crosscompile,5,0.00209,235148,98.37429,239034
762,dantman,5,0.00209,235153,98.37638,239034
763,davmason,5,0.00209,235158,98.37847,239034
764,demohi,5,0.00209,235163,98.38057,239034
765,dschenkelman,5,0.00209,235168,98.38266,239034
766,dseefeld,5,0.00209,235173,98.38475,239034
767,DylanPiercey,5,0.00209,235178,98.38684,239034
768,elyobo,5,0.00209,235183,98.38893,239034
769,epeli,5,0.00209,235188,98.39102,239034
770,eps1lon,5,0.00209,235193,98.39312,239034
771,erozenfeld,5,0.00209,235198,98.39521,239034
772,EtaiG,5,0.00209,235203,98.39730,239034
773,Eunix,5,0.00209,235208,98.39939,239034
774,fat,5,0.00209,235213,98.40148,239034
775,foolip,5,0.00209,235218,98.40357,239034
776,gillyb,5,0.00209,235223,98.40567,239034
777,hann013,5,0.00209,235228,98.40776,239034
778,iz4blue,5,0.00209,235233,98.40985,239034
779,jeffmo,5,0.00209,235238,98.41194,239034
780,jergason,5,0.00209,235243,98.41403,239034
781,jesselpalmer,5,0.00209,235248,98.41612,239034
782,jlavallee,5,0.00209,235253,98.41822,239034
783,jmezach,5,0.00209,235258,98.42031,239034
784,JoeCortopassi,5,0.00209,235263,98.42240,239034
785,kasiabulat,5,0.00209,235268,98.42449,239034
786,keeratsingh,5,0.00209,235273,98.42658,239034
787,kevinburke,5,0.00209,235278,98.42868,239034
788,KKhurin,5,0.00209,235283,98.43077,239034
789,lander2k2,5,0.00209,235288,98.43286,239034
790,leecow,5,0.00209,235293,98.43495,239034
791,lextiz,5,0.00209,235298,98.43704,239034
792,LitoMore,5,0.00209,235303,98.43913,239034
793,lnfnunes,5,0.00209,235308,98.44123,239034
794,louy,5,0.00209,235313,98.44332,239034
795,maltefiala,5,0.00209,235318,98.44541,239034
796,manughub,5,0.00209,235323,98.44750,239034
797,markstos,5,0.00209,235328,98.44959,239034
798,marob,5,0.00209,235333,98.45168,239034
799,michal-franc,5,0.00209,235338,98.45378,239034
800,middagj,5,0.00209,235343,98.45587,239034
801,mohsen1,5,0.00209,235348,98.45796,239034
802,monkeywithacupcake,5,0.00209,235353,98.46005,239034
803,Morishiri,5,0.00209,235358,98.46214,239034
804,msmeissn,5,0.00209,235363,98.46424,239034
805,nchikanov,5,0.00209,235368,98.46633,239034
806,nordligulv,5,0.00209,235373,98.46842,239034
807,ORESoftware,5,0.00209,235378,98.47051,239034
808,orta,5,0.00209,235383,98.47260,239034
809,peteretelej,5,0.00209,235388,98.47469,239034
810,pluma,5,0.00209,235393,98.47679,239034
811,raboof,5,0.00209,235398,98.47888,239034
812,repinel,5,0.00209,235403,98.48097,239034
813,RobJohnston,5,0.00209,235408,98.48306,239034
814,rosskevin,5,0.00209,235413,98.48515,239034
815,RReverser,5,0.00209,235418,98.48724,239034
816,rschmitt,5,0.00209,235423,98.48934,239034
817,ScottSWu,5,0.00209,235428,98.49143,239034
818,seans3,5,0.00209,235433,98.49352,239034
819,sebastienros,5,0.00209,235438,98.49561,239034
820,sfuhrm,5,0.00209,235443,98.49770,239034
821,simo5,5,0.00209,235448,98.49980,239034
822,solomax,5,0.00209,235453,98.50189,239034
823,STRML,5,0.00209,235458,98.50398,239034
824,stroncium,5,0.00209,235463,98.50607,239034
825,TedSander,5,0.00209,235468,98.50816,239034
826,thefourtheye,5,0.00209,235473,98.51025,239034
827,tjcelaya,5,0.00209,235478,98.51235,239034
828,tjvantoll,5,0.00209,235483,98.51444,239034
829,tmurakam,5,0.00209,235488,98.51653,239034
830,tomByrer,5,0.00209,235493,98.51862,239034
831,WikiDiscoverer,5,0.00209,235498,98.52071,239034
832,yizhang82,5,0.00209,235503,98.52280,239034
833,zbjornson,5,0.00209,235508,98.52490,239034
834,ztsmith,5,0.00209,235513,98.52699,239034
835,2m,4,0.00167,235517,98.52866,239034
836,AdriVanHoudt,4,0.00167,235521,98.53033,239034
837,Airblader,4,0.00167,235525,98.53201,239034
838,alexanderrtaylor,4,0.00167,235529,98.53368,239034
839,AlfredoMS,4,0.00167,235533,98.53535,239034
840,alisianoi,4,0.00167,235537,98.53703,239034
841,AndersDJohnson,4,0.00167,235541,98.53870,239034
842,aorinevo,4,0.00167,235545,98.54038,239034
843,aroben,4,0.00167,235549,98.54205,239034
844,asnowwolf,4,0.00167,235553,98.54372,239034
845,audionerd,4,0.00167,235557,98.54540,239034
846,augusto-cdxs,4,0.00167,235561,98.54707,239034
847,b3vegan,4,0.00167,235565,98.54874,239034
848,barney2k7,4,0.00167,235569,98.55042,239034
849,beatgammit,4,0.00167,235573,98.55209,239034
850,benmosher,4,0.00167,235577,98.55376,239034
851,bfred-it,4,0.00167,235581,98.55544,239034
852,bmeck,4,0.00167,235585,98.55711,239034
853,boenrobot,4,0.00167,235589,98.55878,239034
854,brandon93s,4,0.00167,235593,98.56046,239034
855,cakofony,4,0.00167,235597,98.56213,239034
856,carltonf,4,0.00167,235601,98.56380,239034
857,cbaker423,4,0.00167,235605,98.56548,239034
858,cheapsteak,4,0.00167,235609,98.56715,239034
859,cheenamalhotra,4,0.00167,235613,98.56882,239034
860,chicoxyzzy,4,0.00167,235617,98.57050,239034
861,cjihrig,4,0.00167,235621,98.57217,239034
862,CompuIves,4,0.00167,235625,98.57384,239034
863,cshung,4,0.00167,235629,98.57552,239034
864,ctaggart,4,0.00167,235633,98.57719,239034
865,cyan33,4,0.00167,235637,98.57886,239034
866,david-proctor,4,0.00167,235641,98.58054,239034
867,davkean,4,0.00167,235645,98.58221,239034
868,delgurth,4,0.00167,235649,98.58388,239034
869,DenrizSusam,4,0.00167,235653,98.58556,239034
870,dickwall,4,0.00167,235657,98.58723,239034
871,dimitrisli,4,0.00167,235661,98.58890,239034
872,disjukr,4,0.00167,235665,98.59058,239034
873,dnozay,4,0.00167,235669,98.59225,239034
874,donaldpipowitch,4,0.00167,235673,98.59392,239034
875,don-vip,4,0.00167,235677,98.59560,239034
876,ducminhn,4,0.00167,235681,98.59727,239034
877,eadamsintel,4,0.00167,235685,98.59894,239034
878,edtan,4,0.00167,235689,98.60062,239034
879,eed3si9n,4,0.00167,235693,98.60229,239034
880,eirslett,4,0.00167,235697,98.60396,239034
881,ElanHasson,4,0.00167,235701,98.60564,239034
882,elgalu,4,0.00167,235705,98.60731,239034
883,ericelliott,4,0.00167,235709,98.60898,239034
884,ericnakagawa,4,0.00167,235713,98.61066,239034
885,erik-krogh,4,0.00167,235717,98.61233,239034
886,EsrefDurna,4,0.00167,235721,98.61400,239034
887,EvanCarroll,4,0.00167,235725,98.61568,239034
888,ExplodingCabbage,4,0.00167,235729,98.61735,239034
889,ffflorian,4,0.00167,235733,98.61902,239034
890,fidian,4,0.00167,235737,98.62070,239034
891,gajus,4,0.00167,235741,98.62237,239034
892,geekysrm,4,0.00167,235745,98.62405,239034
893,glenjamin,4,0.00167,235749,98.62572,239034
894,gnarf,4,0.00167,235753,98.62739,239034
895,gre,4,0.00167,235757,98.62907,239034
896,guptasourabh04,4,0.00167,235761,98.63074,239034
897,hildjj,4,0.00167,235765,98.63241,239034
898,Hypnosphi,4,0.00167,235769,98.63409,239034
899,ianwalter,4,0.00167,235773,98.63576,239034
900,IljaDaderko,4,0.00167,235777,98.63743,239034
901,intellix,4,0.00167,235781,98.63911,239034
902,ioanacrant,4,0.00167,235785,98.64078,239034
903,jacklaurencegaray,4,0.00167,235789,98.64245,239034
904,jamestalmage,4,0.00167,235793,98.64413,239034
905,janpio,4,0.00167,235797,98.64580,239034
906,jaredpar,4,0.00167,235801,98.64747,239034
907,jaredpetersen,4,0.00167,235805,98.64915,239034
908,jayphelps,4,0.00167,235809,98.65082,239034
909,jeffomatic,4,0.00167,235813,98.65249,239034
910,jesstelford,4,0.00167,235817,98.65417,239034
911,jifeon,4,0.00167,235821,98.65584,239034
912,joelbraun,4,0.00167,235825,98.65751,239034
913,josguil,4,0.00167,235829,98.65919,239034
914,Jozkee,4,0.00167,235833,98.66086,239034
915,jugglinmike,4,0.00167,235837,98.66253,239034
916,justingrant,4,0.00167,235841,98.66421,239034
917,juthilo,4,0.00167,235845,98.66588,239034
918,kborchers,4,0.00167,235849,98.66755,239034
919,Kingwl,4,0.00167,235853,98.66923,239034
920,Laisky,4,0.00167,235857,98.67090,239034
921,lencioni,4,0.00167,235861,98.67257,239034
922,lipis,4,0.00167,235865,98.67425,239034
923,LukasDrgon,4,0.00167,235869,98.67592,239034
924,lvarayut,4,0.00167,235873,98.67759,239034
925,lyubomyr-shaydariv,4,0.00167,235877,98.67927,239034
926,markspolakovs,4,0.00167,235881,98.68094,239034
927,marvinhagemeister,4,0.00167,235885,98.68261,239034
928,mattbrundage,4,0.00167,235889,98.68429,239034
929,matthewjohnston4,4,0.00167,235893,98.68596,239034
930,mboudreau,4,0.00167,235897,98.68763,239034
931,mdedetrich,4,0.00167,235901,98.68931,239034
932,mfunkie,4,0.00167,235905,98.69098,239034
933,MidnightWonderer,4,0.00167,235909,98.69265,239034
934,mirabilos,4,0.00167,235913,98.69433,239034
935,mitchellwills,4,0.00167,235917,98.69600,239034
936,monkpit,4,0.00167,235921,98.69767,239034
937,morenoh149,4,0.00167,235925,98.69935,239034
938,mortonfox,4,0.00167,235929,98.70102,239034
939,motiz88,4,0.00167,235933,98.70270,239034
940,m-sp,4,0.00167,235937,98.70437,239034
941,natemcmaster,4,0.00167,235941,98.70604,239034
942,nateq314,4,0.00167,235945,98.70772,239034
943,noscripter,4,0.00167,235949,98.70939,239034
944,nowells,4,0.00167,235953,98.71106,239034
945,ntwb,4,0.00167,235957,98.71274,239034
946,OmicronPersei,4,0.00167,235961,98.71441,239034
947,omouse,4,0.00167,235965,98.71608,239034
948,oscar-stripe,4,0.00167,235969,98.71776,239034
949,OwnageIsMagic,4,0.00167,235973,98.71943,239034
950,paulceli,4,0.00167,235977,98.72110,239034
951,perrin4869,4,0.00167,235981,98.72278,239034
952,poke,4,0.00167,235985,98.72445,239034
953,proth1,4,0.00167,235989,98.72612,239034
954,psachin,4,0.00167,235993,98.72780,239034
955,remal,4,0.00167,235997,98.72947,239034
956,rluba,4,0.00167,236001,98.73114,239034
957,rob-spoor,4,0.00167,236005,98.73282,239034
958,rtack,4,0.00167,236009,98.73449,239034
959,ruoho,4,0.00167,236013,98.73616,239034
960,ryysud,4,0.00167,236017,98.73784,239034
961,selbekk,4,0.00167,236021,98.73951,239034
962,serima,4,0.00167,236025,98.74118,239034
963,shahata,4,0.00167,236029,98.74286,239034
964,simon04,4,0.00167,236033,98.74453,239034
965,StephenFluin,4,0.00167,236037,98.74620,239034
966,Stolr,4,0.00167,236041,98.74788,239034
967,sywhang,4,0.00167,236045,98.74955,239034
968,taion,4,0.00167,236049,98.75122,239034
969,thekiba,4,0.00167,236053,98.75290,239034
970,thomasmey,4,0.00167,236057,98.75457,239034
971,tobiasschweizer,4,0.00167,236061,98.75624,239034
972,Urigo,4,0.00167,236065,98.75792,239034
973,usmonster,4,0.00167,236069,98.75959,239034
974,verhas,4,0.00167,236073,98.76126,239034
975,wi-ski,4,0.00167,236077,98.76294,239034
976,wtgtybhertgeghgtwtg,4,0.00167,236081,98.76461,239034
977,xkxx,4,0.00167,236085,98.76628,239034
978,xt0rted,4,0.00167,236089,98.76796,239034
979,ZDroid,4,0.00167,236093,98.76963,239034
980,Zenexer,4,0.00167,236097,98.77130,239034
981,zoechi,4,0.00167,236101,98.77298,239034
982,adrogon,3,0.00126,236104,98.77423,239034
983,aheckmann,3,0.00126,236107,98.77549,239034
984,ajaygm,3,0.00126,236110,98.77674,239034
985,aldermoovel,3,0.00126,236113,98.77800,239034
986,Alhadis,3,0.00126,236116,98.77925,239034
987,amitport,3,0.00126,236119,98.78051,239034
988,aquavitae,3,0.00126,236122,98.78176,239034
989,askpt,3,0.00126,236125,98.78302,239034
990,basarat,3,0.00126,236128,98.78427,239034
991,bcomnes,3,0.00126,236131,98.78553,239034
992,benjamn,3,0.00126,236134,98.78678,239034
993,BernhardRode,3,0.00126,236137,98.78804,239034
994,bhanuprasad14,3,0.00126,236140,98.78929,239034
995,bjori,3,0.00126,236143,98.79055,239034
996,BlockLabTV,3,0.00126,236146,98.79180,239034
997,blowdart,3,0.00126,236149,98.79306,239034
998,bluelovers,3,0.00126,236152,98.79431,239034
999,bradlygreen,3,0.00126,236155,98.79557,239034
1000,BrennanConroy,3,0.00126,236158,98.79682,239034
1001,Brooooooklyn,3,0.00126,236161,98.79808,239034
1002,callumlocke,3,0.00126,236164,98.79933,239034
1003,centromere,3,0.00126,236167,98.80059,239034
1004,chrishiestand,3,0.00126,236170,98.80184,239034
1005,cmfcmf,3,0.00126,236173,98.80310,239034
1006,cmilam87,3,0.00126,236176,98.80435,239034
1007,colinmorelli,3,0.00126,236179,98.80561,239034
1008,contextshuffling,3,0.00126,236182,98.80686,239034
1009,craigdanj,3,0.00126,236185,98.80812,239034
1010,dandv,3,0.00126,236188,98.80937,239034
1011,danielhusar,3,0.00126,236191,98.81063,239034
1012,DanielSeehausen,3,0.00126,236194,98.81188,239034
1013,DanLipsitt,3,0.00126,236197,98.81314,239034
1014,daveisfera,3,0.00126,236200,98.81439,239034
1015,davidaurelio,3,0.00126,236203,98.81565,239034
1016,davidkarlsen,3,0.00126,236206,98.81690,239034
1017,daxtens,3,0.00126,236209,98.81816,239034
1018,dcherman,3,0.00126,236212,98.81941,239034
1019,deinok,3,0.00126,236215,98.82067,239034
1020,Deklin,3,0.00126,236218,98.82192,239034
1021,denis-sokolov,3,0.00126,236221,98.82318,239034
1022,dongjoon-hyun,3,0.00126,236224,98.82444,239034
1023,dosentmatter,3,0.00126,236227,98.82569,239034
1024,doughd,3,0.00126,236230,98.82695,239034
1025,drcrallen,3,0.00126,236233,98.82820,239034
1026,drumonii,3,0.00126,236236,98.82946,239034
1027,dzuremar,3,0.00126,236239,98.83071,239034
1028,eflorespalma,3,0.00126,236242,98.83197,239034
1029,egor-n,3,0.00126,236245,98.83322,239034
1030,ehershey,3,0.00126,236248,98.83448,239034
1031,eightnoneone,3,0.00126,236251,98.83573,239034
1032,farzonl,3,0.00126,236254,98.83699,239034
1033,fatihafizoglu,3,0.00126,236257,98.83824,239034
1034,ForJing,3,0.00126,236260,98.83950,239034
1035,francoischalifour,3,0.00126,236263,98.84075,239034
1036,frozencemetery,3,0.00126,236266,98.84201,239034
1037,gavlyukovskiy,3,0.00126,236269,98.84326,239034
1038,govindrai,3,0.00126,236272,98.84452,239034
1039,Gozala,3,0.00126,236275,98.84577,239034
1040,greysteil,3,0.00126,236278,98.84703,239034
1041,gsans,3,0.00126,236281,98.84828,239034
1042,gswalden,3,0.00126,236284,98.84954,239034
1043,hankduan,3,0.00126,236287,98.85079,239034
1044,haraldreingruber,3,0.00126,236290,98.85205,239034
1045,Hearen,3,0.00126,236293,98.85330,239034
1046,horprogs,3,0.00126,236296,98.85456,239034
1047,hsingh23,3,0.00126,236299,98.85581,239034
1048,hughsk,3,0.00126,236302,98.85707,239034
1049,hzamani,3,0.00126,236305,98.85832,239034
1050,icambron,3,0.00126,236308,98.85958,239034
1051,iemejia,3,0.00126,236311,98.86083,239034
1052,imsky,3,0.00126,236314,98.86209,239034
1053,ionspin,3,0.00126,236317,98.86334,239034
1054,isiahmeadows,3,0.00126,236320,98.86460,239034
1055,JacoKoster,3,0.00126,236323,98.86585,239034
1056,janekdb,3,0.00126,236326,98.86711,239034
1057,jasnell,3,0.00126,236329,98.86836,239034
1058,JBallin,3,0.00126,236332,98.86962,239034
1059,JBtje,3,0.00126,236335,98.87087,239034
1060,JobLeonard,3,0.00126,236338,98.87213,239034
1061,jochenw,3,0.00126,236341,98.87338,239034
1062,joeledwards,3,0.00126,236344,98.87464,239034
1063,JohnChen0,3,0.00126,236347,98.87589,239034
1064,johnchen902,3,0.00126,236350,98.87715,239034
1065,johngmyers,3,0.00126,236353,98.87840,239034
1066,jokeyrhyme,3,0.00126,236356,98.87966,239034
1067,jonbretman,3,0.00126,236359,98.88091,239034
1068,JosephPecoraro,3,0.00126,236362,98.88217,239034
1069,jsina,3,0.00126,236365,98.88342,239034
1070,jtheoof,3,0.00126,236368,98.88468,239034
1071,JunSun17,3,0.00126,236371,98.88593,239034
1072,jure,3,0.00126,236374,98.88719,239034
1073,jwalton,3,0.00126,236377,98.88844,239034
1074,jwandrews,3,0.00126,236380,98.88970,239034
1075,kaycebasques,3,0.00126,236383,98.89095,239034
1076,kevinashworth,3,0.00126,236386,98.89221,239034
1077,KimBurgess,3,0.00126,236389,98.89346,239034
1078,kingisaac95,3,0.00126,236392,98.89472,239034
1079,kirill-usov,3,0.00126,236395,98.89597,239034
1080,klieber,3,0.00126,236398,98.89723,239034
1081,kmarinushkin,3,0.00126,236401,98.89848,239034
1082,knowbody,3,0.00126,236404,98.89974,239034
1083,kunagpal,3,0.00126,236407,98.90099,239034
1084,lajones,3,0.00126,236410,98.90225,239034
1085,leebyron,3,0.00126,236413,98.90350,239034
1086,lexjacobs,3,0.00126,236416,98.90476,239034
1087,Lixire,3,0.00126,236419,98.90601,239034
1088,lookfirst,3,0.00126,236422,98.90727,239034
1089,lovasoa,3,0.00126,236425,98.90852,239034
1090,lrsmith,3,0.00126,236428,98.90978,239034
1091,lucasleelz,3,0.00126,236431,98.91103,239034
1092,lysannef,3,0.00126,236434,98.91229,239034
1093,m0mus,3,0.00126,236437,98.91354,239034
1094,mairaw,3,0.00126,236440,98.91480,239034
1095,marclaval,3,0.00126,236443,98.91605,239034
1096,mark007,3,0.00126,236446,98.91731,239034
1097,markus1189,3,0.00126,236449,98.91856,239034
1098,martine,3,0.00126,236452,98.91982,239034
1099,martinheidegger,3,0.00126,236455,98.92107,239034
1100,mathieumg,3,0.00126,236458,98.92233,239034
1101,mausch,3,0.00126,236461,98.92358,239034
1102,m-burst,3,0.00126,236464,98.92484,239034
1103,mebigfatguy,3,0.00126,236467,98.92609,239034
1104,MeiKatz,3,0.00126,236470,98.92735,239034
1105,melloc,3,0.00126,236473,98.92860,239034
1106,MeyerNils,3,0.00126,236476,98.92986,239034
1107,MichaelSimons,3,0.00126,236479,98.93111,239034
1108,mikermcneil,3,0.00126,236482,98.93237,239034
1109,mike-rogers,3,0.00126,236485,98.93362,239034
1110,mikkomaunu,3,0.00126,236488,98.93488,239034
1111,misacorn,3,0.00126,236491,98.93613,239034
1112,miyajan,3,0.00126,236494,98.93739,239034
1113,mjhea0,3,0.00126,236497,98.93864,239034
1114,mohd-akram,3,0.00126,236500,98.93990,239034
1115,moorage,3,0.00126,236503,98.94115,239034
1116,morriq,3,0.00126,236506,98.94241,239034
1117,mrcoles,3,0.00126,236509,98.94366,239034
1118,msmania,3,0.00126,236512,98.94492,239034
1119,murphysean,3,0.00126,236515,98.94618,239034
1120,nanjingboy,3,0.00126,236518,98.94743,239034
1121,naturalwarren,3,0.00126,236521,98.94869,239034
1122,Nicholaiii,3,0.00126,236524,98.94994,239034
1123,nicojs,3,0.00126,236527,98.95120,239034
1124,NightlyNexus,3,0.00126,236530,98.95245,239034
1125,NiklasMerz,3,0.00126,236533,98.95371,239034
1126,NothingEverHappens,3,0.00126,236536,98.95496,239034
1127,oGsLP,3,0.00126,236539,98.95622,239034
1128,oliviertassinari,3,0.00126,236542,98.95747,239034
1129,onovotny,3,0.00126,236545,98.95873,239034
1130,onpaws,3,0.00126,236548,98.95998,239034
1131,onstring,3,0.00126,236551,98.96124,239034
1132,orischwartz,3,0.00126,236554,98.96249,239034
1133,partheseas,3,0.00126,236557,98.96375,239034
1134,pedrottimark,3,0.00126,236560,98.96500,239034
1135,peterfuwork,3,0.00126,236563,98.96626,239034
1136,petetnt,3,0.00126,236566,98.96751,239034
1137,phapdinh,3,0.00126,236569,98.96877,239034
1138,pieceofsummer,3,0.00126,236572,98.97002,239034
1139,pjohnmeyer,3,0.00126,236575,98.97128,239034
1140,pocesar,3,0.00126,236578,98.97253,239034
1141,popey456963,3,0.00126,236581,98.97379,239034
1142,pprindeville,3,0.00126,236584,98.97504,239034
1143,PunKeel,3,0.00126,236587,98.97630,239034
1144,rauchg,3,0.00126,236590,98.97755,239034
1145,RByers,3,0.00126,236593,98.97881,239034
1146,reedloden,3,0.00126,236596,98.98006,239034
1147,reiz,3,0.00126,236599,98.98132,239034
1148,rharter,3,0.00126,236602,98.98257,239034
1149,rhernandez35,3,0.00126,236605,98.98383,239034
1150,RicardoVaranda,3,0.00126,236608,98.98508,239034
1151,RobertKielty,3,0.00126,236611,98.98634,239034
1152,robstoll,3,0.00126,236614,98.98759,239034
1153,rolodato,3,0.00126,236617,98.98885,239034
1154,rriggin,3,0.00126,236620,98.99010,239034
1155,rrthomas,3,0.00126,236623,98.99136,239034
1156,rs017991,3,0.00126,236626,98.99261,239034
1157,ruiaraujo,3,0.00126,236629,98.99387,239034
1158,sahan91,3,0.00126,236632,98.99512,239034
1159,sanex3339,3,0.00126,236635,98.99638,239034
1160,santipalenque,3,0.00126,236638,98.99763,239034
1161,sebdeckers,3,0.00126,236641,98.99889,239034
1162,Sebmaster,3,0.00126,236644,99.00014,239034
1163,sebnow,3,0.00126,236647,99.00140,239034
1164,SensitiveMix,3,0.00126,236650,99.00265,239034
1165,sethpollack,3,0.00126,236653,99.00391,239034
1166,sfackler,3,0.00126,236656,99.00516,239034
1167,Shingyx,3,0.00126,236659,99.00642,239034
1168,ShivanKaul,3,0.00126,236662,99.00767,239034
1169,shrah,3,0.00126,236665,99.00893,239034
1170,shrasool,3,0.00126,236668,99.01018,239034
1171,silvenon,3,0.00126,236671,99.01144,239034
1172,smoke,3,0.00126,236674,99.01269,239034
1173,sobolevn,3,0.00126,236677,99.01395,239034
1174,Spikhalskiy,3,0.00126,236680,99.01520,239034
1175,stevezhu,3,0.00126,236683,99.01646,239034
1176,styfle,3,0.00126,236686,99.01771,239034
1177,tarikulsabbir,3,0.00126,236689,99.01897,239034
1178,tatsuyafw,3,0.00126,236692,99.02022,239034
1179,tbroadley,3,0.00126,236695,99.02148,239034
1180,TheRoSS,3,0.00126,236698,99.02273,239034
1181,th-ko,3,0.00126,236701,99.02399,239034
1182,tienpham94,3,0.00126,236704,99.02524,239034
1183,tIGO,3,0.00126,236707,99.02650,239034
1184,tinchou,3,0.00126,236710,99.02775,239034
1185,tnguyen14,3,0.00126,236713,99.02901,239034
1186,tobegit3hub,3,0.00126,236716,99.03026,239034
1187,tombuildsstuff,3,0.00126,236719,99.03152,239034
1188,tonylukasavage,3,0.00126,236722,99.03277,239034
1189,TooTallNate,3,0.00126,236725,99.03403,239034
1190,tracker1,3,0.00126,236728,99.03528,239034
1191,trbngr,3,0.00126,236731,99.03654,239034
1192,trevorlinton,3,0.00126,236734,99.03779,239034
1193,trshafer,3,0.00126,236737,99.03905,239034
1194,tstringer,3,0.00126,236740,99.04030,239034
1195,ttowncompiled,3,0.00126,236743,99.04156,239034
1196,tuannvm,3,0.00126,236746,99.04281,239034
1197,Vadorequest,3,0.00126,236749,99.04407,239034
1198,vapier,3,0.00126,236752,99.04532,239034
1199,vinayvishal,3,0.00126,236755,99.04658,239034
1200,vitek-karas,3,0.00126,236758,99.04783,239034
1201,vlbee,3,0.00126,236761,99.04909,239034
1202,watson,3,0.00126,236764,99.05034,239034
1203,wilgert,3,0.00126,236767,99.05160,239034
1204,wmertens,3,0.00126,236770,99.05285,239034
1205,wub,3,0.00126,236773,99.05411,239034
1206,yangmillstheory,3,0.00126,236776,99.05536,239034
1207,yasirmhd,3,0.00126,236779,99.05662,239034
1208,ymekuria,3,0.00126,236782,99.05787,239034
1209,zhangyi089,3,0.00126,236785,99.05913,239034
1210,zjmiller,3,0.00126,236788,99.06038,239034
1211,zzz40500,3,0.00126,236791,99.06164,239034
1212,0xced,2,0.00084,236793,99.06248,239034
1213,0xflotus,2,0.00084,236795,99.06331,239034
1214,333fred,2,0.00084,236797,99.06415,239034
1215,8398a7,2,0.00084,236799,99.06499,239034
1216,aackerman,2,0.00084,236801,99.06582,239034
1217,A-And,2,0.00084,236803,99.06666,239034
1218,abalmos,2,0.00084,236805,99.06750,239034
1219,adamretter,2,0.00084,236807,99.06833,239034
1220,AdamWill,2,0.00084,236809,99.06917,239034
1221,adamyi,2,0.00084,236811,99.07001,239034
1222,adarrra,2,0.00084,236813,99.07084,239034
1223,adekbadek,2,0.00084,236815,99.07168,239034
1224,aelij,2,0.00084,236817,99.07252,239034
1225,afitiskin,2,0.00084,236819,99.07335,239034
1226,agray,2,0.00084,236821,99.07419,239034
1227,aianus,2,0.00084,236823,99.07503,239034
1228,ajcrowe,2,0.00084,236825,99.07586,239034
1229,ajfranzoia,2,0.00084,236827,99.07670,239034
1230,Alanscut,2,0.00084,236829,99.07754,239034
1231,albanm,2,0.00084,236831,99.07837,239034
1232,albertkang,2,0.00084,236833,99.07921,239034
1233,alehander42,2,0.00084,236835,99.08005,239034
1234,Aleksandyr,2,0.00084,236837,99.08088,239034
1235,AlekseyTs,2,0.00084,236839,99.08172,239034
1236,alexandrnikitin,2,0.00084,236841,99.08256,239034
1237,alexkrolick,2,0.00084,236843,99.08339,239034
1238,alfaslash,2,0.00084,236845,99.08423,239034
1239,alFReD-NSH,2,0.00084,236847,99.08507,239034
1240,alnikola,2,0.00084,236849,99.08590,239034
1241,alokmenghrajani,2,0.00084,236851,99.08674,239034
1242,ameyjadiye,2,0.00084,236853,99.08758,239034
1243,amohamme,2,0.00084,236855,99.08841,239034
1244,Anber,2,0.00084,236857,99.08925,239034
1245,andreitroiebbc,2,0.00084,236859,99.09009,239034
1246,andresroberto,2,0.00084,236861,99.09092,239034
1247,andyfleming,2,0.00084,236863,99.09176,239034
1248,angelo-v,2,0.00084,236865,99.09260,239034
1249,anibalardid,2,0.00084,236867,99.09343,239034
1250,anirudhramanan,2,0.00084,236869,99.09427,239034
1251,ankon,2,0.00084,236871,99.09511,239034
1252,anpete,2,0.00084,236873,99.09594,239034
1253,antonblanchard,2,0.00084,236875,99.09678,239034
1254,apaatsio,2,0.00084,236877,99.09762,239034
1255,arcana261,2,0.00084,236879,99.09845,239034
1256,armiiller,2,0.00084,236881,99.09929,239034
1257,arminsolecki,2,0.00084,236883,99.10013,239034
1258,armujahid,2,0.00084,236885,99.10096,239034
1259,arpitpandey0209,2,0.00084,236887,99.10180,239034
1260,artnez,2,0.00084,236889,99.10264,239034
1261,aschlapsi,2,0.00084,236891,99.10347,239034
1262,ashinzekene,2,0.00084,236893,99.10431,239034
1263,askhalil,2,0.00084,236895,99.10515,239034
1264,asottile,2,0.00084,236897,99.10598,239034
1265,atodorov,2,0.00084,236899,99.10682,239034
1266,autopulated,2,0.00084,236901,99.10766,239034
1267,azat,2,0.00084,236903,99.10850,239034
1268,B3zo0,2,0.00084,236905,99.10933,239034
1269,bahamas10,2,0.00084,236907,99.11017,239034
1270,banli17,2,0.00084,236909,99.11101,239034
1271,baopham,2,0.00084,236911,99.11184,239034
1272,bascoder,2,0.00084,236913,99.11268,239034
1273,bdougie,2,0.00084,236915,99.11352,239034
1274,behrangsa,2,0.00084,236917,99.11435,239034
1275,benatespina,2,0.00084,236919,99.11519,239034
1276,bengadbois,2,0.00084,236921,99.11603,239034
1277,benjaminp,2,0.00084,236923,99.11686,239034
1278,billymoon,2,0.00084,236925,99.11770,239034
1279,BinaryDevil,2,0.00084,236927,99.11854,239034
1280,bjarneo,2,0.00084,236929,99.11937,239034
1281,bkiselka,2,0.00084,236931,99.12021,239034
1282,BlueHatbRit,2,0.00084,236933,99.12105,239034
1283,bojand,2,0.00084,236935,99.12188,239034
1284,bokub,2,0.00084,236937,99.12272,239034
1285,brendo,2,0.00084,236939,99.12356,239034
1286,brettdh,2,0.00084,236941,99.12439,239034
1287,bripkens,2,0.00084,236943,99.12523,239034
1288,BrockBeaudry,2,0.00084,236945,99.12607,239034
1289,brycebaril,2,0.00084,236947,99.12690,239034
1290,bsingr,2,0.00084,236949,99.12774,239034
1291,btelles,2,0.00084,236951,99.12858,239034
1292,byronigoe,2,0.00084,236953,99.12941,239034
1293,bzoz,2,0.00084,236955,99.13025,239034
1294,calebboyd,2,0.00084,236957,99.13109,239034
1295,calebmer,2,0.00084,236959,99.13192,239034
1296,CarstenWickner,2,0.00084,236961,99.13276,239034
1297,cassianomon,2,0.00084,236963,99.13360,239034
1298,CatTail,2,0.00084,236965,99.13443,239034
1299,cbdeveloper,2,0.00084,236967,99.13527,239034
1300,ChadNedzlek,2,0.00084,236969,99.13611,239034
1301,chalup,2,0.00084,236971,99.13694,239034
1302,chanakasan,2,0.00084,236973,99.13778,239034
1303,charlierudolph,2,0.00084,236975,99.13862,239034
1304,charsleysa,2,0.00084,236977,99.13945,239034
1305,chrisdukakis,2,0.00084,236979,99.14029,239034
1306,christophercurrie,2,0.00084,236981,99.14113,239034
1307,christopher-s-hall,2,0.00084,236983,99.14196,239034
1308,cianclarke,2,0.00084,236985,99.14280,239034
1309,cif,2,0.00084,236987,99.14364,239034
1310,cminyard,2,0.00084,236989,99.14447,239034
1311,cn007b,2,0.00084,236991,99.14531,239034
1312,cneijenhuis,2,0.00084,236993,99.14615,239034
1313,CodeMan99,2,0.00084,236995,99.14698,239034
1314,CodyReichert,2,0.00084,236997,99.14782,239034
1315,colesimmons,2,0.00084,236999,99.14866,239034
1316,coleturner,2,0.00084,237001,99.14949,239034
1317,colindickson,2,0.00084,237003,99.15033,239034
1318,Coly010,2,0.00084,237005,99.15117,239034
1319,coreybutler,2,0.00084,237007,99.15200,239034
1320,coryhouse,2,0.00084,237009,99.15284,239034
1321,cos,2,0.00084,237011,99.15368,239034
1322,coxlinton,2,0.00084,237013,99.15451,239034
1323,crossjs,2,0.00084,237015,99.15535,239034
1324,ctavan,2,0.00084,237017,99.15619,239034
1325,cushon,2,0.00084,237019,99.15702,239034
1326,cwe1ss,2,0.00084,237021,99.15786,239034
1327,d2bit,2,0.00084,237023,99.15870,239034
1328,danryan,2,0.00084,237025,99.15953,239034
1329,danthegoodman,2,0.00084,237027,99.16037,239034
1330,dariusk,2,0.00084,237029,99.16121,239034
1331,DavidePastore,2,0.00084,237031,99.16204,239034
1332,DavSanchez,2,0.00084,237033,99.16288,239034
1333,DAXaholic,2,0.00084,237035,99.16372,239034
1334,daxian-dbw,2,0.00084,237037,99.16455,239034
1335,dblevins,2,0.00084,237039,99.16539,239034
1336,ddunkin,2,0.00084,237041,99.16623,239034
1337,deki,2,0.00084,237043,99.16706,239034
1338,delavara,2,0.00084,237045,99.16790,239034
1339,delirius325,2,0.00084,237047,99.16874,239034
1340,delitescere,2,0.00084,237049,99.16957,239034
1341,dhurlburtusa,2,0.00084,237051,99.17041,239034
1342,dianjuar,2,0.00084,237053,99.17125,239034
1343,dlax,2,0.00084,237055,99.17208,239034
1344,dmnd,2,0.00084,237057,99.17292,239034
1345,dnalborczyk,2,0.00084,237059,99.17376,239034
1346,domoritz,2,0.00084,237061,99.17459,239034
1347,dota17,2,0.00084,237063,99.17543,239034
1348,dot-asm,2,0.00084,237065,99.17627,239034
1349,dotLou,2,0.00084,237067,99.17710,239034
1350,douglasknudsen,2,0.00084,237069,99.17794,239034
1351,DQNEO,2,0.00084,237071,99.17878,239034
1352,DrPizza,2,0.00084,237073,99.17961,239034
1353,dsplaisted,2,0.00084,237075,99.18045,239034
1354,dushmis,2,0.00084,237077,99.18129,239034
1355,dveeden,2,0.00084,237079,99.18212,239034
1356,dwanderton,2,0.00084,237081,99.18296,239034
1357,ecnepsnai,2,0.00084,237083,99.18380,239034
1358,eddiemonge,2,0.00084,237085,99.18463,239034
1359,Eddman,2,0.00084,237087,99.18547,239034
1360,ehmicky,2,0.00084,237089,99.18631,239034
1361,Eisermann,2,0.00084,237091,99.18714,239034
1362,ejpbruel,2,0.00084,237093,99.18798,239034
1363,ekkis,2,0.00084,237095,99.18882,239034
1364,elkdanger,2,0.00084,237097,99.18966,239034
1365,eloytoro,2,0.00084,237099,99.19049,239034
1366,emilio,2,0.00084,237101,99.19133,239034
1367,EmilTholin,2,0.00084,237103,99.19217,239034
1368,ericcurtin,2,0.00084,237105,99.19300,239034
1369,Errorname,2,0.00084,237107,99.19384,239034
1370,eternalharvest,2,0.00084,237109,99.19468,239034
1371,Ethan-Arrowood,2,0.00084,237111,99.19551,239034
1372,evancarey,2,0.00084,237113,99.19635,239034
1373,fatso83,2,0.00084,237115,99.19719,239034
1374,felixyonex,2,0.00084,237117,99.19802,239034
1375,feloy,2,0.00084,237119,99.19886,239034
1376,fishbar,2,0.00084,237121,99.19970,239034
1377,FlashSheridan,2,0.00084,237123,99.20053,239034
1378,FokkeZB,2,0.00084,237125,99.20137,239034
1379,fommil,2,0.00084,237127,99.20221,239034
1380,fpoumian,2,0.00084,237129,99.20304,239034
1381,francisdb,2,0.00084,237131,99.20388,239034
1382,francois2metz,2,0.00084,237133,99.20472,239034
1383,frehner,2,0.00084,237135,99.20555,239034
1384,fridays,2,0.00084,237137,99.20639,239034
1385,frosas,2,0.00084,237139,99.20723,239034
1386,frostming,2,0.00084,237141,99.20806,239034
1387,fson,2,0.00084,237143,99.20890,239034
1388,GabrielNicolasAvellaneda,2,0.00084,237145,99.20974,239034
1389,gengjiawen,2,0.00084,237147,99.21057,239034
1390,ghuntley,2,0.00084,237149,99.21141,239034
1391,gkwang,2,0.00084,237151,99.21225,239034
1392,Glazy,2,0.00084,237153,99.21308,239034
1393,gnomeontherun,2,0.00084,237155,99.21392,239034
1394,goenning,2,0.00084,237157,99.21476,239034
1395,gonzalez,2,0.00084,237159,99.21559,239034
1396,gpspake,2,0.00084,237161,99.21643,239034
1397,grant,2,0.00084,237163,99.21727,239034
1398,Grasseh,2,0.00084,237165,99.21810,239034
1399,gregkalapos,2,0.00084,237167,99.21894,239034
1400,Gregoirevda,2,0.00084,237169,99.21978,239034
1401,gregturn,2,0.00084,237171,99.22061,239034
1402,guiguan,2,0.00084,237173,99.22145,239034
1403,gupash,2,0.00084,237175,99.22229,239034
1404,hairyhenderson,2,0.00084,237177,99.22312,239034
1405,halkeye,2,0.00084,237179,99.22396,239034
1406,hans-kinnek,2,0.00084,237181,99.22480,239034
1407,hbrotan,2,0.00084,237183,99.22563,239034
1408,hemp,2,0.00084,237185,99.22647,239034
1409,henderea,2,0.00084,237187,99.22731,239034
1410,henryqdineen,2,0.00084,237189,99.22814,239034
1411,heshamMassoud,2,0.00084,237191,99.22898,239034
1412,himynameisdave,2,0.00084,237193,99.22982,239034
1413,holyjak,2,0.00084,237195,99.23065,239034
1414,hotpxl,2,0.00084,237197,99.23149,239034
1415,humiaozuzu,2,0.00084,237199,99.23233,239034
1416,hxsf,2,0.00084,237201,99.23316,239034
1417,hzh,2,0.00084,237203,99.23400,239034
1418,iamdoron,2,0.00084,237205,99.23484,239034
1419,icholy,2,0.00084,237207,99.23567,239034
1420,ide,2,0.00084,237209,99.23651,239034
1421,idlerboris,2,0.00084,237211,99.23735,239034
1422,ieatfood,2,0.00084,237213,99.23818,239034
1423,igorline,2,0.00084,237215,99.23902,239034
1424,ilyasidorchik,2,0.00084,237217,99.23986,239034
1425,indutny,2,0.00084,237219,99.24069,239034
1426,infrastation,2,0.00084,237221,99.24153,239034
1427,istarkov,2,0.00084,237223,99.24237,239034
1428,itchyny,2,0.00084,237225,99.24320,239034
1429,jacobwgillespie,2,0.00084,237227,99.24404,239034
1430,jahraphael,2,0.00084,237229,99.24488,239034
1431,JakeChampion,2,0.00084,237231,99.24571,239034
1432,jakewins,2,0.00084,237233,99.24655,239034
1433,james-callahan,2,0.00084,237235,99.24739,239034
1434,jamesgpearce,2,0.00084,237237,99.24822,239034
1435,jamesward,2,0.00084,237239,99.24906,239034
1436,Jamim,2,0.00084,237241,99.24990,239034
1437,jamshedd,2,0.00084,237243,99.25073,239034
1438,JandersonConstantino,2,0.00084,237245,99.25157,239034
1439,jannic,2,0.00084,237247,99.25241,239034
1440,jaswilli,2,0.00084,237249,99.25324,239034
1441,javache,2,0.00084,237251,99.25408,239034
1442,jbarnettwomply,2,0.00084,237253,99.25492,239034
1443,jboavida,2,0.00084,237255,99.25575,239034
1444,jchris,2,0.00084,237257,99.25659,239034
1445,jcrben,2,0.00084,237259,99.25743,239034
1446,jcspader,2,0.00084,237261,99.25826,239034
1447,jd-carroll,2,0.00084,237263,99.25910,239034
1448,jdelStrother,2,0.00084,237265,99.25994,239034
1449,jdorfman,2,0.00084,237267,99.26077,239034
1450,jdufresne,2,0.00084,237269,99.26161,239034
1451,jedwards1211,2,0.00084,237271,99.26245,239034
1452,jeffschwMSFT,2,0.00084,237273,99.26328,239034
1453,jennifer-mann,2,0.00084,237275,99.26412,239034
1454,jeremenichelli,2,0.00084,237277,99.26496,239034
1455,jeremycline,2,0.00084,237279,99.26579,239034
1456,jermowery,2,0.00084,237281,99.26663,239034
1457,jerome-nelson,2,0.00084,237283,99.26747,239034
1458,jgalat,2,0.00084,237285,99.26830,239034
1459,jhabdas,2,0.00084,237287,99.26914,239034
1460,jimcarley,2,0.00084,237289,99.26998,239034
1461,jimthedev,2,0.00084,237291,99.27082,239034
1462,jisaacks,2,0.00084,237293,99.27165,239034
1463,jmendeth,2,0.00084,237295,99.27249,239034
1464,jniebuhr,2,0.00084,237297,99.27333,239034
1465,joearasin,2,0.00084,237299,99.27416,239034
1466,joej164,2,0.00084,237301,99.27500,239034
1467,joel-leitch,2,0.00084,237303,99.27584,239034
1468,joelongstreet,2,0.00084,237305,99.27667,239034
1469,johnhampton,2,0.00084,237307,99.27751,239034
1470,johnjbarton,2,0.00084,237309,99.27835,239034
1471,johnjohndoe,2,0.00084,237311,99.27918,239034
1472,joliss,2,0.00084,237313,99.28002,239034
1473,jonasfj,2,0.00084,237315,99.28086,239034
1474,jordanstephens,2,0.00084,237317,99.28169,239034
1475,joshalling,2,0.00084,237319,99.28253,239034
1476,joshcanhelp,2,0.00084,237321,99.28337,239034
1477,joshuagl,2,0.00084,237323,99.28420,239034
1478,joshuawilson,2,0.00084,237325,99.28504,239034
1479,joyzheng,2,0.00084,237327,99.28588,239034
1480,jrevillas,2,0.00084,237329,99.28671,239034
1481,juandiana,2,0.00084,237331,99.28755,239034
1482,julio-lopez,2,0.00084,237333,99.28839,239034
1483,julkwel,2,0.00084,237335,99.28922,239034
1484,JustATrick,2,0.00084,237337,99.29006,239034
1485,jvz,2,0.00084,237339,99.29090,239034
1486,Jwan622,2,0.00084,237341,99.29173,239034
1487,jwise,2,0.00084,237343,99.29257,239034
1488,kambleaa007,2,0.00084,237345,99.29341,239034
1489,kamranayub,2,0.00084,237347,99.29424,239034
1490,karlhorky,2,0.00084,237349,99.29508,239034
1491,keithamus,2,0.00084,237351,99.29592,239034
1492,kevinsimper,2,0.00084,237353,99.29675,239034
1493,kevinSuttle,2,0.00084,237355,99.29759,239034
1494,keyan,2,0.00084,237357,99.29843,239034
1495,kindy,2,0.00084,237359,99.29926,239034
1496,KirankumarAmbati,2,0.00084,237361,99.30010,239034
1497,kirk91,2,0.00084,237363,99.30094,239034
1498,KodrAus,2,0.00084,237365,99.30177,239034
1499,kor-k,2,0.00084,237367,99.30261,239034
1500,kostasp,2,0.00084,237369,99.30345,239034
1501,kpdecker,2,0.00084,237371,99.30428,239034
1502,kpping,2,0.00084,237373,99.30512,239034
1503,krusolu,2,0.00084,237375,99.30596,239034
1504,KyleAMathews,2,0.00084,237377,99.30679,239034
1505,lacolaco,2,0.00084,237379,99.30763,239034
1506,larsgrefer,2,0.00084,237381,99.30847,239034
1507,lazywithclass,2,0.00084,237383,99.30930,239034
1508,lbalmaceda,2,0.00084,237385,99.31014,239034
1509,LeSuisse,2,0.00084,237387,99.31098,239034
1510,libHive,2,0.00084,237389,99.31181,239034
1511,lidavidm,2,0.00084,237391,99.31265,239034
1512,lifeiscontent,2,0.00084,237393,99.31349,239034
1513,liff,2,0.00084,237395,99.31432,239034
1514,light24bulbs,2,0.00084,237397,99.31516,239034
1515,ligurio,2,0.00084,237399,99.31600,239034
1516,listton,2,0.00084,237401,99.31683,239034
1517,localheinz,2,0.00084,237403,99.31767,239034
1518,LoicMahieu,2,0.00084,237405,99.31851,239034
1519,lostintangent,2,0.00084,237407,99.31934,239034
1520,lox,2,0.00084,237409,99.32018,239034
1521,luigiberrettini,2,0.00084,237411,99.32102,239034
1522,lukehorvat,2,0.00084,237413,99.32185,239034
1523,lukewestby,2,0.00084,237415,99.32269,239034
1524,lvinniel,2,0.00084,237417,99.32353,239034
1525,magnificode,2,0.00084,237419,99.32436,239034
1526,maleetz,2,0.00084,237421,99.32520,239034
1527,marciopuga,2,0.00084,237423,99.32604,239034
1528,marcospassos,2,0.00084,237425,99.32687,239034
1529,marionebl,2,0.00084,237427,99.32771,239034
1530,markgardner,2,0.00084,237429,99.32855,239034
1531,MarkHerhold,2,0.00084,237431,99.32938,239034
1532,MarshallOfSound,2,0.00084,237433,99.33022,239034
1533,martinmcwhorter,2,0.00084,237435,99.33106,239034
1534,mastermatt,2,0.00084,237437,99.33189,239034
1535,matteofigus,2,0.00084,237439,99.33273,239034
1536,MatthewHerbst,2,0.00084,237441,99.33357,239034
1537,MatthiasKunnen,2,0.00084,237443,99.33440,239034
1538,mattjanssen,2,0.00084,237445,99.33524,239034
1539,mattpolzin,2,0.00084,237447,99.33608,239034
1540,mblair,2,0.00084,237449,99.33691,239034
1541,mdlavin,2,0.00084,237451,99.33775,239034
1542,mechpen,2,0.00084,237453,99.33859,239034
1543,megastef,2,0.00084,237455,99.33942,239034
1544,meirotstein,2,0.00084,237457,99.34026,239034
1545,mertdeg2,2,0.00084,237459,99.34110,239034
1546,mfitz3,2,0.00084,237461,99.34193,239034
1547,mgalgs,2,0.00084,237463,99.34277,239034
1548,mgolovatiy-atconsulting-ru,2,0.00084,237465,99.34361,239034
1549,mgravell,2,0.00084,237467,99.34444,239034
1550,miguelmota,2,0.00084,237469,99.34528,239034
1551,mihbor,2,0.00084,237471,99.34612,239034
1552,mikea,2,0.00084,237473,99.34695,239034
1553,MikeRalphson,2,0.00084,237475,99.34779,239034
1554,mirague,2,0.00084,237477,99.34863,239034
1555,moozzyk,2,0.00084,237479,99.34946,239034
1556,Morhaus,2,0.00084,237481,99.35030,239034
1557,Mottie,2,0.00084,237483,99.35114,239034
1558,mpfj,2,0.00084,237485,99.35198,239034
1559,mplonka,2,0.00084,237487,99.35281,239034
1560,mrjfox,2,0.00084,237489,99.35365,239034
1561,mtsmfm,2,0.00084,237491,99.35449,239034
1562,murbar,2,0.00084,237493,99.35532,239034
1563,mweibel,2,0.00084,237495,99.35616,239034
1564,MylesBorins,2,0.00084,237497,99.35700,239034
1565,Nadia--,2,0.00084,237499,99.35783,239034
1566,nahuel,2,0.00084,237501,99.35867,239034
1567,nanomosfet,2,0.00084,237503,99.35951,239034
1568,navaati,2,0.00084,237505,99.36034,239034
1569,nazieb,2,0.00084,237507,99.36118,239034
1570,nbali,2,0.00084,237509,99.36202,239034
1571,necinc,2,0.00084,237511,99.36285,239034
1572,nedbat,2,0.00084,237513,99.36369,239034
1573,negezor,2,0.00084,237515,99.36453,239034
1574,ngg,2,0.00084,237517,99.36536,239034
1575,nhodges,2,0.00084,237519,99.36620,239034
1576,NickPresta,2,0.00084,237521,99.36704,239034
1577,nimaa77,2,0.00084,237523,99.36787,239034
1578,noahfalk,2,0.00084,237525,99.36871,239034
1579,northtyphoon,2,0.00084,237527,99.36955,239034
1580,nowke,2,0.00084,237529,99.37038,239034
1581,nstdio,2,0.00084,237531,99.37122,239034
1582,ntkme,2,0.00084,237533,99.37206,239034
1583,ntotten,2,0.00084,237535,99.37289,239034
1584,ObsidianMinor,2,0.00084,237537,99.37373,239034
1585,odykyi,2,0.00084,237539,99.37457,239034
1586,olegsu,2,0.00084,237541,99.37540,239034
1587,Om4ar,2,0.00084,237543,99.37624,239034
1588,oncletom,2,0.00084,237545,99.37708,239034
1589,ooflorent,2,0.00084,237547,99.37791,239034
1590,orgads,2,0.00084,237549,99.37875,239034
1591,OzzieOrca,2,0.00084,237551,99.37959,239034
1592,pablonete,2,0.00084,237553,99.38042,239034
1593,pahdo,2,0.00084,237555,99.38126,239034
1594,palanik,2,0.00084,237557,99.38210,239034
1595,paniko0,2,0.00084,237559,99.38293,239034
1596,papandreou,2,0.00084,237561,99.38377,239034
1597,paulferaud,2,0.00084,237563,99.38461,239034
1598,pbi-qfs,2,0.00084,237565,99.38544,239034
1599,penx,2,0.00084,237567,99.38628,239034
1600,petercm,2,0.00084,237569,99.38712,239034
1601,peterpoe,2,0.00084,237571,99.38795,239034
1602,pevik,2,0.00084,237573,99.38879,239034
1603,PierreFritsch,2,0.00084,237575,99.38963,239034
1604,PiotrSikora,2,0.00084,237577,99.39046,239034
1605,pithu,2,0.00084,237579,99.39130,239034
1606,PixnBits,2,0.00084,237581,99.39214,239034
1607,pjfanning,2,0.00084,237583,99.39297,239034
1608,pleunv,2,0.00084,237585,99.39381,239034
1609,poizan42,2,0.00084,237587,99.39465,239034
1610,popomore,2,0.00084,237589,99.39548,239034
1611,portgasd666,2,0.00084,237591,99.39632,239034
1612,Pothulapati,2,0.00084,237593,99.39716,239034
1613,PoziWorld,2,0.00084,237595,99.39799,239034
1614,pselden,2,0.00084,237597,99.39883,239034
1615,Psidium,2,0.00084,237599,99.39967,239034
1616,ptoonen,2,0.00084,237601,99.40050,239034
1617,quocvu,2,0.00084,237603,99.40134,239034
1618,ravefalcon92,2,0.00084,237605,99.40218,239034
1619,raveslave,2,0.00084,237607,99.40301,239034
1620,raybooysen,2,0.00084,237609,99.40385,239034
1621,rbdrenn,2,0.00084,237611,99.40469,239034
1622,rdrgmnzs,2,0.00084,237613,99.40552,239034
1623,reda-alaoui,2,0.00084,237615,99.40636,239034
1624,rf,2,0.00084,237617,99.40720,239034
1625,rfkm,2,0.00084,237619,99.40803,239034
1626,rgansevles,2,0.00084,237621,99.40887,239034
1627,rgbkrk,2,0.00084,237623,99.40971,239034
1628,ricardohbin,2,0.00084,237625,99.41054,239034
1629,RichardBradley,2,0.00084,237627,99.41138,239034
1630,risseraka,2,0.00084,237629,99.41222,239034
1631,rkmlai,2,0.00084,237631,99.41305,239034
1632,rnglnd,2,0.00084,237633,99.41389,239034
1633,Rohitkrops,2,0.00084,237635,99.41473,239034
1634,ronnyroeller,2,0.00084,237637,99.41556,239034
1635,rootulp,2,0.00084,237639,99.41640,239034
1636,RpprRoger,2,0.00084,237641,99.41724,239034
1637,rrrene,2,0.00084,237643,99.41807,239034
1638,rwoodnz,2,0.00084,237645,99.41891,239034
1639,ryanmeador,2,0.00084,237647,99.41975,239034
1640,s1monw,2,0.00084,237649,99.42058,239034
1641,SadPandaBear,2,0.00084,237651,99.42142,239034
1642,Sakarisson,2,0.00084,237653,99.42226,239034
1643,salier,2,0.00084,237655,99.42309,239034
1644,samwgoldman,2,0.00084,237657,99.42393,239034
1645,sandynomad,2,0.00084,237659,99.42477,239034
1646,sassanh,2,0.00084,237661,99.42560,239034
1647,sassquad,2,0.00084,237663,99.42644,239034
1648,saxicek,2,0.00084,237665,99.42728,239034
1649,scheglov,2,0.00084,237667,99.42811,239034
1650,seanbright,2,0.00084,237669,99.42895,239034
1651,Sebring,2,0.00084,237671,99.42979,239034
1652,sereysethy,2,0.00084,237673,99.43062,239034
1653,sgbrown,2,0.00084,237675,99.43146,239034
1654,shirdrn,2,0.00084,237677,99.43230,239034
1655,shivijais,2,0.00084,237679,99.43314,239034
1656,shortspider,2,0.00084,237681,99.43397,239034
1657,shubheksha,2,0.00084,237683,99.43481,239034
1658,Siilwyn,2,0.00084,237685,99.43565,239034
1659,silasb,2,0.00084,237687,99.43648,239034
1660,silentroach,2,0.00084,237689,99.43732,239034
1661,simlu,2,0.00084,237691,99.43816,239034
1662,simoneb,2,0.00084,237693,99.43899,239034
1663,skryvets,2,0.00084,237695,99.43983,239034
1664,slavede,2,0.00084,237697,99.44067,239034
1665,SlexAxton,2,0.00084,237699,99.44150,239034
1666,slontis,2,0.00084,237701,99.44234,239034
1667,smashercosmo,2,0.00084,237703,99.44318,239034
1668,smbape,2,0.00084,237705,99.44401,239034
1669,smusali,2,0.00084,237707,99.44485,239034
1670,snakefoot,2,0.00084,237709,99.44569,239034
1671,snow01,2,0.00084,237711,99.44652,239034
1672,som-snytt,2,0.00084,237713,99.44736,239034
1673,sonewman,2,0.00084,237715,99.44820,239034
1674,sorohan,2,0.00084,237717,99.44903,239034
1675,Sp1l,2,0.00084,237719,99.44987,239034
1676,spen,2,0.00084,237721,99.45071,239034
1677,stephan-tolksdorf,2,0.00084,237723,99.45154,239034
1678,StuartHarris,2,0.00084,237725,99.45238,239034
1679,stuartpb,2,0.00084,237727,99.45322,239034
1680,stucox,2,0.00084,237729,99.45405,239034
1681,surajwy,2,0.00084,237731,99.45489,239034
1682,susisu,2,0.00084,237733,99.45573,239034
1683,swaroop-sridhar,2,0.00084,237735,99.45656,239034
1684,syllant,2,0.00084,237737,99.45740,239034
1685,t-8ch,2,0.00084,237739,99.45824,239034
1686,t8m,2,0.00084,237741,99.45907,239034
1687,tamird,2,0.00084,237743,99.45991,239034
1688,tardyp,2,0.00084,237745,99.46075,239034
1689,taylorc93,2,0.00084,237747,99.46158,239034
1690,tdurtschi,2,0.00084,237749,99.46242,239034
1691,tedpennings,2,0.00084,237751,99.46326,239034
1692,telmen,2,0.00084,237753,99.46409,239034
1693,tenjaa,2,0.00084,237755,99.46493,239034
1694,tenwit,2,0.00084,237757,99.46577,239034
1695,teresy,2,0.00084,237759,99.46660,239034
1696,tgxworld,2,0.00084,237761,99.46744,239034
1697,theel0ja,2,0.00084,237763,99.46828,239034
1698,theogravity,2,0.00084,237765,99.46911,239034
1699,TheTalisman,2,0.00084,237767,99.46995,239034
1700,TheToolbox,2,0.00084,237769,99.47079,239034
1701,thiagoarrais,2,0.00084,237771,99.47162,239034
1702,timlevett,2,0.00084,237773,99.47246,239034
1703,TimvdLippe,2,0.00084,237775,99.47330,239034
1704,TinyMan,2,0.00084,237777,99.47413,239034
1705,tjsail33,2,0.00084,237779,99.47497,239034
1706,tlhunter,2,0.00084,237781,99.47581,239034
1707,todd,2,0.00084,237783,99.47664,239034
1708,todesking,2,0.00084,237785,99.47748,239034
1709,tom-sherman,2,0.00084,237787,99.47832,239034
1710,tquerec,2,0.00084,237789,99.47915,239034
1711,trentm,2,0.00084,237791,99.47999,239034
1712,treymack,2,0.00084,237793,99.48083,239034
1713,tridium,2,0.00084,237795,99.48166,239034
1714,TSMMark,2,0.00084,237797,99.48250,239034
1715,Tvrqvoise,2,0.00084,237799,99.48334,239034
1716,tweksteen,2,0.00084,237801,99.48417,239034
1717,TylerBrock,2,0.00084,237803,99.48501,239034
1718,tylerwhall,2,0.00084,237805,99.48585,239034
1719,uhaciogullari,2,0.00084,237807,99.48668,239034
1720,unional,2,0.00084,237809,99.48752,239034
1721,vadimdemedes,2,0.00084,237811,99.48836,239034
1722,vanillajonathan,2,0.00084,237813,99.48919,239034
1723,vasiliyb,2,0.00084,237815,99.49003,239034
1724,vbraun,2,0.00084,237817,99.49087,239034
1725,vergenzt,2,0.00084,237819,99.49170,239034
1726,vgoma,2,0.00084,237821,99.49254,239034
1727,vickychijwani,2,0.00084,237823,99.49338,239034
1728,vivmishra,2,0.00084,237825,99.49421,239034
1729,vkarpov15,2,0.00084,237827,99.49505,239034
1730,vladmos,2,0.00084,237829,99.49589,239034
1731,VladShcherbin,2,0.00084,237831,99.49672,239034
1732,voxpelli,2,0.00084,237833,99.49756,239034
1733,vvo,2,0.00084,237835,99.49840,239034
1734,wadahiro,2,0.00084,237837,99.49923,239034
1735,wayou,2,0.00084,237839,99.50007,239034
1736,Widdershin,2,0.00084,237841,99.50091,239034
1737,wikier,2,0.00084,237843,99.50174,239034
1738,willnorris,2,0.00084,237845,99.50258,239034
1739,wnvko,2,0.00084,237847,99.50342,239034
1740,wongmjane,2,0.00084,237849,99.50425,239034
1741,woollybogger,2,0.00084,237851,99.50509,239034
1742,wotbstars,2,0.00084,237853,99.50593,239034
1743,wraithgar,2,0.00084,237855,99.50676,239034
1744,xenoterracide,2,0.00084,237857,99.50760,239034
1745,yasuf,2,0.00084,237859,99.50844,239034
1746,yausername,2,0.00084,237861,99.50927,239034
1747,Yaxian,2,0.00084,237863,99.51011,239034
1748,ycmjason,2,0.00084,237865,99.51095,239034
1749,yoshuawuyts,2,0.00084,237867,99.51178,239034
1750,Youmoo,2,0.00084,237869,99.51262,239034
1751,ystarlongzi,2,0.00084,237871,99.51346,239034
1752,zackseuberling,2,0.00084,237873,99.51430,239034
1753,zdw,2,0.00084,237875,99.51513,239034
1754,zenglian,2,0.00084,237877,99.51597,239034
1755,zhenlan,2,0.00084,237879,99.51681,239034
1756,zhjwpku,2,0.00084,237881,99.51764,239034
1757,zzz6519003,2,0.00084,237883,99.51848,239034
1758,0x1mason,1,0.00042,237884,99.51890,239034
1759,0x326,1,0.00042,237885,99.51932,239034
1760,0xbaadf00d,1,0.00042,237886,99.51973,239034
1761,1071496910,1,0.00042,237887,99.52015,239034
1762,3flex,1,0.00042,237888,99.52057,239034
1763,4leem,1,0.00042,237889,99.52099,239034
1764,aakash2602,1,0.00042,237890,99.52141,239034
1765,aakoch,1,0.00042,237891,99.52183,239034
1766,aaronang,1,0.00042,237892,99.52224,239034
1767,AaronFriel,1,0.00042,237893,99.52266,239034
1768,Aboisier,1,0.00042,237894,99.52308,239034
1769,abraham,1,0.00042,237895,99.52350,239034
1770,acjay,1,0.00042,237896,99.52392,239034
1771,acroca,1,0.00042,237897,99.52434,239034
1772,adamgruber,1,0.00042,237898,99.52475,239034
1773,adamreeve,1,0.00042,237899,99.52517,239034
1774,adamvoss,1,0.00042,237900,99.52559,239034
1775,adelevie,1,0.00042,237901,99.52601,239034
1776,adeolabadmus,1,0.00042,237902,99.52643,239034
1777,admosity,1,0.00042,237903,99.52685,239034
1778,adwiii,1,0.00042,237904,99.52726,239034
1779,aeschright,1,0.00042,237905,99.52768,239034
1780,afeld,1,0.00042,237906,99.52810,239034
1781,AgentME,1,0.00042,237907,99.52852,239034
1782,aguynamedben,1,0.00042,237908,99.52894,239034
1783,ahmdsolmn,1,0.00042,237909,99.52936,239034
1784,ahmedsoliman92,1,0.00042,237910,99.52977,239034
1785,aifodu,1,0.00042,237911,99.53019,239034
1786,aigdonia,1,0.00042,237912,99.53061,239034
1787,Ajido,1,0.00042,237913,99.53103,239034
1788,akauppi,1,0.00042,237914,99.53145,239034
1789,akd-io,1,0.00042,237915,99.53187,239034
1790,akvamalin,1,0.00042,237916,99.53228,239034
1791,akx,1,0.00042,237917,99.53270,239034
1792,alansouzati,1,0.00042,237918,99.53312,239034
1793,alexandercerutti,1,0.00042,237919,99.53354,239034
1794,alexbokii,1,0.00042,237920,99.53396,239034
1795,alexilyaev,1,0.00042,237921,99.53438,239034
1796,alexmckenley,1,0.00042,237922,99.53479,239034
1797,alirezaafkar,1,0.00042,237923,99.53521,239034
1798,alistair23,1,0.00042,237924,99.53563,239034
1799,al-k21,1,0.00042,237925,99.53605,239034
1800,allanchau,1,0.00042,237926,99.53647,239034
1801,alopezsanchez,1,0.00042,237927,99.53689,239034
1802,alundiak,1,0.00042,237928,99.53730,239034
1803,amcdnl,1,0.00042,237929,99.53772,239034
1804,amiller-gh,1,0.00042,237930,99.53814,239034
1805,AMoreaux,1,0.00042,237931,99.53856,239034
1806,anchnk,1,0.00042,237932,99.53898,239034
1807,andrebsguedes,1,0.00042,237933,99.53940,239034
1808,AndreiRailean,1,0.00042,237934,99.53981,239034
1809,andrew,1,0.00042,237935,99.54023,239034
1810,AndrewKvalheim,1,0.00042,237936,99.54065,239034
1811,andrewnester,1,0.00042,237937,99.54107,239034
1812,andreybleme,1,0.00042,237938,99.54149,239034
1813,andriisoldatenko,1,0.00042,237939,99.54191,239034
1814,andschwa,1,0.00042,237940,99.54232,239034
1815,andyfeller,1,0.00042,237941,99.54274,239034
1816,andymc12,1,0.00042,237942,99.54316,239034
1817,angadgill92,1,0.00042,237943,99.54358,239034
1818,Anomen,1,0.00042,237944,99.54400,239034
1819,anotherpit,1,0.00042,237945,99.54442,239034
1820,anslzo,1,0.00042,237946,99.54483,239034
1821,antons,1,0.00042,237947,99.54525,239034
1822,anubhav25gupta,1,0.00042,237948,99.54567,239034
1823,anurse,1,0.00042,237949,99.54609,239034
1824,aplsek,1,0.00042,237950,99.54651,239034
1825,apsknight,1,0.00042,237951,99.54693,239034
1826,ApsOps,1,0.00042,237952,99.54734,239034
1827,arahansen,1,0.00042,237953,99.54776,239034
1828,araslanov,1,0.00042,237954,99.54818,239034
1829,Arhell,1,0.00042,237955,99.54860,239034
1830,aroget,1,0.00042,237956,99.54902,239034
1831,arosh,1,0.00042,237957,99.54944,239034
1832,arouel,1,0.00042,237958,99.54985,239034
1833,arthurschreiber,1,0.00042,237959,99.55027,239034
1834,arthurvr,1,0.00042,237960,99.55069,239034
1835,ArtsiomCh,1,0.00042,237961,99.55111,239034
1836,artywhite,1,0.00042,237962,99.55153,239034
1837,ashishpatelcs,1,0.00042,237963,99.55195,239034
1838,Asthetic,1,0.00042,237964,99.55236,239034
1839,AstraSerg,1,0.00042,237965,99.55278,239034
1840,atifaziz,1,0.00042,237966,99.55320,239034
1841,A-Tokyo,1,0.00042,237967,99.55362,239034
1842,atom-morgan,1,0.00042,237968,99.55404,239034
1843,attilah,1,0.00042,237969,99.55446,239034
1844,autowp,1,0.00042,237970,99.55488,239034
1845,avnersorek,1,0.00042,237971,99.55529,239034
1846,AVVS,1,0.00042,237972,99.55571,239034
1847,awiddersheim,1,0.00042,237973,99.55613,239034
1848,Awk34,1,0.00042,237974,99.55655,239034
1849,awlayton,1,0.00042,237975,99.55697,239034
1850,aymericbouzy,1,0.00042,237976,99.55739,239034
1851,Azert-Mark,1,0.00042,237977,99.55780,239034
1852,azhao12345,1,0.00042,237978,99.55822,239034
1853,baboquivari,1,0.00042,237979,99.55864,239034
1854,bakape,1,0.00042,237980,99.55906,239034
1855,bakorer,1,0.00042,237981,99.55948,239034
1856,balduncle,1,0.00042,237982,99.55990,239034
1857,bargemb,1,0.00042,237983,99.56031,239034
1858,baronswindle,1,0.00042,237984,99.56073,239034
1859,barrymichaeldoyle,1,0.00042,237985,99.56115,239034
1860,Baschdl,1,0.00042,237986,99.56157,239034
1861,bbodenmiller,1,0.00042,237987,99.56199,239034
1862,bdmason,1,0.00042,237988,99.56241,239034
1863,beldmit,1,0.00042,237989,99.56282,239034
1864,belugabehr,1,0.00042,237990,99.56324,239034
1865,benjaminhoffman,1,0.00042,237991,99.56366,239034
1866,benjamminj,1,0.00042,237992,99.56408,239034
1867,ben-manes,1,0.00042,237993,99.56450,239034
1868,benmccann,1,0.00042,237994,99.56492,239034
1869,benmoss,1,0.00042,237995,99.56533,239034
1870,bernard-leech,1,0.00042,237996,99.56575,239034
1871,BigAB,1,0.00042,237997,99.56617,239034
1872,biglovisa,1,0.00042,237998,99.56659,239034
1873,billytrend,1,0.00042,237999,99.56701,239034
1874,bisguzar,1,0.00042,238000,99.56743,239034
1875,blainesch,1,0.00042,238001,99.56784,239034
1876,blair,1,0.00042,238002,99.56826,239034
1877,Blaisorblade,1,0.00042,238003,99.56868,239034
1878,BloodShura,1,0.00042,238004,99.56910,239034
1879,bmwiedemann,1,0.00042,238005,99.56952,239034
1880,bnb,1,0.00042,238006,99.56994,239034
1881,bnorm,1,0.00042,238007,99.57035,239034
1882,bobintornado,1,0.00042,238008,99.57077,239034
1883,bodgit,1,0.00042,238009,99.57119,239034
1884,BoLaMN,1,0.00042,238010,99.57161,239034
1885,bontibon,1,0.00042,238011,99.57203,239034
1886,BookOfGreg,1,0.00042,238012,99.57245,239034
1887,BorodinDK,1,0.00042,238013,99.57286,239034
1888,botaberg,1,0.00042,238014,99.57328,239034
1889,bouk,1,0.00042,238015,99.57370,239034
1890,bpetex,1,0.00042,238016,99.57412,239034
1891,bploetz,1,0.00042,238017,99.57454,239034
1892,brandon-pereira,1,0.00042,238018,99.57496,239034
1893,brismuth,1,0.00042,238019,99.57537,239034
1894,brodybits,1,0.00042,238020,99.57579,239034
1895,bryanar,1,0.00042,238021,99.57621,239034
1896,brycecr,1,0.00042,238022,99.57663,239034
1897,bshannon,1,0.00042,238023,99.57705,239034
1898,btd,1,0.00042,238024,99.57747,239034
1899,buerkle,1,0.00042,238025,99.57788,239034
1900,bugknightyyp,1,0.00042,238026,99.57830,239034
1901,bugtype,1,0.00042,238027,99.57872,239034
1902,byr-gdp,1,0.00042,238028,99.57914,239034
1903,bz2,1,0.00042,238029,99.57956,239034
1904,C45tr0,1,0.00042,238030,99.57998,239034
1905,capaj,1,0.00042,238031,99.58039,239034
1906,Caravus,1,0.00042,238032,99.58081,239034
1907,cardamon,1,0.00042,238033,99.58123,239034
1908,carkod,1,0.00042,238034,99.58165,239034
1909,carolinacmoravia,1,0.00042,238035,99.58207,239034
1910,carterkozak,1,0.00042,238036,99.58249,239034
1911,caub,1,0.00042,238037,99.58290,239034
1912,cb372,1,0.00042,238038,99.58332,239034
1913,cbrianso,1,0.00042,238039,99.58374,239034
1914,cburroughs,1,0.00042,238040,99.58416,239034
1915,cconroy,1,0.00042,238041,99.58458,239034
1916,cemeyer,1,0.00042,238042,99.58500,239034
1917,ceph3us,1,0.00042,238043,99.58541,239034
1918,cesarandreu,1,0.00042,238044,99.58583,239034
1919,cesarbs,1,0.00042,238045,99.58625,239034
1920,c-geek,1,0.00042,238046,99.58667,239034
1921,ChaitanyaPramod,1,0.00042,238047,99.58709,239034
1922,chaseadamsio,1,0.00042,238048,99.58751,239034
1923,Chen-Gang,1,0.00042,238049,99.58792,239034
1924,chengkungui,1,0.00042,238050,99.58834,239034
1925,chengluyu,1,0.00042,238051,99.58876,239034
1926,chienkira,1,0.00042,238052,99.58918,239034
1927,chinhodado,1,0.00042,238053,99.58960,239034
1928,chmelevskij,1,0.00042,238054,99.59002,239034
1929,chris13524,1,0.00042,238055,99.59043,239034
1930,chrisalbrecht,1,0.00042,238056,99.59085,239034
1931,Chrisboh,1,0.00042,238057,99.59127,239034
1932,chrisbolin,1,0.00042,238058,99.59169,239034
1933,chriscartlidge,1,0.00042,238059,99.59211,239034
1934,chrisgavin,1,0.00042,238060,99.59253,239034
1935,chrisprice,1,0.00042,238061,99.59294,239034
1936,chrisrpatterson,1,0.00042,238062,99.59336,239034
1937,ChristianSchwarz,1,0.00042,238063,99.59378,239034
1938,ChristopherDavenport,1,0.00042,238064,99.59420,239034
1939,christophetd,1,0.00042,238065,99.59462,239034
1940,chtseac,1,0.00042,238066,99.59504,239034
1941,chulkilee,1,0.00042,238067,99.59546,239034
1942,ciceropablo,1,0.00042,238068,99.59587,239034
1943,cjpillsbury,1,0.00042,238069,99.59629,239034
1944,ckuhn,1,0.00042,238070,99.59671,239034
1945,clamp03,1,0.00042,238071,99.59713,239034
1946,claylo,1,0.00042,238072,99.59755,239034
1947,cleitonmendonca,1,0.00042,238073,99.59797,239034
1948,cloojure,1,0.00042,238074,99.59838,239034
1949,cmatheson,1,0.00042,238075,99.59880,239034
1950,codef0rmer,1,0.00042,238076,99.59922,239034
1951,coderbyheart,1,0.00042,238077,99.59964,239034
1952,CodingFabian,1,0.00042,238078,99.60006,239034
1953,codingsince1985,1,0.00042,238079,99.60048,239034
1954,codyj110,1,0.00042,238080,99.60089,239034
1955,colltoaction,1,0.00042,238081,99.60131,239034
1956,compulim,1,0.00042,238082,99.60173,239034
1957,conartist6,1,0.00042,238083,99.60215,239034
1958,ConnorMcF,1,0.00042,238084,99.60257,239034
1959,ConradIrwin,1,0.00042,238085,99.60299,239034
1960,CoolCoderTony,1,0.00042,238086,99.60340,239034
1961,coreh,1,0.00042,238087,99.60382,239034
1962,cortopy,1,0.00042,238088,99.60424,239034
1963,coryasilva,1,0.00042,238089,99.60466,239034
1964,cowwoc,1,0.00042,238090,99.60508,239034
1965,cpereida,1,0.00042,238091,99.60550,239034
1966,cpillsbury,1,0.00042,238092,99.60591,239034
1967,cravler,1,0.00042,238093,99.60633,239034
1968,CRC-Mismatch,1,0.00042,238094,99.60675,239034
1969,crhistianramirez,1,0.00042,238095,99.60717,239034
1970,csimplestring,1,0.00042,238096,99.60759,239034
1971,Cslove,1,0.00042,238097,99.60801,239034
1972,culmat,1,0.00042,238098,99.60842,239034
1973,CWSpear,1,0.00042,238099,99.60884,239034
1974,daevidpreis,1,0.00042,238100,99.60926,239034
1975,dahim2006,1,0.00042,238101,99.60968,239034
1976,daniel347x,1,0.00042,238102,99.61010,239034
1977,danielmachado,1,0.00042,238103,99.61052,239034
1978,DanielMSchmidt,1,0.00042,238104,99.61093,239034
1979,danielnorberg,1,0.00042,238105,99.61135,239034
1980,danielpowell4,1,0.00042,238106,99.61177,239034
1981,das-peter,1,0.00042,238107,99.61219,239034
1982,davidfurlong,1,0.00042,238108,99.61261,239034
1983,DavidHe1127,1,0.00042,238109,99.61303,239034
1984,davidpatrick,1,0.00042,238110,99.61344,239034
1985,DavidTPate,1,0.00042,238111,99.61386,239034
1986,davlloyd,1,0.00042,238112,99.61428,239034
1987,dbkr,1,0.00042,238113,99.61470,239034
1988,dbrugne,1,0.00042,238114,99.61512,239034
1989,dcbrwn,1,0.00042,238115,99.61554,239034
1990,dcworldwide,1,0.00042,238116,99.61595,239034
1991,DDRBoxman,1,0.00042,238117,99.61637,239034
1992,debajitr,1,0.00042,238118,99.61679,239034
1993,debudda,1,0.00042,238119,99.61721,239034
1994,deepakpathania,1,0.00042,238120,99.61763,239034
1995,delmyers,1,0.00042,238121,99.61805,239034
1996,demoneaux,1,0.00042,238122,99.61846,239034
1997,den314,1,0.00042,238123,99.61888,239034
1998,d-e-s-o,1,0.00042,238124,99.61930,239034
1999,devknoll,1,0.00042,238125,99.61972,239034
2000,devlance,1,0.00042,238126,99.62014,239034
2001,devonharvey,1,0.00042,238127,99.62056,239034
2002,deyboy90,1,0.00042,238128,99.62097,239034
2003,dgrcode,1,0.00042,238129,99.62139,239034
2004,diamondo25,1,0.00042,238130,99.62181,239034
2005,dimas,1,0.00042,238131,99.62223,239034
2006,divjotsinghnanda,1,0.00042,238132,99.62265,239034
2007,djchie,1,0.00042,238133,99.62307,239034
2008,djulien,1,0.00042,238134,99.62348,239034
2009,dlazerka,1,0.00042,238135,99.62390,239034
2010,dlindenkreuz,1,0.00042,238136,99.62432,239034
2011,dmap,1,0.00042,238137,99.62474,239034
2012,dmin,1,0.00042,238138,99.62516,239034
2013,domenic,1,0.00042,238139,99.62558,239034
2014,dominicbarnes,1,0.00042,238140,99.62599,239034
2015,donaldchai,1,0.00042,238141,99.62641,239034
2016,donroyco,1,0.00042,238142,99.62683,239034
2017,dotchev,1,0.00042,238143,99.62725,239034
2018,dperezde,1,0.00042,238144,99.62767,239034
2019,dprotaso,1,0.00042,238145,99.62809,239034
2020,dpursehouse,1,0.00042,238146,99.62850,239034
2021,drajakumar,1,0.00042,238147,99.62892,239034
2022,drcapulet,1,0.00042,238148,99.62934,239034
2023,DreaminginCodeZH,1,0.00042,238149,99.62976,239034
2024,drew-moore,1,0.00042,238150,99.63018,239034
2025,drichard,1,0.00042,238151,99.63060,239034
2026,driverpt,1,0.00042,238152,99.63101,239034
2027,ds300,1,0.00042,238153,99.63143,239034
2028,dtgoitia,1,0.00042,238154,99.63185,239034
2029,dtothefp,1,0.00042,238155,99.63227,239034
2030,dtslvr,1,0.00042,238156,99.63269,239034
2031,dunglas,1,0.00042,238157,99.63311,239034
2032,DustinCampbell,1,0.00042,238158,99.63352,239034
2033,DWand,1,0.00042,238159,99.63394,239034
2034,echesakovMSFT,1,0.00042,238160,99.63436,239034
2035,ecki,1,0.00042,238161,99.63478,239034
2036,eclipsewebmaster,1,0.00042,238162,99.63520,239034
2037,EddyVerbruggen,1,0.00042,238163,99.63562,239034
2038,edi9999,1,0.00042,238164,99.63604,239034
2039,edify42,1,0.00042,238165,99.63645,239034
2040,edmBernard,1,0.00042,238166,99.63687,239034
2041,edorivai,1,0.00042,238167,99.63729,239034
2042,eduardbadillo,1,0.00042,238168,99.63771,239034
2043,edusperoni,1,0.00042,238169,99.63813,239034
2044,EgidioCaprino,1,0.00042,238170,99.63855,239034
2045,ehtb,1,0.00042,238171,99.63896,239034
2046,ekevoo,1,0.00042,238172,99.63938,239034
2047,ekmartin,1,0.00042,238173,99.63980,239034
2048,eleumik,1,0.00042,238174,99.64022,239034
2049,ElForastero,1,0.00042,238175,99.64064,239034
2050,elliott-davis,1,0.00042,238176,99.64106,239034
2051,elliottsj,1,0.00042,238177,99.64147,239034
2052,emmanuelbernard,1,0.00042,238178,99.64189,239034
2053,enaqx,1,0.00042,238179,99.64231,239034
2054,Eomm,1,0.00042,238180,99.64273,239034
2055,epelc,1,0.00042,238181,99.64315,239034
2056,epicfaace,1,0.00042,238182,99.64357,239034
2057,er1c,1,0.00042,238183,99.64398,239034
2058,erf,1,0.00042,238184,99.64440,239034
2059,ericyang89,1,0.00042,238185,99.64482,239034
2060,erikbern,1,0.00042,238186,99.64524,239034
2061,esiegel,1,0.00042,238187,99.64566,239034
2062,estaub,1,0.00042,238188,99.64608,239034
2063,estrada9166,1,0.00042,238189,99.64649,239034
2064,eugeneotto,1,0.00042,238190,99.64691,239034
2065,evanlucas,1,0.00042,238191,99.64733,239034
2066,evanshortiss,1,0.00042,238192,99.64775,239034
2067,eventualbuddha,1,0.00042,238193,99.64817,239034
2068,evolvah,1,0.00042,238194,99.64859,239034
2069,fabdouglas,1,0.00042,238195,99.64900,239034
2070,faridfor,1,0.00042,238196,99.64942,239034
2071,farnabaz,1,0.00042,238197,99.64984,239034
2072,farrago,1,0.00042,238198,99.65026,239034
2073,fearphage,1,0.00042,238199,99.65068,239034
2074,felixbuenemann,1,0.00042,238200,99.65110,239034
2075,felixfbecker,1,0.00042,238201,99.65151,239034
2076,finnigantime,1,0.00042,238202,99.65193,239034
2077,fiznool,1,0.00042,238203,99.65235,239034
2078,fkgozali,1,0.00042,238204,99.65277,239034
2079,flotwig,1,0.00042,238205,99.65319,239034
2080,flozano,1,0.00042,238206,99.65361,239034
2081,flut1,1,0.00042,238207,99.65402,239034
2082,forresst,1,0.00042,238208,99.65444,239034
2083,forsberg,1,0.00042,238209,99.65486,239034
2084,fourcube,1,0.00042,238210,99.65528,239034
2085,FourwingsY,1,0.00042,238211,99.65570,239034
2086,frangio,1,0.00042,238212,99.65612,239034
2087,frankier,1,0.00042,238213,99.65653,239034
2088,FrankPeschel-Gallee,1,0.00042,238214,99.65695,239034
2089,frederikbosch,1,0.00042,238215,99.65737,239034
2090,fregante,1,0.00042,238216,99.65779,239034
2091,frewsxcv,1,0.00042,238217,99.65821,239034
2092,fritx,1,0.00042,238218,99.65863,239034
2093,frob,1,0.00042,238219,99.65904,239034
2094,frystpingvin,1,0.00042,238220,99.65946,239034
2095,fureweb-com,1,0.00042,238221,99.65988,239034
2096,gabegorelick,1,0.00042,238222,99.66030,239034
2097,gabelevi,1,0.00042,238223,99.66072,239034
2098,gaplo917,1,0.00042,238224,99.66114,239034
2099,garrypolley,1,0.00042,238225,99.66155,239034
2100,garthk,1,0.00042,238226,99.66197,239034
2101,garyiwu,1,0.00042,238227,99.66239,239034
2102,Gary-Zh,1,0.00042,238228,99.66281,239034
2103,gcangussu,1,0.00042,238229,99.66323,239034
2104,geek,1,0.00042,238230,99.66365,239034
2105,gentoo90,1,0.00042,238231,99.66406,239034
2106,geobde,1,0.00042,238232,99.66448,239034
2107,ge-o-rg,1,0.00042,238233,99.66490,239034
2108,GeorgeGkas,1,0.00042,238234,99.66532,239034
2109,george-ranjan,1,0.00042,238235,99.66574,239034
2110,geraldolsribeiro,1,0.00042,238236,99.66616,239034
2111,gesellix,1,0.00042,238237,99.66657,239034
2112,getkey,1,0.00042,238238,99.66699,239034
2113,gfx,1,0.00042,238239,99.66741,239034
2114,ghandhikus,1,0.00042,238240,99.66783,239034
2115,GianlucaGuarini,1,0.00042,238241,99.66825,239034
2116,gildean,1,0.00042,238242,99.66867,239034
2117,gitlabbin,1,0.00042,238243,99.66908,239034
2118,gj,1,0.00042,238244,99.66950,239034
2119,Glavin001,1,0.00042,238245,99.66992,239034
2120,glena,1,0.00042,238246,99.67034,239034
2121,glensc,1,0.00042,238247,99.67076,239034
2122,Globegitter,1,0.00042,238248,99.67118,239034
2123,golear91,1,0.00042,238249,99.67159,239034
2124,goleary,1,0.00042,238250,99.67201,239034
2125,Gommorach,1,0.00042,238251,99.67243,239034
2126,gonzojive,1,0.00042,238252,99.67285,239034
2127,gouch,1,0.00042,238253,99.67327,239034
2128,grantcarthew,1,0.00042,238254,99.67369,239034
2129,greatjack1,1,0.00042,238255,99.67410,239034
2130,grooverdan,1,0.00042,238256,99.67452,239034
2131,gugu,1,0.00042,238257,99.67494,239034
2132,guptasourabh,1,0.00042,238258,99.67536,239034
2133,gustavomazzoni,1,0.00042,238259,99.67578,239034
2134,gutsytechster,1,0.00042,238260,99.67620,239034
2135,gwhenne,1,0.00042,238261,99.67662,239034
2136,gyandeeps,1,0.00042,238262,99.67703,239034
2137,GyrosGeier,1,0.00042,238263,99.67745,239034
2138,haf,1,0.00042,238264,99.67787,239034
2139,HakurouKen,1,0.00042,238265,99.67829,239034
2140,handrews,1,0.00042,238266,99.67871,239034
2141,harriha,1,0.00042,238267,99.67913,239034
2142,haskellcamargo,1,0.00042,238268,99.67954,239034
2143,Hawkeye1909,1,0.00042,238269,99.67996,239034
2144,hayawata3626,1,0.00042,238270,99.68038,239034
2145,hboutemy,1,0.00042,238271,99.68080,239034
2146,h-des,1,0.00042,238272,99.68122,239034
2147,hedgepigdaniel,1,0.00042,238273,99.68164,239034
2148,heidid,1,0.00042,238274,99.68205,239034
2149,hekike,1,0.00042,238275,99.68247,239034
2150,heloflier,1,0.00042,238276,99.68289,239034
2151,hessmjr,1,0.00042,238277,99.68331,239034
2152,heyamykate,1,0.00042,238278,99.68373,239034
2153,heygrady,1,0.00042,238279,99.68415,239034
2154,hiyosi,1,0.00042,238280,99.68456,239034
2155,hmarr,1,0.00042,238281,99.68498,239034
2156,hmble,1,0.00042,238282,99.68540,239034
2157,holm,1,0.00042,238283,99.68582,239034
2158,hoobdeebla,1,0.00042,238284,99.68624,239034
2159,Hookyns,1,0.00042,238285,99.68666,239034
2160,hoyMS,1,0.00042,238286,99.68707,239034
2161,hozefaj,1,0.00042,238287,99.68749,239034
2162,hqzxzwb,1,0.00042,238288,99.68791,239034
2163,Huachao,1,0.00042,238289,99.68833,239034
2164,HurricaneJames,1,0.00042,238290,99.68875,239034
2165,huxi,1,0.00042,238291,99.68917,239034
2166,Hypercubed,1,0.00042,238292,99.68958,239034
2167,iamakulov,1,0.00042,238293,99.69000,239034
2168,iam-merlin,1,0.00042,238294,99.69042,239034
2169,iamplugged,1,0.00042,238295,99.69084,239034
2170,ianstormtaylor,1,0.00042,238296,99.69126,239034
2171,iarna,1,0.00042,238297,99.69168,239034
2172,ibrahimpg,1,0.00042,238298,99.69209,239034
2173,idangozlan,1,0.00042,238299,99.69251,239034
2174,iDemonix,1,0.00042,238300,99.69293,239034
2175,idirouhab,1,0.00042,238301,99.69335,239034
2176,idmontie,1,0.00042,238302,99.69377,239034
2177,ignacioiglesias,1,0.00042,238303,99.69419,239034
2178,igncp,1,0.00042,238304,99.69460,239034
2179,IgorMiller,1,0.00042,238305,99.69502,239034
2180,igor-savin-ht,1,0.00042,238306,99.69544,239034
2181,ilgrosso,1,0.00042,238307,99.69586,239034
2182,ilyapx,1,0.00042,238308,99.69628,239034
2183,imdevin567,1,0.00042,238309,99.69670,239034
2184,imysak,1,0.00042,238310,99.69711,239034
2185,infused,1,0.00042,238311,99.69753,239034
2186,Iniesta8,1,0.00042,238312,99.69795,239034
2187,inikulin,1,0.00042,238313,99.69837,239034
2188,insfrag,1,0.00042,238314,99.69879,239034
2189,inversion,1,0.00042,238315,99.69921,239034
2190,io7m,1,0.00042,238316,99.69962,239034
2191,ipolevoy,1,0.00042,238317,99.70004,239034
2192,isabellatea,1,0.00042,238318,99.70046,239034
2193,ismamz,1,0.00042,238319,99.70088,239034
2194,isTravis,1,0.00042,238320,99.70130,239034
2195,ITonyLi,1,0.00042,238321,99.70172,239034
2196,IvanGoncharov,1,0.00042,238322,99.70213,239034
2197,Ivan-Kalatchev,1,0.00042,238323,99.70255,239034
2198,IvanVergiliev,1,0.00042,238324,99.70297,239034
2199,IVLIU,1,0.00042,238325,99.70339,239034
2200,ixalon,1,0.00042,238326,99.70381,239034
2201,j14s,1,0.00042,238327,99.70423,239034
2202,jack4it,1,0.00042,238328,99.70464,239034
2203,jackspaniel,1,0.00042,238329,99.70506,239034
2204,JackuB,1,0.00042,238330,99.70548,239034
2205,jackwanders,1,0.00042,238331,99.70590,239034
2206,jacopofar,1,0.00042,238332,99.70632,239034
2207,jakemingolla,1,0.00042,238333,99.70674,239034
2208,jakepetroules,1,0.00042,238334,99.70715,239034
2209,JaKXz,1,0.00042,238335,99.70757,239034
2210,jamesevickery,1,0.00042,238336,99.70799,239034
2211,jamesr73,1,0.00042,238337,99.70841,239034
2212,jamiebuilds,1,0.00042,238338,99.70883,239034
2213,jamischarles,1,0.00042,238339,99.70925,239034
2214,janaagaard75,1,0.00042,238340,99.70966,239034
2215,janderudder,1,0.00042,238341,99.71008,239034
2216,jankal,1,0.00042,238342,99.71050,239034
2217,Janpot,1,0.00042,238343,99.71092,239034
2218,japgolly,1,0.00042,238344,99.71134,239034
2219,jardilio,1,0.00042,238345,99.71176,239034
2220,jaredcnance,1,0.00042,238346,99.71217,239034
2221,Jared-Dev,1,0.00042,238347,99.71259,239034
2222,jaredsuttles,1,0.00042,238348,99.71301,239034
2223,jareware,1,0.00042,238349,99.71343,239034
2224,jasonclinx,1,0.00042,238350,99.71385,239034
2225,jaspermdegroot,1,0.00042,238351,99.71427,239034
2226,jaubourg,1,0.00042,238352,99.71468,239034
2227,javabrett,1,0.00042,238353,99.71510,239034
2228,javespi,1,0.00042,238354,99.71552,239034
2229,jawn,1,0.00042,238355,99.71594,239034
2230,JaysonRaymond,1,0.00042,238356,99.71636,239034
2231,jbleduigou,1,0.00042,238357,99.71678,239034
2232,jbonta,1,0.00042,238358,99.71720,239034
2233,jcdickinson,1,0.00042,238359,99.71761,239034
2234,jcruz2us,1,0.00042,238360,99.71803,239034
2235,jde1,1,0.00042,238361,99.71845,239034
2236,jden,1,0.00042,238362,99.71887,239034
2237,jdreesen,1,0.00042,238363,99.71929,239034
2238,jdspugh,1,0.00042,238364,99.71971,239034
2239,jeffbski,1,0.00042,238365,99.72012,239034
2240,jeffmahoney,1,0.00042,238366,99.72054,239034
2241,jeffrey4l,1,0.00042,238367,99.72096,239034
2242,jehadja,1,0.00042,238368,99.72138,239034
2243,jennifer-shehane,1,0.00042,238369,99.72180,239034
2244,jensenbox,1,0.00042,238370,99.72222,239034
2245,jeremy-w,1,0.00042,238371,99.72263,239034
2246,jessica-dl,1,0.00042,238372,99.72305,239034
2247,jf17,1,0.00042,238373,99.72347,239034
2248,jfairbank,1,0.00042,238374,99.72389,239034
2249,jharris4,1,0.00042,238375,99.72431,239034
2250,jhickson,1,0.00042,238376,99.72473,239034
2251,jimbrowne,1,0.00042,238377,99.72514,239034
2252,jiria,1,0.00042,238378,99.72556,239034
2253,JitixPhotobox,1,0.00042,238379,99.72598,239034
2254,jldec,1,0.00042,238380,99.72640,239034
2255,jlongster,1,0.00042,238381,99.72682,239034
2256,jmg87,1,0.00042,238382,99.72724,239034
2257,jmsv,1,0.00042,238383,99.72765,239034
2258,jmthibault79,1,0.00042,238384,99.72807,239034
2259,jmventura,1,0.00042,238385,99.72849,239034
2260,joefraley,1,0.00042,238386,99.72891,239034
2261,joelgallant,1,0.00042,238387,99.72933,239034
2262,joelittlejohn,1,0.00042,238388,99.72975,239034
2263,joepie91,1,0.00042,238389,99.73016,239034
2264,joestein,1,0.00042,238390,99.73058,239034
2265,JoeZheng2015,1,0.00042,238391,99.73100,239034
2266,johanneswuerbach,1,0.00042,238392,99.73142,239034
2267,JohnAlbin,1,0.00042,238393,99.73184,239034
2268,johnjelinek,1,0.00042,238394,99.73226,239034
2269,johnlinp,1,0.00042,238395,99.73267,239034
2270,Jokero,1,0.00042,238396,99.73309,239034
2271,jomeier,1,0.00042,238397,99.73351,239034
2272,jondubois,1,0.00042,238398,99.73393,239034
2273,jonekdahl,1,0.00042,238399,99.73435,239034
2274,jonganc,1,0.00042,238400,99.73477,239034
2275,JonnyIncognito,1,0.00042,238401,99.73518,239034
2276,joordas,1,0.00042,238402,99.73560,239034
2277,jordanhendricks,1,0.00042,238403,99.73602,239034
2278,joschi,1,0.00042,238404,99.73644,239034
2279,Jose-CF,1,0.00042,238405,99.73686,239034
2280,josecolella,1,0.00042,238406,99.73728,239034
2281,JosephAmalfitanoSSA,1,0.00042,238407,99.73769,239034
2282,josephlbarnett,1,0.00042,238408,99.73811,239034
2283,joshk,1,0.00042,238409,99.73853,239034
2284,joshuago,1,0.00042,238410,99.73895,239034
2285,joshunger,1,0.00042,238411,99.73937,239034
2286,joshushua,1,0.00042,238412,99.73979,239034
2287,josiasmontag,1,0.00042,238413,99.74020,239034
2288,joymufeng,1,0.00042,238414,99.74062,239034
2289,jparise,1,0.00042,238415,99.74104,239034
2290,jpaugh,1,0.00042,238416,99.74146,239034
2291,jpiccari,1,0.00042,238417,99.74188,239034
2292,jpierson,1,0.00042,238418,99.74230,239034
2293,jpoon,1,0.00042,238419,99.74271,239034
2294,jramosf,1,0.00042,238420,99.74313,239034
2295,jrtom,1,0.00042,238421,99.74355,239034
2296,jsamr,1,0.00042,238422,99.74397,239034
2297,jsdevel,1,0.00042,238423,99.74439,239034
2298,jsha,1,0.00042,238424,99.74481,239034
2299,jsonmaur,1,0.00042,238425,99.74522,239034
2300,jstoja,1,0.00042,238426,99.74564,239034
2301,jstrutz,1,0.00042,238427,99.74606,239034
2302,jsumners,1,0.00042,238428,99.74648,239034
2303,jtattermusch,1,0.00042,238429,99.74690,239034
2304,JuanjoSalvador,1,0.00042,238430,99.74732,239034
2305,juanpablo-santos,1,0.00042,238431,99.74773,239034
2306,junajan,1,0.00042,238432,99.74815,239034
2307,junosuarez,1,0.00042,238433,99.74857,239034
2308,justinmchase,1,0.00042,238434,99.74899,239034
2309,JustinRChou,1,0.00042,238435,99.74941,239034
2310,JustinTRoss,1,0.00042,238436,99.74983,239034
2311,jvican,1,0.00042,238437,99.75024,239034
2312,jviotti,1,0.00042,238438,99.75066,239034
2313,jwcarman,1,0.00042,238439,99.75108,239034
2314,jwKimo,1,0.00042,238440,99.75150,239034
2315,jysoo,1,0.00042,238441,99.75192,239034
2316,jyterencekim,1,0.00042,238442,99.75234,239034
2317,jzischkau,1,0.00042,238443,99.75275,239034
2318,Kamshak,1,0.00042,238444,99.75317,239034
2319,kandros,1,0.00042,238445,99.75359,239034
2320,karataev,1,0.00042,238446,99.75401,239034
2321,kassens,1,0.00042,238447,99.75443,239034
2322,kasunt84,1,0.00042,238448,99.75485,239034
2323,kazssym,1,0.00042,238449,99.75526,239034
2324,kazuki229,1,0.00042,238450,99.75568,239034
2325,kbariotis,1,0.00042,238451,99.75610,239034
2326,keinkonzept,1,0.00042,238452,99.75652,239034
2327,kellyrmilligan,1,0.00042,238453,99.75694,239034
2328,kenperkins,1,0.00042,238454,99.75736,239034
2329,kevinmost,1,0.00042,238455,99.75778,239034
2330,keyten,1,0.00042,238456,99.75819,239034
2331,kilianc,1,0.00042,238457,99.75861,239034
2332,KillWolfVlad,1,0.00042,238458,99.75903,239034
2333,KindDragon,1,0.00042,238459,99.75945,239034
2334,kira1928,1,0.00042,238460,99.75987,239034
2335,kjivan,1,0.00042,238461,99.76029,239034
2336,klamping,1,0.00042,238462,99.76070,239034
2337,klausbayrhammer,1,0.00042,238463,99.76112,239034
2338,klippx,1,0.00042,238464,99.76154,239034
2339,Kmaschta,1,0.00042,238465,99.76196,239034
2340,knjk04,1,0.00042,238466,99.76238,239034
2341,knpwrs,1,0.00042,238467,99.76280,239034
2342,kobayashi,1,0.00042,238468,99.76321,239034
2343,koistya,1,0.00042,238469,99.76363,239034
2344,KonstaL,1,0.00042,238470,99.76405,239034
2345,kopylovvlad,1,0.00042,238471,99.76447,239034
2346,koto,1,0.00042,238472,99.76489,239034
2347,krenor,1,0.00042,238473,99.76531,239034
2348,KristofMorva,1,0.00042,238474,99.76572,239034
2349,kroeckx,1,0.00042,238475,99.76614,239034
2350,krotscheck,1,0.00042,238476,99.76656,239034
2351,krzywiecki,1,0.00042,238477,99.76698,239034
2352,kshetline,1,0.00042,238478,99.76740,239034
2353,KSXGitHub,1,0.00042,238479,99.76782,239034
2354,kukat,1,0.00042,238480,99.76823,239034
2355,Kundan28,1,0.00042,238481,99.76865,239034
2356,kusold,1,0.00042,238482,99.76907,239034
2357,laggingreflex,1,0.00042,238483,99.76949,239034
2358,lamby,1,0.00042,238484,99.76991,239034
2359,Lange,1,0.00042,238485,99.77033,239034
2360,larrywest42,1,0.00042,238486,99.77074,239034
2361,laurentgoudet,1,0.00042,238487,99.77116,239034
2362,laurio,1,0.00042,238488,99.77158,239034
2363,lbogdan,1,0.00042,238489,99.77200,239034
2364,lehni,1,0.00042,238490,99.77242,239034
2365,lenisha,1,0.00042,238491,99.77284,239034
2366,lenovouser,1,0.00042,238492,99.77325,239034
2367,LeoColomb,1,0.00042,238493,99.77367,239034
2368,lersek,1,0.00042,238494,99.77409,239034
2369,leventov,1,0.00042,238495,99.77451,239034
2370,levibotelho,1,0.00042,238496,99.77493,239034
2371,lewurm,1,0.00042,238497,99.77535,239034
2372,lfaraone,1,0.00042,238498,99.77576,239034
2373,lionello,1,0.00042,238499,99.77618,239034
2374,liuhelen10,1,0.00042,238500,99.77660,239034
2375,LKI,1,0.00042,238501,99.77702,239034
2376,lm1,1,0.00042,238502,99.77744,239034
2377,loilo,1,0.00042,238503,99.77786,239034
2378,Lokua,1,0.00042,238504,99.77827,239034
2379,lopezcjf,1,0.00042,238505,99.77869,239034
2380,lorenzph,1,0.00042,238506,99.77911,239034
2381,lrlna,1,0.00042,238507,99.77953,239034
2382,ls-guillaume-rebesche,1,0.00042,238508,99.77995,239034
2383,LTMenezes,1,0.00042,238509,99.78037,239034
2384,lucalas,1,0.00042,238510,99.78078,239034
2385,luciferous,1,0.00042,238511,99.78120,239034
2386,luhenry,1,0.00042,238512,99.78162,239034
2387,lukecwik,1,0.00042,238513,99.78204,239034
2388,luohao-brian,1,0.00042,238514,99.78246,239034
2389,lusarz,1,0.00042,238515,99.78288,239034
2390,Lusitaniae,1,0.00042,238516,99.78329,239034
2391,lydell,1,0.00042,238517,99.78371,239034
2392,lyzahn2,1,0.00042,238518,99.78413,239034
2393,m1guelpf,1,0.00042,238519,99.78455,239034
2394,m59peacemaker,1,0.00042,238520,99.78497,239034
2395,magicdawn,1,0.00042,238521,99.78539,239034
2396,magro,1,0.00042,238522,99.78580,239034
2397,maks-rafalko,1,0.00042,238523,99.78622,239034
2398,malthejorgensen,1,0.00042,238524,99.78664,239034
2399,malud,1,0.00042,238525,99.78706,239034
2400,Mamboleoo,1,0.00042,238526,99.78748,239034
2401,ManoelLobo,1,0.00042,238527,99.78790,239034
2402,manospasj,1,0.00042,238528,99.78831,239034
2403,manrueda,1,0.00042,238529,99.78873,239034
2404,manuelkollus,1,0.00042,238530,99.78915,239034
2405,marado,1,0.00042,238531,99.78957,239034
2406,MarcelGerber,1,0.00042,238532,99.78999,239034
2407,marceloverdijk,1,0.00042,238533,99.79041,239034
2408,marciovicente,1,0.00042,238534,99.79082,239034
2409,marclipovsky,1,0.00042,238535,99.79124,239034
2410,Marcono1234,1,0.00042,238536,99.79166,239034
2411,marcust,1,0.00042,238537,99.79208,239034
2412,marcuswhybrow,1,0.00042,238538,99.79250,239034
2413,marcysutton,1,0.00042,238539,99.79292,239034
2414,marklagendijk,1,0.00042,238540,99.79333,239034
2415,mark-rushakoff,1,0.00042,238541,99.79375,239034
2416,marlon360,1,0.00042,238542,99.79417,239034
2417,marshall007,1,0.00042,238543,99.79459,239034
2418,MartinKamenov,1,0.00042,238544,99.79501,239034
2419,Maskedman99,1,0.00042,238545,99.79543,239034
2420,masterots,1,0.00042,238546,99.79584,239034
2421,matanlurey,1,0.00042,238547,99.79626,239034
2422,mattbdean,1,0.00042,238548,99.79668,239034
2423,matthauck,1,0.00042,238549,99.79710,239034
2424,matthewayne,1,0.00042,238550,99.79752,239034
2425,matthewcm,1,0.00042,238551,99.79794,239034
2426,matthewloring,1,0.00042,238552,99.79836,239034
2427,MattMcFarland,1,0.00042,238553,99.79877,239034
2428,mattnelson,1,0.00042,238554,99.79919,239034
2429,maxd,1,0.00042,238555,99.79961,239034
2430,MaximRouiller,1,0.00042,238556,99.80003,239034
2431,Mazuh,1,0.00042,238557,99.80045,239034
2432,mbeaudru,1,0.00042,238558,99.80087,239034
2433,mborst,1,0.00042,238559,99.80128,239034
2434,MCAxiaz,1,0.00042,238560,99.80170,239034
2435,mciezadlo,1,0.00042,238561,99.80212,239034
2436,mdonoughe,1,0.00042,238562,99.80254,239034
2437,mduu,1,0.00042,238563,99.80296,239034
2438,meatlewis,1,0.00042,238564,99.80338,239034
2439,medikoo,1,0.00042,238565,99.80379,239034
2440,melquiadess,1,0.00042,238566,99.80421,239034
2441,mesaugat,1,0.00042,238567,99.80463,239034
2442,mgorabbani,1,0.00042,238568,99.80505,239034
2443,mhils,1,0.00042,238569,99.80547,239034
2444,micha149,1,0.00042,238570,99.80589,239034
2445,michaelbjames,1,0.00042,238571,99.80630,239034
2446,michaeljota,1,0.00042,238572,99.80672,239034
2447,michaelsavich,1,0.00042,238573,99.80714,239034
2448,MichaHoffmann,1,0.00042,238574,99.80756,239034
2449,Mickael-van-der-Beek,1,0.00042,238575,99.80798,239034
2450,micmro,1,0.00042,238576,99.80840,239034
2451,Micua,1,0.00042,238577,99.80881,239034
2452,migueldeicaza,1,0.00042,238578,99.80923,239034
2453,migueloller,1,0.00042,238579,99.80965,239034
2454,Miha-x64,1,0.00042,238580,99.81007,239034
2455,mikemaccana,1,0.00042,238581,99.81049,239034
2456,mike-marcacci,1,0.00042,238582,99.81091,239034
2457,mikhailshilkov,1,0.00042,238583,99.81132,239034
2458,mirroredge,1,0.00042,238584,99.81174,239034
2459,mjw56,1,0.00042,238585,99.81216,239034
2460,mkantor,1,0.00042,238586,99.81258,239034
2461,mklement0,1,0.00042,238587,99.81300,239034
2462,mleibman,1,0.00042,238588,99.81342,239034
2463,mmedal,1,0.00042,238589,99.81383,239034
2464,mnpenner,1,0.00042,238590,99.81425,239034
2465,mofr,1,0.00042,238591,99.81467,239034
2466,mohamed-ismat,1,0.00042,238592,99.81509,239034
2467,moismat,1,0.00042,238593,99.81551,239034
2468,monkeym4ster,1,0.00042,238594,99.81593,239034
2469,mook-as,1,0.00042,238595,99.81634,239034
2470,morissette,1,0.00042,238596,99.81676,239034
2471,morningmemo,1,0.00042,238597,99.81718,239034
2472,motet-a,1,0.00042,238598,99.81760,239034
2473,motlin,1,0.00042,238599,99.81802,239034
2474,Mozilla-GitHub-Standards,1,0.00042,238600,99.81844,239034
2475,mpccolorado,1,0.00042,238601,99.81885,239034
2476,mperham,1,0.00042,238602,99.81927,239034
2477,mrblackus,1,0.00042,238603,99.81969,239034
2478,MrDesjardins,1,0.00042,238604,99.82011,239034
2479,mrjgreen,1,0.00042,238605,99.82053,239034
2480,mrmlnc,1,0.00042,238606,99.82095,239034
2481,mr-yamraj,1,0.00042,238607,99.82136,239034
2482,msabramo,1,0.00042,238608,99.82178,239034
2483,msebire,1,0.00042,238609,99.82220,239034
2484,msemtd,1,0.00042,238610,99.82262,239034
2485,msrb,1,0.00042,238611,99.82304,239034
2486,mtotoWamkwe,1,0.00042,238612,99.82346,239034
2487,munificent,1,0.00042,238613,99.82387,239034
2488,mureinik,1,0.00042,238614,99.82429,239034
2489,mwindle,1,0.00042,238615,99.82471,239034
2490,mxstbr,1,0.00042,238616,99.82513,239034
2491,mydea,1,0.00042,238617,99.82555,239034
2492,myungjoo,1,0.00042,238618,99.82597,239034
2493,mzabriskie,1,0.00042,238619,99.82638,239034
2494,mzeddd,1,0.00042,238620,99.82680,239034
2495,Naddiseo,1,0.00042,238621,99.82722,239034
2496,nanonyme,1,0.00042,238622,99.82764,239034
2497,Nargonath,1,0.00042,238623,99.82806,239034
2498,nasht00,1,0.00042,238624,99.82848,239034
2499,Natim,1,0.00042,238625,99.82889,239034
2500,nazrhyn,1,0.00042,238626,99.82931,239034
2501,nbarbettini,1,0.00042,238627,99.82973,239034
2502,nbaztec,1,0.00042,238628,99.83015,239034
2503,nbeckman,1,0.00042,238629,99.83057,239034
2504,ncoghlan,1,0.00042,238630,99.83099,239034
2505,Neaox,1,0.00042,238631,99.83140,239034
2506,Nepomuceno,1,0.00042,238632,99.83182,239034
2507,Nettsentrisk,1,0.00042,238633,99.83224,239034
2508,neu5,1,0.00042,238634,99.83266,239034
2509,NeuralSandwich,1,0.00042,238635,99.83308,239034
2510,newyork-anthonyng,1,0.00042,238636,99.83350,239034
2511,Nicholas-Eng,1,0.00042,238637,99.83391,239034
2512,nikai3d,1,0.00042,238638,99.83433,239034
2513,nikolay-fedotov,1,0.00042,238639,99.83475,239034
2514,nimerritt,1,0.00042,238640,99.83517,239034
2515,nishp1,1,0.00042,238641,99.83559,239034
2516,niustephanie,1,0.00042,238642,99.83601,239034
2517,nivs,1,0.00042,238643,99.83642,239034
2518,njsubedi,1,0.00042,238644,99.83684,239034
2519,nkollar,1,0.00042,238645,99.83726,239034
2520,nkzawa,1,0.00042,238646,99.83768,239034
2521,nLight,1,0.00042,238647,99.83810,239034
2522,nmn,1,0.00042,238648,99.83852,239034
2523,nmschulte,1,0.00042,238649,99.83894,239034
2524,Nolanus,1,0.00042,238650,99.83935,239034
2525,noodleswww,1,0.00042,238651,99.83977,239034
2526,nornagon,1,0.00042,238652,99.84019,239034
2527,notslang,1,0.00042,238653,99.84061,239034
2528,nottrobin,1,0.00042,238654,99.84103,239034
2529,noyesa,1,0.00042,238655,99.84145,239034
2530,nsoranzo,1,0.00042,238656,99.84186,239034
2531,nthcircle,1,0.00042,238657,99.84228,239034
2532,ntherning,1,0.00042,238658,99.84270,239034
2533,nurkiewicz,1,0.00042,238659,99.84312,239034
2534,nwoltman,1,0.00042,238660,99.84354,239034
2535,nykolaslima,1,0.00042,238661,99.84396,239034
2536,nyurik,1,0.00042,238662,99.84437,239034
2537,oconn,1,0.00042,238663,99.84479,239034
2538,odysseuscm,1,0.00042,238664,99.84521,239034
2539,ogix,1,0.00042,238665,99.84563,239034
2540,Oire,1,0.00042,238666,99.84605,239034
2541,okdistribute,1,0.00042,238667,99.84647,239034
2542,oldj,1,0.00042,238668,99.84688,239034
2543,olivierlemasle,1,0.00042,238669,99.84730,239034
2544,omerson,1,0.00042,238670,99.84772,239034
2545,omerzach,1,0.00042,238671,99.84814,239034
2546,ompraash,1,0.00042,238672,99.84856,239034
2547,oporko,1,0.00042,238673,99.84898,239034
2548,Opticsponge,1,0.00042,238674,99.84939,239034
2549,oreissig,1,0.00042,238675,99.84981,239034
2550,Oseenix,1,0.00042,238676,99.85023,239034
2551,ossdev07,1,0.00042,238677,99.85065,239034
2552,oughter,1,0.00042,238678,99.85107,239034
2553,outofgamut,1,0.00042,238679,99.85149,239034
2554,Parcley,1,0.00042,238680,99.85190,239034
2555,pascalim,1,0.00042,238681,99.85232,239034
2556,pataar,1,0.00042,238682,99.85274,239034
2557,pauldraper,1,0.00042,238683,99.85316,239034
2558,paulkass,1,0.00042,238684,99.85358,239034
2559,paulmelnikow,1,0.00042,238685,99.85400,239034
2560,paulradzkov,1,0.00042,238686,99.85441,239034
2561,paustria,1,0.00042,238687,99.85483,239034
2562,pavolloffay,1,0.00042,238688,99.85525,239034
2563,pcornelissen,1,0.00042,238689,99.85567,239034
2564,PedroMiguelSS,1,0.00042,238690,99.85609,239034
2565,pedroprado010,1,0.00042,238691,99.85651,239034
2566,peitek,1,0.00042,238692,99.85692,239034
2567,PeteGillin,1,0.00042,238693,99.85734,239034
2568,peterlenagh,1,0.00042,238694,99.85776,239034
2569,petermbenjamin,1,0.00042,238695,99.85818,239034
2570,petermikitsh,1,0.00042,238696,99.85860,239034
2571,pfsmorigo,1,0.00042,238697,99.85902,239034
2572,Philipp91,1,0.00042,238698,99.85943,239034
2573,philippgille,1,0.00042,238699,99.85985,239034
2574,phillipj,1,0.00042,238700,99.86027,239034
2575,Piccirello,1,0.00042,238701,99.86069,239034
2576,PiDelport,1,0.00042,238702,99.86111,239034
2577,pietvandongen,1,0.00042,238703,99.86153,239034
2578,pjhjohn,1,0.00042,238704,99.86194,239034
2579,pkallos,1,0.00042,238705,99.86236,239034
2580,PKief,1,0.00042,238706,99.86278,239034
2581,plaes,1,0.00042,238707,99.86320,239034
2582,platinumazure,1,0.00042,238708,99.86362,239034
2583,plokhotnyuk,1,0.00042,238709,99.86404,239034
2584,pmeerw,1,0.00042,238710,99.86445,239034
2585,poison,1,0.00042,238711,99.86487,239034
2586,PolinaRodimova,1,0.00042,238712,99.86529,239034
2587,portolucas,1,0.00042,238713,99.86571,239034
2588,praveenn-vbi,1,0.00042,238714,99.86613,239034
2589,prempalsingh,1,0.00042,238715,99.86655,239034
2590,pRizz,1,0.00042,238716,99.86696,239034
2591,protyposis,1,0.00042,238717,99.86738,239034
2592,psteitz,1,0.00042,238718,99.86780,239034
2593,ptrain,1,0.00042,238719,99.86822,239034
2594,puku0x,1,0.00042,238720,99.86864,239034
2595,puradox,1,0.00042,238721,99.86906,239034
2596,pvanderlinden,1,0.00042,238722,99.86947,239034
2597,pvoisin,1,0.00042,238723,99.86989,239034
2598,qerub,1,0.00042,238724,99.87031,239034
2599,qinix,1,0.00042,238725,99.87073,239034
2600,qix,1,0.00042,238726,99.87115,239034
2601,qqbuby,1,0.00042,238727,99.87157,239034
2602,qw-in,1,0.00042,238728,99.87198,239034
2603,Qw-in,1,0.00042,238729,99.87240,239034
2604,qwwdfsad,1,0.00042,238730,99.87282,239034
2605,radarhere,1,0.00042,238731,99.87324,239034
2606,radiovisual,1,0.00042,238732,99.87366,239034
2607,rafrex,1,0.00042,238733,99.87408,239034
2608,Raghavan1993,1,0.00042,238734,99.87449,239034
2609,rah-gupta,1,0.00042,238735,99.87491,239034
2610,rahulkotecha,1,0.00042,238736,99.87533,239034
2611,Rantanen,1,0.00042,238737,99.87575,239034
2612,redeyes2015,1,0.00042,238738,99.87617,239034
2613,reedfeng,1,0.00042,238739,99.87659,239034
2614,rellect,1,0.00042,238740,99.87700,239034
2615,remcowesterhoud,1,0.00042,238741,99.87742,239034
2616,remko,1,0.00042,238742,99.87784,239034
2617,renanpvaz,1,0.00042,238743,99.87826,239034
2618,renewooller,1,0.00042,238744,99.87868,239034
2619,reviewher,1,0.00042,238745,99.87910,239034
2620,revington,1,0.00042,238746,99.87952,239034
2621,rexxars,1,0.00042,238747,99.87993,239034
2622,rgeraldporter,1,0.00042,238748,99.88035,239034
2623,rgraffbrd,1,0.00042,238749,99.88077,239034
2624,rhelms,1,0.00042,238750,99.88119,239034
2625,rhmoller,1,0.00042,238751,99.88161,239034
2626,rhysmccaig,1,0.00042,238752,99.88203,239034
2627,ricardogama,1,0.00042,238753,99.88244,239034
2628,richardfearn,1,0.00042,238754,99.88286,239034
2629,RichardLitt,1,0.00042,238755,99.88328,239034
2630,rickyvetter,1,0.00042,238756,99.88370,239034
2631,ricokahler,1,0.00042,238757,99.88412,239034
2632,rike422,1,0.00042,238758,99.88454,239034
2633,rivertam,1,0.00042,238759,99.88495,239034
2634,rjackson-dev-ops,1,0.00042,238760,99.88537,239034
2635,rjamet,1,0.00042,238761,99.88579,239034
2636,rjruizes,1,0.00042,238762,99.88621,239034
2637,rmariuzzo,1,0.00042,238763,99.88663,239034
2638,rmg,1,0.00042,238764,99.88705,239034
2639,rmharrison,1,0.00042,238765,99.88746,239034
2640,RobDesideri,1,0.00042,238766,99.88788,239034
2641,robinkanters,1,0.00042,238767,99.88830,239034
2642,RoboBurned,1,0.00042,238768,99.88872,239034
2643,roboshoes,1,0.00042,238769,99.88914,239034
2644,RochesterinNYC,1,0.00042,238770,99.88956,239034
2645,rockymeza,1,0.00042,238771,99.88997,239034
2646,rodrigobdz,1,0.00042,238772,99.89039,239034
2647,roman01la,1,0.00042,238773,99.89081,239034
2648,RomanGotsiy,1,0.00042,238774,99.89123,239034
2649,roman-mazur,1,0.00042,238775,99.89165,239034
2650,romeovs,1,0.00042,238776,99.89207,239034
2651,roncain,1,0.00042,238777,99.89248,239034
2652,rootsher,1,0.00042,238778,99.89290,239034
2653,rouanw,1,0.00042,238779,99.89332,239034
2654,roymiloh,1,0.00042,238780,99.89374,239034
2655,rszalski,1,0.00042,238781,99.89416,239034
2656,rtfpessoa,1,0.00042,238782,99.89458,239034
2657,rtsao,1,0.00042,238783,99.89499,239034
2658,rubycut,1,0.00042,238784,99.89541,239034
2659,RudarDaman,1,0.00042,238785,99.89583,239034
2660,rudolfolah,1,0.00042,238786,99.89625,239034
2661,Runrioter,1,0.00042,238787,99.89667,239034
2662,ruphin,1,0.00042,238788,99.89709,239034
2663,russellpwirtz,1,0.00042,238789,99.89750,239034
2664,russgray,1,0.00042,238790,99.89792,239034
2665,rwaldron,1,0.00042,238791,99.89834,239034
2666,rwieruch,1,0.00042,238792,99.89876,239034
2667,ryancyq,1,0.00042,238793,99.89918,239034
2668,ryan-williams,1,0.00042,238794,99.89960,239034
2669,rybon,1,0.00042,238795,99.90001,239034
2670,ryouaki,1,0.00042,238796,99.90043,239034
2671,S2-,1,0.00042,238797,99.90085,239034
2672,saadq,1,0.00042,238798,99.90127,239034
2673,saadtazi,1,0.00042,238799,99.90169,239034
2674,SaeedPrez,1,0.00042,238800,99.90211,239034
2675,sam09,1,0.00042,238801,99.90252,239034
2676,samccone,1,0.00042,238802,99.90294,239034
2677,samdenty99,1,0.00042,238803,99.90336,239034
2678,samerbuna,1,0.00042,238804,99.90378,239034
2679,samliebow,1,0.00042,238805,99.90420,239034
2680,samuelkarp,1,0.00042,238806,99.90462,239034
2681,sandwichsudo,1,0.00042,238807,99.90503,239034
2682,Sanjo,1,0.00042,238808,99.90545,239034
2683,sanniassin,1,0.00042,238809,99.90587,239034
2684,santiagoaguiar,1,0.00042,238810,99.90629,239034
2685,sarangjo,1,0.00042,238811,99.90671,239034
2686,satansk,1,0.00042,238812,99.90713,239034
2687,satta,1,0.00042,238813,99.90754,239034
2688,sbley,1,0.00042,238814,99.90796,239034
2689,sbomer,1,0.00042,238815,99.90838,239034
2690,sbrl,1,0.00042,238816,99.90880,239034
2691,schwigri,1,0.00042,238817,99.90922,239034
2692,scjody,1,0.00042,238818,99.90964,239034
2693,scottmarlow,1,0.00042,238819,99.91005,239034
2694,ScottyBauer,1,0.00042,238820,99.91047,239034
2695,ScriptSmith,1,0.00042,238821,99.91089,239034
2696,seawatts,1,0.00042,238822,99.91131,239034
2697,sehrope,1,0.00042,238823,99.91173,239034
2698,seiyria,1,0.00042,238824,99.91215,239034
2699,sendilkumarn,1,0.00042,238825,99.91256,239034
2700,seratch,1,0.00042,238826,99.91298,239034
2701,serchavalos,1,0.00042,238827,99.91340,239034
2702,sergei-zelinsky,1,0.00042,238828,99.91382,239034
2703,sergiopantoja,1,0.00042,238829,99.91424,239034
2704,shaggygi,1,0.00042,238830,99.91466,239034
2705,shahmeet999,1,0.00042,238831,99.91507,239034
2706,shawninder,1,0.00042,238832,99.91549,239034
2707,sheerun,1,0.00042,238833,99.91591,239034
2708,shlomif,1,0.00042,238834,99.91633,239034
2709,siamak,1,0.00042,238835,99.91675,239034
2710,sibelius,1,0.00042,238836,99.91717,239034
2711,sibiraj-s,1,0.00042,238837,99.91758,239034
2712,sidps,1,0.00042,238838,99.91800,239034
2713,Sieabah,1,0.00042,238839,99.91842,239034
2714,sigmundch,1,0.00042,238840,99.91884,239034
2715,silvermanj7,1,0.00042,238841,99.91926,239034
2716,simeg,1,0.00042,238842,99.91968,239034
2717,sinkingpoint,1,0.00042,238843,99.92010,239034
2718,sjrd,1,0.00042,238844,99.92051,239034
2719,skjolber,1,0.00042,238845,99.92093,239034
2720,skotniczny,1,0.00042,238846,99.92135,239034
2721,Sky161,1,0.00042,238847,99.92177,239034
2722,skyline-123,1,0.00042,238848,99.92219,239034
2723,skyzyx,1,0.00042,238849,99.92261,239034
2724,slandelle,1,0.00042,238850,99.92302,239034
2725,slang800,1,0.00042,238851,99.92344,239034
2726,slavanga,1,0.00042,238852,99.92386,239034
2727,sliceofbytes,1,0.00042,238853,99.92428,239034
2728,slintes,1,0.00042,238854,99.92470,239034
2729,SomeoneWeird,1,0.00042,238855,99.92512,239034
2730,sondrele,1,0.00042,238856,99.92553,239034
2731,sonnemaf,1,0.00042,238857,99.92595,239034
2732,sothawo,1,0.00042,238858,99.92637,239034
2733,southpolesteve,1,0.00042,238859,99.92679,239034
2734,spegelref,1,0.00042,238860,99.92721,239034
2735,sprockow,1,0.00042,238861,99.92763,239034
2736,spshant,1,0.00042,238862,99.92804,239034
2737,sputnik13,1,0.00042,238863,99.92846,239034
2738,sqrthree,1,0.00042,238864,99.92888,239034
2739,Sridhar-MS,1,0.00042,238865,99.92930,239034
2740,srn,1,0.00042,238866,99.92972,239034
2741,sschuberth,1,0.00042,238867,99.93014,239034
2742,Standard8,1,0.00042,238868,99.93055,239034
2743,StefMa,1,0.00042,238869,99.93097,239034
2744,StephenBonikowsky,1,0.00042,238870,99.93139,239034
2745,stephengroat,1,0.00042,238871,99.93181,239034
2746,StephenMolloy,1,0.00042,238872,99.93223,239034
2747,stephlag,1,0.00042,238873,99.93265,239034
2748,steveklabnik,1,0.00042,238874,99.93306,239034
2749,SteveL-MSFT,1,0.00042,238875,99.93348,239034
2750,stevenbenitez,1,0.00042,238876,99.93390,239034
2751,stevenschlansker,1,0.00042,238877,99.93432,239034
2752,steve-taylor,1,0.00042,238878,99.93474,239034
2753,stonexer,1,0.00042,238879,99.93516,239034
2754,stovocor,1,0.00042,238880,99.93557,239034
2755,sttk,1,0.00042,238881,99.93599,239034
2756,sumanvyj,1,0.00042,238882,99.93641,239034
2757,sunorry,1,0.00042,238883,99.93683,239034
2758,svetlyak40wt,1,0.00042,238884,99.93725,239034
2759,sweiss-google,1,0.00042,238885,99.93767,239034
2760,sYnfo,1,0.00042,238886,99.93808,239034
2761,Syrok,1,0.00042,238887,99.93850,239034
2762,szepeviktor,1,0.00042,238888,99.93892,239034
2763,Tahler,1,0.00042,238889,99.93934,239034
2764,tanyabrassie,1,0.00042,238890,99.93976,239034
2765,TATDK,1,0.00042,238891,99.94018,239034
2766,taylorhutchison,1,0.00042,238892,99.94059,239034
2767,tbartley,1,0.00042,238893,99.94101,239034
2768,tbroyer,1,0.00042,238894,99.94143,239034
2769,tdg5,1,0.00042,238895,99.94185,239034
2770,tdhooper,1,0.00042,238896,99.94227,239034
2771,teameh,1,0.00042,238897,99.94269,239034
2772,TechDimension,1,0.00042,238898,99.94310,239034
2773,teeram,1,0.00042,238899,99.94352,239034
2774,testcenter,1,0.00042,238900,99.94394,239034
2775,tgallacher,1,0.00042,238901,99.94436,239034
2776,tgriesser,1,0.00042,238902,99.94478,239034
2777,ThaddeusJiang,1,0.00042,238903,99.94520,239034
2778,tharunjose,1,0.00042,238904,99.94561,239034
2779,thatJavaNerd,1,0.00042,238905,99.94603,239034
2780,thebergamo,1,0.00042,238906,99.94645,239034
2781,TheBusCantSwim,1,0.00042,238907,99.94687,239034
2782,theganyo,1,0.00042,238908,99.94729,239034
2783,TheInnerParty,1,0.00042,238909,99.94771,239034
2784,themez,1,0.00042,238910,99.94812,239034
2785,theromis,1,0.00042,238911,99.94854,239034
2786,TheSharpieOne,1,0.00042,238912,99.94896,239034
2787,the-vampiire,1,0.00042,238913,99.94938,239034
2788,thibautRe,1,0.00042,238914,99.94980,239034
2789,thomasdarimont,1,0.00042,238915,99.95022,239034
2790,ThomasSimoens,1,0.00042,238916,99.95063,239034
2791,thommymo,1,0.00042,238917,99.95105,239034
2792,tiangolo,1,0.00042,238918,99.95147,239034
2793,Timer,1,0.00042,238919,99.95189,239034
2794,timkindberg,1,0.00042,238920,99.95231,239034
2795,Timokasse,1,0.00042,238921,99.95273,239034
2796,TimonVS,1,0.00042,238922,99.95314,239034
2797,tj,1,0.00042,238923,99.95356,239034
2798,tjmehta,1,0.00042,238924,99.95398,239034
2799,tlantz,1,0.00042,238925,99.95440,239034
2800,tnunes,1,0.00042,238926,99.95482,239034
2801,TomK32,1,0.00042,238927,99.95524,239034
2802,tommagnusson,1,0.00042,238928,99.95565,239034
2803,TomyJaya,1,0.00042,238929,99.95607,239034
2804,tonybaloney,1,0.00042,238930,99.95649,239034
2805,Treora,1,0.00042,238931,99.95691,239034
2806,trierra,1,0.00042,238932,99.95733,239034
2807,trodrigues,1,0.00042,238933,99.95775,239034
2808,truelixin,1,0.00042,238934,99.95816,239034
2809,ttulka,1,0.00042,238935,99.95858,239034
2810,tugrul,1,0.00042,238936,99.95900,239034
2811,TundraFizz,1,0.00042,238937,99.95942,239034
2812,tvillaluz,1,0.00042,238938,99.95984,239034
2813,twillouer,1,0.00042,238939,99.96026,239034
2814,twk-b,1,0.00042,238940,99.96068,239034
2815,twlkyao,1,0.00042,238941,99.96109,239034
2816,tycho,1,0.00042,238942,99.96151,239034
2817,tyrsius,1,0.00042,238943,99.96193,239034
2818,ulope,1,0.00042,238944,99.96235,239034
2819,unlimitedsola,1,0.00042,238945,99.96277,239034
2820,user890104,1,0.00042,238946,99.96319,239034
2821,uweschaefer,1,0.00042,238947,99.96360,239034
2822,ValentinTrinque,1,0.00042,238948,99.96402,239034
2823,Vampire,1,0.00042,238949,99.96444,239034
2824,vanbujm,1,0.00042,238950,99.96486,239034
2825,vanta,1,0.00042,238951,99.96528,239034
2826,vanthome,1,0.00042,238952,99.96570,239034
2827,vbauer,1,0.00042,238953,99.96611,239034
2828,vcsjones,1,0.00042,238954,99.96653,239034
2829,vdukhovni,1,0.00042,238955,99.96695,239034
2830,vegetableman,1,0.00042,238956,99.96737,239034
2831,vernondegoede,1,0.00042,238957,99.96779,239034
2832,victorwangyang,1,0.00042,238958,99.96821,239034
2833,vinaydate,1,0.00042,238959,99.96862,239034
2834,vincentbernat,1,0.00042,238960,99.96904,239034
2835,viniciusls,1,0.00042,238961,99.96946,239034
2836,vitaliy-bobrov,1,0.00042,238962,99.96988,239034
2837,vkhv,1,0.00042,238963,99.97030,239034
2838,vladgolubev,1,0.00042,238964,99.97072,239034
2839,vmalloc,1,0.00042,238965,99.97113,239034
2840,vmosyaykin,1,0.00042,238966,99.97155,239034
2841,vovkvlad,1,0.00042,238967,99.97197,239034
2842,vstinner,1,0.00042,238968,99.97239,239034
2843,wallali,1,0.00042,238969,99.97281,239034
2844,Wang-Sen,1,0.00042,238970,99.97323,239034
2845,warapitiya,1,0.00042,238971,99.97364,239034
2846,warrenseymour,1,0.00042,238972,99.97406,239034
2847,webprofusion-chrisc,1,0.00042,238973,99.97448,239034
2848,weiluntong,1,0.00042,238974,99.97490,239034
2849,weswigham,1,0.00042,238975,99.97532,239034
2850,willbeaufoy,1,0.00042,238976,99.97574,239034
2851,willfarrell,1,0.00042,238977,99.97615,239034
2852,williamdes,1,0.00042,238978,99.97657,239034
2853,william-lohan,1,0.00042,238979,99.97699,239034
2854,Willv19,1,0.00042,238980,99.97741,239034
2855,wizawu,1,0.00042,238981,99.97783,239034
2856,wla80,1,0.00042,238982,99.97825,239034
2857,WLun001,1,0.00042,238983,99.97866,239034
2858,wojtekmaj,1,0.00042,238984,99.97908,239034
2859,woloski,1,0.00042,238985,99.97950,239034
2860,worldsense-tms,1,0.00042,238986,99.97992,239034
2861,WORMSS,1,0.00042,238987,99.98034,239034
2862,worthy7,1,0.00042,238988,99.98076,239034
2863,WouterG,1,0.00042,238989,99.98117,239034
2864,Wykks,1,0.00042,238990,99.98159,239034
2865,xdumaine,1,0.00042,238991,99.98201,239034
2866,xeno-by,1,0.00042,238992,99.98243,239034
2867,xfh,1,0.00042,238993,99.98285,239034
2868,xied75,1,0.00042,238994,99.98327,239034
2869,xobotyi,1,0.00042,238995,99.98368,239034
2870,Xorlev,1,0.00042,238996,99.98410,239034
2871,Xuanwo,1,0.00042,238997,99.98452,239034
2872,XZ-X,1,0.00042,238998,99.98494,239034
2873,YairHalberstadt,1,0.00042,238999,99.98536,239034
2874,yang-xia,1,0.00042,239000,99.98578,239034
2875,yanick,1,0.00042,239001,99.98619,239034
2876,yankouskia,1,0.00042,239002,99.98661,239034
2877,yanxyz,1,0.00042,239003,99.98703,239034
2878,yaodingyd,1,0.00042,239004,99.98745,239034
2879,Yasumoto,1,0.00042,239005,99.98787,239034
2880,yavorski,1,0.00042,239006,99.98829,239034
2881,yaziza,1,0.00042,239007,99.98870,239034
2882,yehezkielbs,1,0.00042,239008,99.98912,239034
2883,yjcxy12,1,0.00042,239009,99.98954,239034
2884,yochem,1,0.00042,239010,99.98996,239034
2885,yorkie,1,0.00042,239011,99.99038,239034
2886,yrodiere,1,0.00042,239012,99.99080,239034
2887,ytan29,1,0.00042,239013,99.99121,239034
2888,ytRino,1,0.00042,239014,99.99163,239034
2889,yuj,1,0.00042,239015,99.99205,239034
2890,yume-chan,1,0.00042,239016,99.99247,239034
2891,yurrriq,1,0.00042,239017,99.99289,239034
2892,yvele,1,0.00042,239018,99.99331,239034
2893,yxl,1,0.00042,239019,99.99372,239034
2894,zackify,1,0.00042,239020,99.99414,239034
2895,zakhenry,1,0.00042,239021,99.99456,239034
2896,zakness,1,0.00042,239022,99.99498,239034
2897,zce,1,0.00042,239023,99.99540,239034
2898,zcwang,1,0.00042,239024,99.99582,239034
2899,zdroid,1,0.00042,239025,99.99623,239034
2900,zeke,1,0.00042,239026,99.99665,239034
2901,zerok,1,0.00042,239027,99.99707,239034
2902,zhaosiyang,1,0.00042,239028,99.99749,239034
2903,zhengjunxin,1,0.00042,239029,99.99791,239034
2904,zhiliangxu,1,0.00042,239030,99.99833,239034
2905,ZhitongLei,1,0.00042,239031,99.99874,239034
2906,zsmb13,1,0.00042,239032,99.99916,239034
2907,zuohuadong,1,0.00042,239033,99.99958,239034
2908,zxqfox,1,0.00042,239034,100.00000,239034
