rank_number,actor,contributions,percent,cumulative_sum,cumulative_percent,all_contributions
1,mhevery,32716,13.68693,32716,13.68693,239031
2,matsko,13434,5.62019,46150,19.30712,239031
3,IgorMinar,12717,5.32023,58867,24.62735,239031
4,kara,10879,4.55129,69746,29.17864,239031
5,alxhub,10869,4.54711,80615,33.72575,239031
6,levitte,9213,3.85431,89828,37.58006,239031
7,stephentoub,8593,3.59493,98421,41.17499,239031
8,AndrewKushnir,8048,3.36693,106469,44.54192,239031
9,XhmikosR,6176,2.58377,112645,47.12569,239031
10,cowtowncoder,4746,1.98552,117391,49.11120,239031
11,alexeagle,4599,1.92402,121990,51.03522,239031
12,petebacondarwin,4304,1.80060,126294,52.83582,239031
13,dougwilson,4295,1.79684,130589,54.63266,239031
14,jdalton,3757,1.57176,134346,56.20443,239031
15,mdo,3411,1.42701,137757,57.63144,239031
16,asfgit,2297,0.96096,140054,58.59240,239031
17,gaearon,2162,0.90449,142216,59.49689,239031
18,gkalpak,2132,0.89193,144348,60.38882,239031
19,zloirock,1991,0.83295,146339,61.22177,239031
20,mattcaswell,1670,0.69865,148009,61.92042,239031
21,crisbeto,1502,0.62837,149511,62.54879,239031
22,cvrebert,1466,0.61331,150977,63.16210,239031
23,epoberezkin,1342,0.56143,152319,63.72353,239031
24,bgrainger,1320,0.55223,153639,64.27576,239031
25,cpovirk,1269,0.53089,154908,64.80666,239031
26,vikerman,1260,0.52713,156168,65.33379,239031
27,danmosemsft,1244,0.52043,157412,65.85422,239031
28,Narretz,1197,0.50077,158609,66.35499,239031
29,lrytz,1196,0.50035,159805,66.85535,239031
30,vicb,1154,0.48278,160959,67.33813,239031
31,cgdecker,1136,0.47525,162095,67.81338,239031
32,Johann-S,1131,0.47316,163226,68.28654,239031
33,LutzJaenicke,1116,0.46689,164342,68.75343,239031
34,safern,1059,0.44304,165401,69.19646,239031
35,richsalz,1031,0.43132,166432,69.62779,239031
36,zpao,963,0.40288,167395,70.03067,239031
37,jkotas,950,0.39744,168345,70.42810,239031
38,ViktorHofer,922,0.38572,169267,70.81383,239031
39,adriaanm,912,0.38154,170179,71.19537,239031
40,PaulGap,910,0.38070,171089,71.57607,239031
41,rprouse,895,0.37443,171984,71.95050,239031
42,JamesNK,865,0.36188,172849,72.31238,239031
43,retronym,865,0.36188,173714,72.67426,239031
44,pkozlowski-opensource,856,0.35811,174570,73.03237,239031
45,timdorr,837,0.35016,175407,73.38253,239031
46,jasonaden,836,0.34975,176243,73.73228,239031
47,bcoe,814,0.34054,177057,74.07282,239031
48,CharliePoole,763,0.31921,177820,74.39202,239031
49,christopherthielen,736,0.30791,178556,74.69993,239031
50,patrickhlauke,730,0.30540,179286,75.00533,239031
51,ceki,721,0.30163,180007,75.30697,239031
52,patrickkettner,720,0.30122,180727,75.60818,239031
53,xzyfer,685,0.28657,181412,75.89476,239031
54,sindresorhus,659,0.27570,182071,76.17045,239031
55,weshaggard,644,0.26942,182715,76.43988,239031
56,spicyj,627,0.26231,183342,76.70219,239031
57,bvaughn,622,0.26022,183964,76.96240,239031
58,bartonjs,621,0.25980,184585,77.22220,239031
59,acdlite,559,0.23386,185144,77.45606,239031
60,SethTisue,555,0.23219,185699,77.68825,239031
61,aearly,554,0.23177,186253,77.92002,239031
62,jeffbcross,549,0.22968,186802,78.14970,239031
63,tbosch,545,0.22800,187347,78.37770,239031
64,mlaval,517,0.21629,187864,78.59399,239031
65,mprobst,497,0.20792,188361,78.80191,239031
66,petkaantonov,487,0.20374,188848,79.00565,239031
67,rkirov,482,0.20165,189330,79.20730,239031
68,jnm2,479,0.20039,189809,79.40769,239031
69,ichernev,468,0.19579,190277,79.60348,239031
70,mjackson,466,0.19495,190743,79.79844,239031
71,jelbourn,464,0.19412,191207,79.99255,239031
72,ariya,447,0.18701,191654,80.17956,239031
73,ericstj,433,0.18115,192087,80.36071,239031
74,atscott,432,0.18073,192519,80.54144,239031
75,ahsonkhan,430,0.17989,192949,80.72133,239031
76,indexzero,428,0.17906,193377,80.90039,239031
77,kennethreitz,419,0.17529,193796,81.07568,239031
78,megawac,413,0.17278,194209,81.24846,239031
79,davidsh,407,0.17027,194616,81.41873,239031
80,filipesilva,402,0.16818,195018,81.58691,239031
81,bernd-edlinger,398,0.16651,195416,81.75341,239031
82,chuckjaz,398,0.16651,195814,81.91992,239031
83,isaacs,397,0.16609,196211,82.08601,239031
84,ellismg,395,0.16525,196606,82.25126,239031
85,joperezr,395,0.16525,197001,82.41651,239031
86,maxokorokov,393,0.16441,197394,82.58092,239031
87,VSadov,390,0.16316,197784,82.74408,239031
88,mellinoe,374,0.15647,198158,82.90054,239031
89,ocombe,371,0.15521,198529,83.05575,239031
90,sebmarkbage,369,0.15437,198898,83.21013,239031
91,knalli,363,0.15186,199261,83.36199,239031
92,rzwitserloot,358,0.14977,199619,83.51176,239031
93,JeremyKuhne,351,0.14684,199970,83.65860,239031
94,jimfb,345,0.14433,200315,83.80294,239031
95,fellows3,343,0.14350,200658,83.94643,239031
96,karelz,339,0.14182,200997,84.08826,239031
97,vsavkin,331,0.13848,201328,84.22673,239031
98,JiaLiPassion,315,0.13178,201643,84.35851,239031
99,hueniverse,312,0.13053,201955,84.48904,239031
100,PascalSchumacher,312,0.13053,202267,84.61957,239031
101,mgol,309,0.12927,202576,84.74884,239031
102,davegandy,308,0.12885,202884,84.87769,239031
103,wtgodbe,307,0.12844,203191,85.00613,239031
104,kyliau,306,0.12802,203497,85.13415,239031
105,timmywil,298,0.12467,203795,85.25882,239031
106,MartijnCuppens,297,0.12425,204092,85.38307,239031
107,mzgol,293,0.12258,204385,85.50565,239031
108,simov,289,0.12090,204674,85.62655,239031
109,garydgregory,287,0.12007,204961,85.74662,239031
110,Lukasa,287,0.12007,205248,85.86669,239031
111,tarekgh,283,0.11839,205531,85.98508,239031
112,calvinmetcalf,282,0.11798,205813,86.10306,239031
113,ok2c,281,0.11756,206094,86.22062,239031
114,jbogarthyde,270,0.11296,206364,86.33357,239031
115,trueadm,267,0.11170,206631,86.44527,239031
116,benlesh,264,0.11045,206895,86.55572,239031
117,rejas,264,0.11045,207159,86.66616,239031
118,inder123,263,0.11003,207422,86.77619,239031
119,scottgonzalez,253,0.10584,207675,86.88204,239031
120,markerikson,246,0.10292,207921,86.98495,239031
121,mary-poppins,245,0.10250,208166,87.08745,239031
122,ljharb,243,0.10166,208409,87.18911,239031
123,rspilker,240,0.10041,208649,87.28951,239031
124,ChrisMaddock,236,0.09873,208885,87.38825,239031
125,nhunzaker,227,0.09497,209112,87.48321,239031
126,jonschlinkert,226,0.09455,209338,87.57776,239031
127,kapunahelewong,221,0.09246,209559,87.67022,239031
128,broofa,219,0.09162,209778,87.76184,239031
129,Priya91,219,0.09162,209997,87.85346,239031
130,britter,217,0.09078,210214,87.94424,239031
131,gregmagolan,212,0.08869,210426,88.03293,239031
132,josephperrott,209,0.08744,210635,88.12037,239031
133,mmalerba,208,0.08702,210843,88.20739,239031
134,jbedard,206,0.08618,211049,88.29357,239031
135,tannergooding,206,0.08618,211255,88.37975,239031
136,mde,205,0.08576,211460,88.46551,239031
137,GrabYourPitchforks,201,0.08409,211661,88.54960,239031
138,Anipik,199,0.08325,211860,88.63286,239031
139,mmitche,198,0.08283,212058,88.71569,239031
140,ianhays,197,0.08242,212255,88.79811,239031
141,coliff,196,0.08200,212451,88.88010,239031
142,bardiharborow,187,0.07823,212638,88.95834,239031
143,chenkie,187,0.07823,212825,89.03657,239031
144,benjamingr,186,0.07781,213011,89.11438,239031
145,mspncp,184,0.07698,213195,89.19136,239031
146,sebbASF,179,0.07489,213374,89.26625,239031
147,alan-agius4,167,0.06987,213541,89.33611,239031
148,DataTables,164,0.06861,213705,89.40472,239031
149,mcollina,163,0.06819,213868,89.47291,239031
150,sameb,162,0.06777,214030,89.54069,239031
151,andrewseguin,161,0.06736,214191,89.60804,239031
152,bep,160,0.06694,214351,89.67498,239031
153,krwq,160,0.06694,214511,89.74192,239031
154,marwahaha,158,0.06610,214669,89.80802,239031
155,wfurt,152,0.06359,214821,89.87161,239031
156,flarnie,151,0.06317,214972,89.93478,239031
157,jonathantneal,151,0.06317,215123,89.99795,239031
158,szeiger,151,0.06317,215274,90.06112,239031
159,shmao,150,0.06275,215424,90.12388,239031
160,hansl,149,0.06234,215573,90.18621,239031
161,JoostK,149,0.06234,215722,90.24855,239031
162,davidfowl,147,0.06150,215869,90.31004,239031
163,nguerrera,147,0.06150,216016,90.37154,239031
164,AtsushiKan,146,0.06108,216162,90.43262,239031
165,ronshapiro,146,0.06108,216308,90.49370,239031
166,chcosta,145,0.06066,216453,90.55436,239031
167,devversion,143,0.05982,216596,90.61419,239031
168,kkirsche,143,0.05982,216739,90.67401,239031
169,lgalfaso,142,0.05941,216881,90.73342,239031
170,Qix-,141,0.05899,217022,90.79241,239031
171,feross,138,0.05773,217160,90.85014,239031
172,saurabh500,138,0.05773,217298,90.90787,239031
173,markelog,137,0.05731,217435,90.96519,239031
174,TimothyGu,135,0.05648,217570,91.02167,239031
175,gibson042,133,0.05564,217703,91.07731,239031
176,joshfree,133,0.05564,217836,91.13295,239031
177,Aweary,131,0.05480,217967,91.18775,239031
178,steveharter,131,0.05480,218098,91.24256,239031
179,marijnh,130,0.05439,218228,91.29694,239031
180,btford,129,0.05397,218357,91.35091,239031
181,MattGal,127,0.05313,218484,91.40404,239031
182,pjanotti,125,0.05229,218609,91.45634,239031
183,aweary,124,0.05188,218733,91.50821,239031
184,mikeal,123,0.05146,218856,91.55967,239031
185,ryanflorence,122,0.05104,218978,91.61071,239031
186,chirayuk,120,0.05020,219098,91.66091,239031
187,tagliala,120,0.05020,219218,91.71112,239031
188,nschonni,119,0.04978,219337,91.76090,239031
189,benaadams,117,0.04895,219454,91.80985,239031
190,tmat,116,0.04853,219570,91.85838,239031
191,dwijnand,115,0.04811,219685,91.90649,239031
192,lontis,114,0.04769,219799,91.95418,239031
193,phated,114,0.04769,219913,92.00187,239031
194,tmshort,111,0.04644,220024,92.04831,239031
195,yjbanov,111,0.04644,220135,92.09475,239031
196,captbaritone,108,0.04518,220243,92.13993,239031
197,vjeux,108,0.04518,220351,92.18511,239031
198,pshrmn,107,0.04476,220458,92.22988,239031
199,sigmavirus24,106,0.04435,220564,92.27422,239031
200,am11,105,0.04393,220669,92.31815,239031
201,corivera,103,0.04309,220772,92.36124,239031
202,jmrodri,102,0.04267,220874,92.40391,239031
203,kegluneq,102,0.04267,220976,92.44659,239031
204,maryamariyan,102,0.04267,221078,92.48926,239031
205,necolas,102,0.04267,221180,92.53193,239031
206,gotwarlost,101,0.04225,221281,92.57418,239031
207,tmds,101,0.04225,221382,92.61644,239031
208,netomi,100,0.04184,221482,92.65827,239031
209,talbs,97,0.04058,221579,92.69885,239031
210,jashkenas,96,0.04016,221675,92.73902,239031
211,filipnavara,95,0.03974,221770,92.77876,239031
212,maxbeatty,95,0.03974,221865,92.81850,239031
213,ryanseddon,92,0.03849,221957,92.85699,239031
214,ziluvatar,92,0.03849,222049,92.89548,239031
215,analog-nico,91,0.03807,222140,92.93355,239031
216,fitzgen,90,0.03765,222230,92.97120,239031
217,swankjesse,90,0.03765,222320,93.00886,239031
218,eerhardt,89,0.03723,222409,93.04609,239031
219,diesalbla,88,0.03682,222497,93.08291,239031
220,huanwu,87,0.03640,222584,93.11930,239031
221,JedWatson,87,0.03640,222671,93.15570,239031
222,jzaefferer,87,0.03640,222758,93.19210,239031
223,que-etc,87,0.03640,222845,93.22849,239031
224,twbs-grunt,87,0.03640,222932,93.26489,239031
225,jfromaniello,86,0.03598,223018,93.30087,239031
226,davidben,85,0.03556,223103,93.33643,239031
227,juliemr,85,0.03556,223188,93.37199,239031
228,arekinath,83,0.03472,223271,93.40671,239031
229,DABH,83,0.03472,223354,93.44144,239031
230,geoffkizer,83,0.03472,223437,93.47616,239031
231,MichalStrehovsky,83,0.03472,223520,93.51088,239031
232,jaredhanson,82,0.03431,223602,93.54519,239031
233,gunnarmorling,80,0.03347,223682,93.57866,239031
234,vancem,80,0.03347,223762,93.61213,239031
235,abetomo,78,0.03263,223840,93.64476,239031
236,mikkelbu,78,0.03263,223918,93.67739,239031
237,ashtuchkin,77,0.03221,223995,93.70960,239031
238,caleblloyd,77,0.03221,224072,93.74182,239031
239,falsyvalues,76,0.03180,224148,93.77361,239031
240,juliangruber,75,0.03138,224223,93.80499,239031
241,mj1856,75,0.03138,224298,93.83636,239031
242,ellenaua,74,0.03096,224372,93.86732,239031
243,koba04,74,0.03096,224446,93.89828,239031
244,nateabele,74,0.03096,224520,93.92924,239031
245,julienrf,73,0.03054,224593,93.95978,239031
246,caitp,71,0.02970,224664,93.98948,239031
247,robmadole,71,0.02970,224735,94.01919,239031
248,shadowspawn,71,0.02970,224806,94.04889,239031
249,wesleycho,71,0.02970,224877,94.07859,239031
250,dmethvin,70,0.02928,224947,94.10788,239031
251,CIPop,69,0.02887,225016,94.13674,239031
252,gkhanna79,69,0.02887,225085,94.16561,239031
253,alexindigo,68,0.02845,225153,94.19406,239031
254,benouat,68,0.02845,225221,94.22251,239031
255,dagood,68,0.02845,225289,94.25095,239031
256,maxrimue,68,0.02845,225357,94.27940,239031
257,lmolkova,67,0.02803,225424,94.30743,239031
258,mgechev,67,0.02803,225491,94.33546,239031
259,nexdrew,67,0.02803,225558,94.36349,239031
260,sophiebits,67,0.02803,225625,94.39152,239031
261,mkarg,66,0.02761,225691,94.41913,239031
262,blakeembrey,65,0.02719,225756,94.44633,239031
263,nlf,65,0.02719,225821,94.47352,239031
264,eiriktsarpalis,64,0.02677,225885,94.50029,239031
265,sepidehMS,64,0.02677,225949,94.52707,239031
266,kevmoo,63,0.02636,226012,94.55343,239031
267,satazor,61,0.02552,226073,94.57895,239031
268,timrwood,61,0.02552,226134,94.60447,239031
269,JakeWharton,60,0.02510,226194,94.62957,239031
270,oznetmaster,60,0.02510,226254,94.65467,239031
271,arb,59,0.02468,226313,94.67935,239031
272,hargasinski,59,0.02468,226372,94.70403,239031
273,goto-bus-stop,58,0.02426,226430,94.72830,239031
274,akre54,57,0.02385,226487,94.75215,239031
275,madler,56,0.02343,226543,94.77557,239031
276,chtompki,55,0.02301,226598,94.79858,239031
277,edevil,55,0.02301,226653,94.82159,239031
278,evmar,55,0.02301,226708,94.84460,239031
279,hnrch02,55,0.02301,226763,94.86761,239031
280,jsfb,55,0.02301,226818,94.89062,239031
281,stevemao,55,0.02301,226873,94.91363,239031
282,caesar1995,54,0.02259,226927,94.93622,239031
283,michaelficarra,53,0.02217,226980,94.95839,239031
284,Petermarcu,53,0.02217,227033,94.98057,239031
285,pgavlin,53,0.02217,227086,95.00274,239031
286,ayazhafiz,52,0.02175,227138,95.02449,239031
287,ericeil,52,0.02175,227190,95.04625,239031
288,gsmet,52,0.02175,227242,95.06800,239031
289,jquense,52,0.02175,227294,95.08976,239031
290,realityking,52,0.02175,227346,95.11151,239031
291,romen,52,0.02175,227398,95.13327,239031
292,smile21prc,52,0.02175,227450,95.15502,239031
293,stash,52,0.02175,227502,95.17678,239031
294,buyaa-n,51,0.02134,227553,95.19811,239031
295,dwmw2,51,0.02134,227604,95.21945,239031
296,saper,51,0.02134,227655,95.24078,239031
297,zhiyelee,51,0.02134,227706,95.26212,239031
298,janvorli,50,0.02092,227756,95.28304,239031
299,leo,50,0.02092,227806,95.30396,239031
300,qmfrederik,50,0.02092,227856,95.32487,239031
301,robertmesserle,50,0.02092,227906,95.34579,239031
302,vanesyan,50,0.02092,227956,95.36671,239031
303,krosenvold,49,0.02050,228005,95.38721,239031
304,RyanZim,49,0.02050,228054,95.40771,239031
305,threepointone,49,0.02050,228103,95.42821,239031
306,akoeplinger,48,0.02008,228151,95.44829,239031
307,pieroxy,48,0.02008,228199,95.46837,239031
308,emilyemorehouse,47,0.01966,228246,95.48803,239031
309,layomia,47,0.01966,228293,95.50770,239031
310,OmarTawfik,47,0.01966,228340,95.52736,239031
311,Arkni,46,0.01924,228386,95.54660,239031
312,chonton,46,0.01924,228432,95.56585,239031
313,jhendrixMSFT,46,0.01924,228478,95.58509,239031
314,lacker,45,0.01883,228523,95.60392,239031
315,JohnTortugo,44,0.01841,228567,95.62233,239031
316,mathiasbynens,44,0.01841,228611,95.64073,239031
317,staabm,44,0.01841,228655,95.65914,239031
318,dimo414,43,0.01799,228698,95.67713,239031
319,supergibbs,43,0.01799,228741,95.69512,239031
320,alexperovich,42,0.01757,228783,95.71269,239031
321,naomiblack,42,0.01757,228825,95.73026,239031
322,CaerusKaru,41,0.01715,228866,95.74741,239031
323,motdotla,41,0.01715,228907,95.76457,239031
324,thorn0,41,0.01715,228948,95.78172,239031
325,AlexGhiondea,40,0.01673,228988,95.79845,239031
326,scalablecory,40,0.01673,229028,95.81519,239031
327,dcousens,39,0.01632,229067,95.83150,239031
328,evanvosberg,39,0.01632,229106,95.84782,239031
329,joyent-automation,39,0.01632,229145,95.86413,239031
330,KrzysztofCwalina,39,0.01632,229184,95.88045,239031
331,nylen,39,0.01632,229223,95.89677,239031
332,rmkerr,39,0.01632,229262,95.91308,239031
333,OverZealous,37,0.01548,229299,95.92856,239031
334,Splaktar,37,0.01548,229336,95.94404,239031
335,tijoytom,37,0.01548,229373,95.95952,239031
336,mafintosh,36,0.01506,229409,95.97458,239031
337,andresgalante,35,0.01464,229444,95.98922,239031
338,brianrob,35,0.01464,229479,96.00387,239031
339,coreyfarrell,35,0.01464,229514,96.01851,239031
340,jridgewell,35,0.01464,229549,96.03315,239031
341,kouvel,35,0.01464,229584,96.04779,239031
342,pvorb,35,0.01464,229619,96.06244,239031
343,nickuraltsev,34,0.01422,229653,96.07666,239031
344,pallavit,34,0.01422,229687,96.09088,239031
345,bendrucker,33,0.01381,229720,96.10469,239031
346,cpojer,33,0.01381,229753,96.11850,239031
347,icfantv,33,0.01381,229786,96.13230,239031
348,JohnRGee,33,0.01381,229819,96.14611,239031
349,karajas,33,0.01381,229852,96.15991,239031
350,khdang,33,0.01381,229885,96.17372,239031
351,SimenB,33,0.01381,229918,96.18752,239031
352,sokket,33,0.01381,229951,96.20133,239031
353,pose,32,0.01339,229983,96.21472,239031
354,twsouthwick,32,0.01339,230015,96.22810,239031
355,arschmitz,31,0.01297,230046,96.24107,239031
356,BendingBender,30,0.01255,230076,96.25362,239031
357,hramos,30,0.01255,230106,96.26617,239031
358,AaronRobinsonMSFT,29,0.01213,230135,96.27831,239031
359,EmpireJones,29,0.01213,230164,96.29044,239031
360,frederikprijck,29,0.01213,230193,96.30257,239031
361,nglorioso,29,0.01213,230222,96.31470,239031
362,seanstrom,29,0.01213,230251,96.32684,239031
363,yeiacatl,29,0.01213,230280,96.33897,239031
364,kinow,28,0.01171,230308,96.35068,239031
365,pgovind,28,0.01171,230336,96.36240,239031
366,spion,28,0.01171,230364,96.37411,239031
367,swseverance,28,0.01171,230392,96.38582,239031
368,adrianheine,27,0.01130,230419,96.39712,239031
369,ahasall,27,0.01130,230446,96.40842,239031
370,davglass,27,0.01130,230473,96.41971,239031
371,joecritch,27,0.01130,230500,96.43101,239031
372,netdpb,27,0.01130,230527,96.44230,239031
373,svick,27,0.01130,230554,96.45360,239031
374,AArnott,26,0.01088,230580,96.46448,239031
375,fnagel,26,0.01088,230606,96.47535,239031
376,geleems,26,0.01088,230632,96.48623,239031
377,gkossakowski,26,0.01088,230658,96.49711,239031
378,invernizzie,26,0.01088,230684,96.50798,239031
379,jcrugzz,26,0.01088,230710,96.51886,239031
380,keyanzhang,26,0.01088,230736,96.52974,239031
381,mattbishop,26,0.01088,230762,96.54062,239031
382,tromey,26,0.01088,230788,96.55149,239031
383,VladUreche,26,0.01088,230814,96.56237,239031
384,felipewmartins,25,0.01046,230839,96.57283,239031
385,FredKSchott,25,0.01046,230864,96.58329,239031
386,jteplitz602,25,0.01046,230889,96.59375,239031
387,Khaledgarbaya,25,0.01046,230914,96.60421,239031
388,stevemoser,25,0.01046,230939,96.61467,239031
389,tony19,25,0.01046,230964,96.62512,239031
390,zamont,25,0.01046,230989,96.63558,239031
391,cston,24,0.01004,231013,96.64562,239031
392,dariajung,24,0.01004,231037,96.65566,239031
393,ermazi,24,0.01004,231061,96.66570,239031
394,LinusU,24,0.01004,231085,96.67574,239031
395,pakrym,24,0.01004,231109,96.68579,239031
396,peterblazejewicz,24,0.01004,231133,96.69583,239031
397,ashsearle,23,0.00962,231156,96.70545,239031
398,contra,23,0.00962,231179,96.71507,239031
399,DanielRuf,23,0.00962,231202,96.72469,239031
400,kentcdodds,23,0.00962,231225,96.73431,239031
401,lxShaDoWxl,23,0.00962,231248,96.74394,239031
402,maggiepint,23,0.00962,231271,96.75356,239031
403,Marusyk,23,0.00962,231294,96.76318,239031
404,reconbot,23,0.00962,231317,96.77280,239031
405,terrajobst,23,0.00962,231340,96.78243,239031
406,TrySound,23,0.00962,231363,96.79205,239031
407,vszakats,23,0.00962,231386,96.80167,239031
408,ysds,23,0.00962,231409,96.81129,239031
409,BastienL,22,0.00920,231431,96.82050,239031
410,JohnPostlethwait,22,0.00920,231453,96.82970,239031
411,maririos,22,0.00920,231475,96.83890,239031
412,Marsup,22,0.00920,231497,96.84811,239031
413,mleguen,22,0.00920,231519,96.85731,239031
414,alex,21,0.00879,231540,96.86610,239031
415,krytarowski,21,0.00879,231561,96.87488,239031
416,SamVerschueren,21,0.00879,231582,96.88367,239031
417,SedarG,21,0.00879,231603,96.89245,239031
418,aditya-shankar,20,0.00837,231623,96.90082,239031
419,chkal,20,0.00837,231643,96.90919,239031
420,dariobraun,20,0.00837,231663,96.91755,239031
421,luqunl,20,0.00837,231683,96.92592,239031
422,qizhanMS,20,0.00837,231703,96.93429,239031
423,torkleyy,20,0.00837,231723,96.94266,239031
424,typicaljoe,20,0.00837,231743,96.95102,239031
425,vojtajina,20,0.00837,231763,96.95939,239031
426,yujayee,20,0.00837,231783,96.96776,239031
427,AfsanehR,19,0.00795,231802,96.97571,239031
428,Foxandxss,19,0.00795,231821,96.98365,239031
429,jsoref,19,0.00795,231840,96.99160,239031
430,MitMaro,19,0.00795,231859,96.99955,239031
431,niksy,19,0.00795,231878,97.00750,239031
432,rahku,19,0.00795,231897,97.01545,239031
433,SomeKittens,19,0.00795,231916,97.02340,239031
434,stevenbrix,19,0.00795,231935,97.03135,239031
435,substack,19,0.00795,231954,97.03930,239031
436,Tratcher,19,0.00795,231973,97.04724,239031
437,TrevorKarjanis,19,0.00795,231992,97.05519,239031
438,troygoode,19,0.00795,232011,97.06314,239031
439,yungsters,19,0.00795,232030,97.07109,239031
440,ahmadnassri,18,0.00753,232048,97.07862,239031
441,benelliott,18,0.00753,232066,97.08615,239031
442,glebm,18,0.00753,232084,97.09368,239031
443,graingert,18,0.00753,232102,97.10121,239031
444,jakemac53,18,0.00753,232120,97.10874,239031
445,jcagme,18,0.00753,232138,97.11627,239031
446,jcblw,18,0.00753,232156,97.12380,239031
447,kevva,18,0.00753,232174,97.13133,239031
448,robrich,18,0.00753,232192,97.13886,239031
449,stash-sfdc,18,0.00753,232210,97.14640,239031
450,supercodepoet,18,0.00753,232228,97.15393,239031
451,alexwolfe,17,0.00711,232245,97.16104,239031
452,amilajack,17,0.00711,232262,97.16815,239031
453,Andarist,17,0.00711,232279,97.17526,239031
454,dicko2,17,0.00711,232296,97.18237,239031
455,doowb,17,0.00711,232313,97.18949,239031
456,jameskyle,17,0.00711,232330,97.19660,239031
457,jarrodyellets,17,0.00711,232347,97.20371,239031
458,jbnicolai,17,0.00711,232364,97.21082,239031
459,loganfsmyth,17,0.00711,232381,97.21793,239031
460,spericas,17,0.00711,232398,97.22505,239031
461,TheSavior,17,0.00711,232415,97.23216,239031
462,damieng,16,0.00669,232431,97.23885,239031
463,dragos,16,0.00669,232447,97.24555,239031
464,kenneth-reitz,16,0.00669,232463,97.25224,239031
465,mmikowski,16,0.00669,232479,97.25893,239031
466,othiym23,16,0.00669,232495,97.26563,239031
467,pgilad,16,0.00669,232511,97.27232,239031
468,rvagg,16,0.00669,232527,97.27901,239031
469,sdmaclea,16,0.00669,232543,97.28571,239031
470,tomocchino,16,0.00669,232559,97.29240,239031
471,venkat-raman251,16,0.00669,232575,97.29910,239031
472,wesleytodd,16,0.00669,232591,97.30579,239031
473,battaglr,15,0.00628,232606,97.31206,239031
474,billyjanitsch,15,0.00628,232621,97.31834,239031
475,devongovett,15,0.00628,232636,97.32461,239031
476,gjungb,15,0.00628,232651,97.33089,239031
477,JustinBeckwith,15,0.00628,232666,97.33717,239031
478,kanongil,15,0.00628,232681,97.34344,239031
479,mikem8361,15,0.00628,232696,97.34972,239031
480,Simek,15,0.00628,232711,97.35599,239031
481,thomas-mcdonald,15,0.00628,232726,97.36227,239031
482,vatsan-madhavan,15,0.00628,232741,97.36854,239031
483,zertosh,15,0.00628,232756,97.37482,239031
484,adamsitnik,14,0.00586,232770,97.38067,239031
485,Daniel15,14,0.00586,232784,97.38653,239031
486,defunctzombie,14,0.00586,232798,97.39239,239031
487,gourlaysama,14,0.00586,232812,97.39825,239031
488,Ichoran,14,0.00586,232826,97.40410,239031
489,jeremyvii,14,0.00586,232840,97.40996,239031
490,jkotalik,14,0.00586,232854,97.41582,239031
491,lunaruan,14,0.00586,232868,97.42167,239031
492,stevehobbsdev,14,0.00586,232882,97.42753,239031
493,woahitsraj,14,0.00586,232896,97.43339,239031
494,andreialecu,13,0.00544,232909,97.43883,239031
495,arjantijms,13,0.00544,232922,97.44426,239031
496,aswaterman,13,0.00544,232935,97.44970,239031
497,DrewScoggins,13,0.00544,232948,97.45514,239031
498,evocateur,13,0.00544,232961,97.46058,239031
499,grimreaper,13,0.00544,232974,97.46602,239031
500,kapilash,13,0.00544,232987,97.47146,239031
501,Krinkle,13,0.00544,233000,97.47690,239031
502,macjohnny,13,0.00544,233013,97.48233,239031
503,mattlewis92,13,0.00544,233026,97.48777,239031
504,paulmillr,13,0.00544,233039,97.49321,239031
505,StringEpsilon,13,0.00544,233052,97.49865,239031
506,agl,12,0.00502,233064,97.50367,239031
507,AntonLapounov,12,0.00502,233076,97.50869,239031
508,bgw,12,0.00502,233088,97.51371,239031
509,bimargulies-google,12,0.00502,233100,97.51873,239031
510,BridgeAR,12,0.00502,233112,97.52375,239031
511,carlossanlop,12,0.00502,233124,97.52877,239031
512,Chainhelen,12,0.00502,233136,97.53379,239031
513,davidjb,12,0.00502,233148,97.53881,239031
514,dsgouda,12,0.00502,233160,97.54383,239031
515,FiveTimesTheFun,12,0.00502,233172,97.54885,239031
516,Haroenv,12,0.00502,233184,97.55387,239031
517,jkoritzinsky,12,0.00502,233196,97.55889,239031
518,julianobrasil,12,0.00502,233208,97.56391,239031
519,nicolo-ribaudo,12,0.00502,233220,97.56893,239031
520,omsmith,12,0.00502,233232,97.57395,239031
521,PeteGillinGoogle,12,0.00502,233244,97.57898,239031
522,pickfire,12,0.00502,233256,97.58400,239031
523,ramarag,12,0.00502,233268,97.58902,239031
524,schnittstabil,12,0.00502,233280,97.59404,239031
525,tiran,12,0.00502,233292,97.59906,239031
526,xuwei-k,12,0.00502,233304,97.60408,239031
527,aeijdenberg,11,0.00460,233315,97.60868,239031
528,alrra,11,0.00460,233326,97.61328,239031
529,apechimp,11,0.00460,233337,97.61788,239031
530,brandonroberts,11,0.00460,233348,97.62248,239031
531,butterflyhug,11,0.00460,233359,97.62709,239031
532,ChALkeR,11,0.00460,233370,97.63169,239031
533,d10,11,0.00460,233381,97.63629,239031
534,danez,11,0.00460,233392,97.64089,239031
535,dannyskoog,11,0.00460,233403,97.64549,239031
536,davepacheco,11,0.00460,233414,97.65010,239031
537,escodel,11,0.00460,233425,97.65470,239031
538,gitter-badger,11,0.00460,233436,97.65930,239031
539,gregw,11,0.00460,233447,97.66390,239031
540,hazendaz,11,0.00460,233458,97.66850,239031
541,joshlemer,11,0.00460,233469,97.67311,239031
542,joshwand,11,0.00460,233480,97.67771,239031
543,jutaz,11,0.00460,233491,97.68231,239031
544,kluever,11,0.00460,233502,97.68691,239031
545,mapleeit,11,0.00460,233513,97.69151,239031
546,Pereida,11,0.00460,233524,97.69611,239031
547,raja-ashok,11,0.00460,233535,97.70072,239031
548,stuartwdouglas,11,0.00460,233546,97.70532,239031
549,YourDeveloperFriend,11,0.00460,233557,97.70992,239031
550,alireza-mh,10,0.00418,233567,97.71410,239031
551,amZotti,10,0.00418,233577,97.71829,239031
552,chlowell,10,0.00418,233587,97.72247,239031
553,ChrisAlderson,10,0.00418,233597,97.72665,239031
554,clemmy,10,0.00418,233607,97.73084,239031
555,coolaj86,10,0.00418,233617,97.73502,239031
556,Degubi,10,0.00418,233627,97.73921,239031
557,Diego-Perez-Botero,10,0.00418,233637,97.74339,239031
558,EdwardBetts,10,0.00418,233647,97.74757,239031
559,Gillespie59,10,0.00418,233657,97.75176,239031
560,Goodwine,10,0.00418,233667,97.75594,239031
561,jorive,10,0.00418,233677,97.76012,239031
562,justsml,10,0.00418,233687,97.76431,239031
563,keithharvey,10,0.00418,233697,97.76849,239031
564,MaximilianTews,10,0.00418,233707,97.77267,239031
565,maxogden,10,0.00418,233717,97.77686,239031
566,mconnew,10,0.00418,233727,97.78104,239031
567,michaelgeorgeattard,10,0.00418,233737,97.78522,239031
568,mojavelinux,10,0.00418,233747,97.78941,239031
569,naamunds,10,0.00418,233757,97.79359,239031
570,paulirish,10,0.00418,233767,97.79778,239031
571,pfmooney,10,0.00418,233777,97.80196,239031
572,PiPeep,10,0.00418,233787,97.80614,239031
573,robwormald,10,0.00418,233797,97.81033,239031
574,sumitbhagwani,10,0.00418,233807,97.81451,239031
575,urish,10,0.00418,233817,97.81869,239031
576,vanessanschmitt,10,0.00418,233827,97.82288,239031
577,WilliamCollishaw,10,0.00418,233837,97.82706,239031
578,xcatliu,10,0.00418,233847,97.83124,239031
579,agnosticdev,9,0.00377,233856,97.83501,239031
580,aisera-mikowski,9,0.00377,233865,97.83877,239031
581,AlmeroSteyn,9,0.00377,233874,97.84254,239031
582,aLostEngineer,9,0.00377,233883,97.84630,239031
583,bradwestfall,9,0.00377,233892,97.85007,239031
584,Delagen,9,0.00377,233901,97.85383,239031
585,felixonmars,9,0.00377,233910,97.85760,239031
586,FezVrasta,9,0.00377,233919,97.86137,239031
587,graue,9,0.00377,233928,97.86513,239031
588,gricey432,9,0.00377,233937,97.86890,239031
589,jamesgeorge007,9,0.00377,233946,97.87266,239031
590,jmm,9,0.00377,233955,97.87643,239031
591,jorrit,9,0.00377,233964,97.88019,239031
592,josephsavona,9,0.00377,233973,97.88396,239031
593,jwilk,9,0.00377,233982,97.88772,239031
594,kkurni,9,0.00377,233991,97.89149,239031
595,kseamon,9,0.00377,234000,97.89525,239031
596,LayZeeDK,9,0.00377,234009,97.89902,239031
597,MartinKolarik,9,0.00377,234018,97.90278,239031
598,mbehrlich,9,0.00377,234027,97.90655,239031
599,mikesherov,9,0.00377,234036,97.91031,239031
600,morganbr,9,0.00377,234045,97.91408,239031
601,mysticatea,9,0.00377,234054,97.91784,239031
602,nattress,9,0.00377,234063,97.92161,239031
603,nslottow,9,0.00377,234072,97.92537,239031
604,packtpartner,9,0.00377,234081,97.92914,239031
605,philipp-spiess,9,0.00377,234090,97.93290,239031
606,PowerKiKi,9,0.00377,234099,97.93667,239031
607,ravimeda,9,0.00377,234108,97.94043,239031
608,rmartin-stratus,9,0.00377,234117,97.94420,239031
609,sevensees,9,0.00377,234126,97.94796,239031
610,SGuyGe,9,0.00377,234135,97.95173,239031
611,smarter,9,0.00377,234144,97.95550,239031
612,suguru03,9,0.00377,234153,97.95926,239031
613,Suresh918,9,0.00377,234162,97.96303,239031
614,thlorenz,9,0.00377,234171,97.96679,239031
615,tommcdon,9,0.00377,234180,97.97056,239031
616,tylermcginnis,9,0.00377,234189,97.97432,239031
617,valery1707,9,0.00377,234198,97.97809,239031
618,wincent,9,0.00377,234207,97.98185,239031
619,YingP99,9,0.00377,234216,97.98562,239031
620,zkat,9,0.00377,234225,97.98938,239031
621,ajcvickers,8,0.00335,234233,97.99273,239031
622,anenviousguest,8,0.00335,234241,97.99608,239031
623,beaugunderson,8,0.00335,234249,97.99942,239031
624,chris-smith-zocdoc,8,0.00335,234257,98.00277,239031
625,christophehurpeau,8,0.00335,234265,98.00612,239031
626,davidkaya,8,0.00335,234273,98.00946,239031
627,dominykas,8,0.00335,234281,98.01281,239031
628,Fank,8,0.00335,234289,98.01616,239031
629,github-cygwin,8,0.00335,234297,98.01950,239031
630,gregersrygg,8,0.00335,234305,98.02285,239031
631,hyandell,8,0.00335,234313,98.02620,239031
632,ipuustin,8,0.00335,234321,98.02954,239031
633,janvanhelvoort,8,0.00335,234329,98.03289,239031
634,jddxf,8,0.00335,234337,98.03624,239031
635,josepot,8,0.00335,234345,98.03958,239031
636,keertip,8,0.00335,234353,98.04293,239031
637,markt-asf,8,0.00335,234361,98.04628,239031
638,parjong,8,0.00335,234369,98.04963,239031
639,Raynos,8,0.00335,234377,98.05297,239031
640,riarenas,8,0.00335,234385,98.05632,239031
641,richlander,8,0.00335,234393,98.05967,239031
642,rxaviers,8,0.00335,234401,98.06301,239031
643,sebkur,8,0.00335,234409,98.06636,239031
644,stefichjo,8,0.00335,234417,98.06971,239031
645,syranide,8,0.00335,234425,98.07305,239031
646,vijaykota,8,0.00335,234433,98.07640,239031
647,vvakame,8,0.00335,234441,98.07975,239031
648,12wrigja,7,0.00293,234448,98.08268,239031
649,a0viedo,7,0.00293,234455,98.08560,239031
650,crummel,7,0.00293,234462,98.08853,239031
651,davidwrighton,7,0.00293,234469,98.09146,239031
652,dmjones,7,0.00293,234476,98.09439,239031
653,dsblv,7,0.00293,234483,98.09732,239031
654,dutchenkoOleg,7,0.00293,234490,98.10025,239031
655,edmorley,7,0.00293,234497,98.10317,239031
656,ExE-Boss,7,0.00293,234504,98.10610,239031
657,hannob,7,0.00293,234511,98.10903,239031
658,Hibernate-CI,7,0.00293,234518,98.11196,239031
659,hubot,7,0.00293,234525,98.11489,239031
660,jedmao,7,0.00293,234532,98.11782,239031
661,jnordberg,7,0.00293,234539,98.12075,239031
662,JordyvanDortmont,7,0.00293,234546,98.12367,239031
663,Kerumen,7,0.00293,234553,98.12660,239031
664,KuraFire,7,0.00293,234560,98.12953,239031
665,laumair,7,0.00293,234567,98.13246,239031
666,max-b,7,0.00293,234574,98.13539,239031
667,mier85,7,0.00293,234581,98.13832,239031
668,mreinstein,7,0.00293,234588,98.14125,239031
669,nicketson,7,0.00293,234595,98.14417,239031
670,Noodle05,7,0.00293,234602,98.14710,239031
671,NthPortal,7,0.00293,234609,98.15003,239031
672,ofrobots,7,0.00293,234616,98.15296,239031
673,panchenko,7,0.00293,234623,98.15589,239031
674,PeterDaveHello,7,0.00293,234630,98.15882,239031
675,pkaminski,7,0.00293,234637,98.16174,239031
676,rricard,7,0.00293,234644,98.16467,239031
677,sergej2705,7,0.00293,234651,98.16760,239031
678,shrutigarg,7,0.00293,234658,98.17053,239031
679,Sibiraj-Codes,7,0.00293,234665,98.17346,239031
680,steveluscher,7,0.00293,234672,98.17639,239031
681,vjkoskela,7,0.00293,234679,98.17932,239031
682,ad-si,6,0.00251,234685,98.18183,239031
683,asbjornu,6,0.00251,234691,98.18434,239031
684,awaterma,6,0.00251,234697,98.18685,239031
685,blackdwarf,6,0.00251,234703,98.18936,239031
686,boneskull,6,0.00251,234709,98.19187,239031
687,chenglou,6,0.00251,234715,98.19438,239031
688,chlins,6,0.00251,234721,98.19689,239031
689,CindyXing,6,0.00251,234727,98.19940,239031
690,Coeur,6,0.00251,234733,98.20191,239031
691,crandmck,6,0.00251,234739,98.20442,239031
692,DnlHarvey,6,0.00251,234745,98.20693,239031
693,DominikTrenz,6,0.00251,234751,98.20944,239031
694,ebourg,6,0.00251,234757,98.21195,239031
695,ekilah,6,0.00251,234763,98.21446,239031
696,elharo,6,0.00251,234769,98.21697,239031
697,erikkemperman,6,0.00251,234775,98.21948,239031
698,fiddur,6,0.00251,234781,98.22199,239031
699,focusaurus,6,0.00251,234787,98.22450,239031
700,Hongbo-Miao,6,0.00251,234793,98.22701,239031
701,hudochenkov,6,0.00251,234799,98.22952,239031
702,jaredly,6,0.00251,234805,98.23203,239031
703,jcouv,6,0.00251,234811,98.23454,239031
704,josalem,6,0.00251,234817,98.23705,239031
705,kytart,6,0.00251,234823,98.23956,239031
706,lukeapage,6,0.00251,234829,98.24207,239031
707,lyip1992,6,0.00251,234835,98.24458,239031
708,madmir,6,0.00251,234841,98.24709,239031
709,MaggieTsang,6,0.00251,234847,98.24960,239031
710,manishbansal8843,6,0.00251,234853,98.25211,239031
711,mattdesl,6,0.00251,234859,98.25462,239031
712,mbrukman,6,0.00251,234865,98.25713,239031
713,mckramer,6,0.00251,234871,98.25964,239031
714,meenie,6,0.00251,234877,98.26215,239031
715,meteorcloudy,6,0.00251,234883,98.26466,239031
716,mjomble,6,0.00251,234889,98.26717,239031
717,nali,6,0.00251,234895,98.26968,239031
718,nategraf,6,0.00251,234901,98.27219,239031
719,nateprewitt,6,0.00251,234907,98.27470,239031
720,ning-github,6,0.00251,234913,98.27721,239031
721,not-an-aardvark,6,0.00251,234919,98.27972,239031
722,obriensystems,6,0.00251,234925,98.28223,239031
723,oliversalzburg,6,0.00251,234931,98.28474,239031
724,omeid,6,0.00251,234937,98.28725,239031
725,panva,6,0.00251,234943,98.28976,239031
726,qizha,6,0.00251,234949,98.29227,239031
727,rajansingh10,6,0.00251,234955,98.29478,239031
728,reggi,6,0.00251,234961,98.29729,239031
729,Richienb,6,0.00251,234967,98.29980,239031
730,rickhanlonii,6,0.00251,234973,98.30231,239031
731,robphoenix,6,0.00251,234979,98.30482,239031
732,roji,6,0.00251,234985,98.30733,239031
733,ronaldtse,6,0.00251,234991,98.30984,239031
734,schen381,6,0.00251,234997,98.31235,239031
735,sharwell,6,0.00251,235003,98.31486,239031
736,shiftylogic,6,0.00251,235009,98.31737,239031
737,snout-o,6,0.00251,235015,98.31988,239031
738,sourabhmodi,6,0.00251,235021,98.32239,239031
739,stain,6,0.00251,235027,98.32490,239031
740,stevenyxu,6,0.00251,235033,98.32741,239031
741,swgillespie,6,0.00251,235039,98.32992,239031
742,tatsuhiro-t,6,0.00251,235045,98.33243,239031
743,TehShrike,6,0.00251,235051,98.33494,239031
744,tintoy,6,0.00251,235057,98.33745,239031
745,vargaz,6,0.00251,235063,98.33996,239031
746,viktorklang,6,0.00251,235069,98.34247,239031
747,yursha,6,0.00251,235075,98.34498,239031
748,ababkov,5,0.00209,235080,98.34708,239031
749,adiaaida,5,0.00209,235085,98.34917,239031
750,adityamandaleeka,5,0.00209,235090,98.35126,239031
751,aickin,5,0.00209,235095,98.35335,239031
752,alanorth,5,0.00209,235100,98.35544,239031
753,alfaproject,5,0.00209,235105,98.35754,239031
754,amogilev,5,0.00209,235110,98.35963,239031
755,AndreasCag,5,0.00209,235115,98.36172,239031
756,andrleite,5,0.00209,235120,98.36381,239031
757,avindra,5,0.00209,235125,98.36590,239031
758,beeman,5,0.00209,235130,98.36799,239031
759,BruceForstall,5,0.00209,235135,98.37009,239031
760,chentsulin,5,0.00209,235140,98.37218,239031
761,crosscompile,5,0.00209,235145,98.37427,239031
762,dantman,5,0.00209,235150,98.37636,239031
763,davmason,5,0.00209,235155,98.37845,239031
764,demohi,5,0.00209,235160,98.38054,239031
765,dschenkelman,5,0.00209,235165,98.38264,239031
766,dseefeld,5,0.00209,235170,98.38473,239031
767,DylanPiercey,5,0.00209,235175,98.38682,239031
768,elyobo,5,0.00209,235180,98.38891,239031
769,epeli,5,0.00209,235185,98.39100,239031
770,eps1lon,5,0.00209,235190,98.39310,239031
771,erozenfeld,5,0.00209,235195,98.39519,239031
772,EtaiG,5,0.00209,235200,98.39728,239031
773,Eunix,5,0.00209,235205,98.39937,239031
774,fat,5,0.00209,235210,98.40146,239031
775,foolip,5,0.00209,235215,98.40355,239031
776,gillyb,5,0.00209,235220,98.40565,239031
777,hann013,5,0.00209,235225,98.40774,239031
778,iz4blue,5,0.00209,235230,98.40983,239031
779,jeffmo,5,0.00209,235235,98.41192,239031
780,jergason,5,0.00209,235240,98.41401,239031
781,jesselpalmer,5,0.00209,235245,98.41611,239031
782,jlavallee,5,0.00209,235250,98.41820,239031
783,jmezach,5,0.00209,235255,98.42029,239031
784,JoeCortopassi,5,0.00209,235260,98.42238,239031
785,kasiabulat,5,0.00209,235265,98.42447,239031
786,keeratsingh,5,0.00209,235270,98.42656,239031
787,kevinburke,5,0.00209,235275,98.42866,239031
788,KKhurin,5,0.00209,235280,98.43075,239031
789,lander2k2,5,0.00209,235285,98.43284,239031
790,leecow,5,0.00209,235290,98.43493,239031
791,lextiz,5,0.00209,235295,98.43702,239031
792,LitoMore,5,0.00209,235300,98.43911,239031
793,lnfnunes,5,0.00209,235305,98.44121,239031
794,louy,5,0.00209,235310,98.44330,239031
795,maltefiala,5,0.00209,235315,98.44539,239031
796,manughub,5,0.00209,235320,98.44748,239031
797,markstos,5,0.00209,235325,98.44957,239031
798,marob,5,0.00209,235330,98.45167,239031
799,michal-franc,5,0.00209,235335,98.45376,239031
800,middagj,5,0.00209,235340,98.45585,239031
801,mohsen1,5,0.00209,235345,98.45794,239031
802,monkeywithacupcake,5,0.00209,235350,98.46003,239031
803,Morishiri,5,0.00209,235355,98.46212,239031
804,msmeissn,5,0.00209,235360,98.46422,239031
805,nchikanov,5,0.00209,235365,98.46631,239031
806,nordligulv,5,0.00209,235370,98.46840,239031
807,ORESoftware,5,0.00209,235375,98.47049,239031
808,orta,5,0.00209,235380,98.47258,239031
809,peteretelej,5,0.00209,235385,98.47467,239031
810,pluma,5,0.00209,235390,98.47677,239031
811,raboof,5,0.00209,235395,98.47886,239031
812,repinel,5,0.00209,235400,98.48095,239031
813,RobJohnston,5,0.00209,235405,98.48304,239031
814,rosskevin,5,0.00209,235410,98.48513,239031
815,RReverser,5,0.00209,235415,98.48723,239031
816,rschmitt,5,0.00209,235420,98.48932,239031
817,ScottSWu,5,0.00209,235425,98.49141,239031
818,seans3,5,0.00209,235430,98.49350,239031
819,sebastienros,5,0.00209,235435,98.49559,239031
820,sfuhrm,5,0.00209,235440,98.49768,239031
821,simo5,5,0.00209,235445,98.49978,239031
822,solomax,5,0.00209,235450,98.50187,239031
823,STRML,5,0.00209,235455,98.50396,239031
824,stroncium,5,0.00209,235460,98.50605,239031
825,TedSander,5,0.00209,235465,98.50814,239031
826,thefourtheye,5,0.00209,235470,98.51024,239031
827,tjcelaya,5,0.00209,235475,98.51233,239031
828,tjvantoll,5,0.00209,235480,98.51442,239031
829,tmurakam,5,0.00209,235485,98.51651,239031
830,tomByrer,5,0.00209,235490,98.51860,239031
831,WikiDiscoverer,5,0.00209,235495,98.52069,239031
832,yizhang82,5,0.00209,235500,98.52279,239031
833,zbjornson,5,0.00209,235505,98.52488,239031
834,ztsmith,5,0.00209,235510,98.52697,239031
835,2m,4,0.00167,235514,98.52864,239031
836,AdriVanHoudt,4,0.00167,235518,98.53032,239031
837,Airblader,4,0.00167,235522,98.53199,239031
838,alexanderrtaylor,4,0.00167,235526,98.53366,239031
839,AlfredoMS,4,0.00167,235530,98.53534,239031
840,alisianoi,4,0.00167,235534,98.53701,239031
841,AndersDJohnson,4,0.00167,235538,98.53868,239031
842,aorinevo,4,0.00167,235542,98.54036,239031
843,aroben,4,0.00167,235546,98.54203,239031
844,asnowwolf,4,0.00167,235550,98.54370,239031
845,audionerd,4,0.00167,235554,98.54538,239031
846,augusto-cdxs,4,0.00167,235558,98.54705,239031
847,b3vegan,4,0.00167,235562,98.54872,239031
848,barney2k7,4,0.00167,235566,98.55040,239031
849,beatgammit,4,0.00167,235570,98.55207,239031
850,benmosher,4,0.00167,235574,98.55374,239031
851,bfred-it,4,0.00167,235578,98.55542,239031
852,bmeck,4,0.00167,235582,98.55709,239031
853,boenrobot,4,0.00167,235586,98.55876,239031
854,brandon93s,4,0.00167,235590,98.56044,239031
855,cakofony,4,0.00167,235594,98.56211,239031
856,carltonf,4,0.00167,235598,98.56378,239031
857,cbaker423,4,0.00167,235602,98.56546,239031
858,cheapsteak,4,0.00167,235606,98.56713,239031
859,cheenamalhotra,4,0.00167,235610,98.56880,239031
860,chicoxyzzy,4,0.00167,235614,98.57048,239031
861,cjihrig,4,0.00167,235618,98.57215,239031
862,CompuIves,4,0.00167,235622,98.57383,239031
863,cshung,4,0.00167,235626,98.57550,239031
864,ctaggart,4,0.00167,235630,98.57717,239031
865,cyan33,4,0.00167,235634,98.57885,239031
866,david-proctor,4,0.00167,235638,98.58052,239031
867,davkean,4,0.00167,235642,98.58219,239031
868,delgurth,4,0.00167,235646,98.58387,239031
869,DenrizSusam,4,0.00167,235650,98.58554,239031
870,dickwall,4,0.00167,235654,98.58721,239031
871,dimitrisli,4,0.00167,235658,98.58889,239031
872,disjukr,4,0.00167,235662,98.59056,239031
873,dnozay,4,0.00167,235666,98.59223,239031
874,donaldpipowitch,4,0.00167,235670,98.59391,239031
875,don-vip,4,0.00167,235674,98.59558,239031
876,ducminhn,4,0.00167,235678,98.59725,239031
877,eadamsintel,4,0.00167,235682,98.59893,239031
878,edtan,4,0.00167,235686,98.60060,239031
879,eed3si9n,4,0.00167,235690,98.60227,239031
880,eirslett,4,0.00167,235694,98.60395,239031
881,ElanHasson,4,0.00167,235698,98.60562,239031
882,elgalu,4,0.00167,235702,98.60729,239031
883,ericelliott,4,0.00167,235706,98.60897,239031
884,ericnakagawa,4,0.00167,235710,98.61064,239031
885,erik-krogh,4,0.00167,235714,98.61231,239031
886,EsrefDurna,4,0.00167,235718,98.61399,239031
887,EvanCarroll,4,0.00167,235722,98.61566,239031
888,ExplodingCabbage,4,0.00167,235726,98.61733,239031
889,ffflorian,4,0.00167,235730,98.61901,239031
890,fidian,4,0.00167,235734,98.62068,239031
891,gajus,4,0.00167,235738,98.62235,239031
892,geekysrm,4,0.00167,235742,98.62403,239031
893,glenjamin,4,0.00167,235746,98.62570,239031
894,gnarf,4,0.00167,235750,98.62737,239031
895,gre,4,0.00167,235754,98.62905,239031
896,guptasourabh04,4,0.00167,235758,98.63072,239031
897,hildjj,4,0.00167,235762,98.63239,239031
898,Hypnosphi,4,0.00167,235766,98.63407,239031
899,ianwalter,4,0.00167,235770,98.63574,239031
900,IljaDaderko,4,0.00167,235774,98.63742,239031
901,intellix,4,0.00167,235778,98.63909,239031
902,ioanacrant,4,0.00167,235782,98.64076,239031
903,jacklaurencegaray,4,0.00167,235786,98.64244,239031
904,jamestalmage,4,0.00167,235790,98.64411,239031
905,janpio,4,0.00167,235794,98.64578,239031
906,jaredpar,4,0.00167,235798,98.64746,239031
907,jaredpetersen,4,0.00167,235802,98.64913,239031
908,jayphelps,4,0.00167,235806,98.65080,239031
909,jeffomatic,4,0.00167,235810,98.65248,239031
910,jesstelford,4,0.00167,235814,98.65415,239031
911,jifeon,4,0.00167,235818,98.65582,239031
912,joelbraun,4,0.00167,235822,98.65750,239031
913,josguil,4,0.00167,235826,98.65917,239031
914,Jozkee,4,0.00167,235830,98.66084,239031
915,jugglinmike,4,0.00167,235834,98.66252,239031
916,justingrant,4,0.00167,235838,98.66419,239031
917,juthilo,4,0.00167,235842,98.66586,239031
918,kborchers,4,0.00167,235846,98.66754,239031
919,Kingwl,4,0.00167,235850,98.66921,239031
920,Laisky,4,0.00167,235854,98.67088,239031
921,lencioni,4,0.00167,235858,98.67256,239031
922,lipis,4,0.00167,235862,98.67423,239031
923,LukasDrgon,4,0.00167,235866,98.67590,239031
924,lvarayut,4,0.00167,235870,98.67758,239031
925,lyubomyr-shaydariv,4,0.00167,235874,98.67925,239031
926,markspolakovs,4,0.00167,235878,98.68092,239031
927,marvinhagemeister,4,0.00167,235882,98.68260,239031
928,mattbrundage,4,0.00167,235886,98.68427,239031
929,matthewjohnston4,4,0.00167,235890,98.68594,239031
930,mboudreau,4,0.00167,235894,98.68762,239031
931,mdedetrich,4,0.00167,235898,98.68929,239031
932,mfunkie,4,0.00167,235902,98.69096,239031
933,MidnightWonderer,4,0.00167,235906,98.69264,239031
934,mirabilos,4,0.00167,235910,98.69431,239031
935,mitchellwills,4,0.00167,235914,98.69599,239031
936,monkpit,4,0.00167,235918,98.69766,239031
937,morenoh149,4,0.00167,235922,98.69933,239031
938,mortonfox,4,0.00167,235926,98.70101,239031
939,motiz88,4,0.00167,235930,98.70268,239031
940,m-sp,4,0.00167,235934,98.70435,239031
941,natemcmaster,4,0.00167,235938,98.70603,239031
942,nateq314,4,0.00167,235942,98.70770,239031
943,noscripter,4,0.00167,235946,98.70937,239031
944,nowells,4,0.00167,235950,98.71105,239031
945,ntwb,4,0.00167,235954,98.71272,239031
946,OmicronPersei,4,0.00167,235958,98.71439,239031
947,omouse,4,0.00167,235962,98.71607,239031
948,oscar-stripe,4,0.00167,235966,98.71774,239031
949,OwnageIsMagic,4,0.00167,235970,98.71941,239031
950,paulceli,4,0.00167,235974,98.72109,239031
951,perrin4869,4,0.00167,235978,98.72276,239031
952,poke,4,0.00167,235982,98.72443,239031
953,proth1,4,0.00167,235986,98.72611,239031
954,psachin,4,0.00167,235990,98.72778,239031
955,remal,4,0.00167,235994,98.72945,239031
956,rluba,4,0.00167,235998,98.73113,239031
957,rob-spoor,4,0.00167,236002,98.73280,239031
958,rtack,4,0.00167,236006,98.73447,239031
959,ruoho,4,0.00167,236010,98.73615,239031
960,ryysud,4,0.00167,236014,98.73782,239031
961,selbekk,4,0.00167,236018,98.73949,239031
962,serima,4,0.00167,236022,98.74117,239031
963,shahata,4,0.00167,236026,98.74284,239031
964,simon04,4,0.00167,236030,98.74451,239031
965,StephenFluin,4,0.00167,236034,98.74619,239031
966,Stolr,4,0.00167,236038,98.74786,239031
967,sywhang,4,0.00167,236042,98.74953,239031
968,taion,4,0.00167,236046,98.75121,239031
969,thekiba,4,0.00167,236050,98.75288,239031
970,thomasmey,4,0.00167,236054,98.75455,239031
971,tobiasschweizer,4,0.00167,236058,98.75623,239031
972,Urigo,4,0.00167,236062,98.75790,239031
973,usmonster,4,0.00167,236066,98.75958,239031
974,verhas,4,0.00167,236070,98.76125,239031
975,wi-ski,4,0.00167,236074,98.76292,239031
976,wtgtybhertgeghgtwtg,4,0.00167,236078,98.76460,239031
977,xkxx,4,0.00167,236082,98.76627,239031
978,xt0rted,4,0.00167,236086,98.76794,239031
979,ZDroid,4,0.00167,236090,98.76962,239031
980,Zenexer,4,0.00167,236094,98.77129,239031
981,zoechi,4,0.00167,236098,98.77296,239031
982,adrogon,3,0.00126,236101,98.77422,239031
983,aheckmann,3,0.00126,236104,98.77547,239031
984,ajaygm,3,0.00126,236107,98.77673,239031
985,aldermoovel,3,0.00126,236110,98.77798,239031
986,Alhadis,3,0.00126,236113,98.77924,239031
987,amitport,3,0.00126,236116,98.78049,239031
988,aquavitae,3,0.00126,236119,98.78175,239031
989,askpt,3,0.00126,236122,98.78300,239031
990,basarat,3,0.00126,236125,98.78426,239031
991,bcomnes,3,0.00126,236128,98.78551,239031
992,benjamn,3,0.00126,236131,98.78677,239031
993,BernhardRode,3,0.00126,236134,98.78802,239031
994,bhanuprasad14,3,0.00126,236137,98.78928,239031
995,bjori,3,0.00126,236140,98.79053,239031
996,BlockLabTV,3,0.00126,236143,98.79179,239031
997,blowdart,3,0.00126,236146,98.79304,239031
998,bluelovers,3,0.00126,236149,98.79430,239031
999,bradlygreen,3,0.00126,236152,98.79555,239031
1000,BrennanConroy,3,0.00126,236155,98.79681,239031
1001,Brooooooklyn,3,0.00126,236158,98.79806,239031
1002,callumlocke,3,0.00126,236161,98.79932,239031
1003,centromere,3,0.00126,236164,98.80057,239031
1004,chrishiestand,3,0.00126,236167,98.80183,239031
1005,cmfcmf,3,0.00126,236170,98.80308,239031
1006,cmilam87,3,0.00126,236173,98.80434,239031
1007,colinmorelli,3,0.00126,236176,98.80559,239031
1008,contextshuffling,3,0.00126,236179,98.80685,239031
1009,craigdanj,3,0.00126,236182,98.80810,239031
1010,dandv,3,0.00126,236185,98.80936,239031
1011,danielhusar,3,0.00126,236188,98.81061,239031
1012,DanielSeehausen,3,0.00126,236191,98.81187,239031
1013,DanLipsitt,3,0.00126,236194,98.81312,239031
1014,daveisfera,3,0.00126,236197,98.81438,239031
1015,davidaurelio,3,0.00126,236200,98.81563,239031
1016,davidkarlsen,3,0.00126,236203,98.81689,239031
1017,daxtens,3,0.00126,236206,98.81814,239031
1018,dcherman,3,0.00126,236209,98.81940,239031
1019,deinok,3,0.00126,236212,98.82066,239031
1020,Deklin,3,0.00126,236215,98.82191,239031
1021,denis-sokolov,3,0.00126,236218,98.82317,239031
1022,dongjoon-hyun,3,0.00126,236221,98.82442,239031
1023,dosentmatter,3,0.00126,236224,98.82568,239031
1024,doughd,3,0.00126,236227,98.82693,239031
1025,drcrallen,3,0.00126,236230,98.82819,239031
1026,drumonii,3,0.00126,236233,98.82944,239031
1027,dzuremar,3,0.00126,236236,98.83070,239031
1028,eflorespalma,3,0.00126,236239,98.83195,239031
1029,egor-n,3,0.00126,236242,98.83321,239031
1030,ehershey,3,0.00126,236245,98.83446,239031
1031,eightnoneone,3,0.00126,236248,98.83572,239031
1032,farzonl,3,0.00126,236251,98.83697,239031
1033,fatihafizoglu,3,0.00126,236254,98.83823,239031
1034,ForJing,3,0.00126,236257,98.83948,239031
1035,francoischalifour,3,0.00126,236260,98.84074,239031
1036,frozencemetery,3,0.00126,236263,98.84199,239031
1037,gavlyukovskiy,3,0.00126,236266,98.84325,239031
1038,govindrai,3,0.00126,236269,98.84450,239031
1039,Gozala,3,0.00126,236272,98.84576,239031
1040,greysteil,3,0.00126,236275,98.84701,239031
1041,gsans,3,0.00126,236278,98.84827,239031
1042,gswalden,3,0.00126,236281,98.84952,239031
1043,hankduan,3,0.00126,236284,98.85078,239031
1044,haraldreingruber,3,0.00126,236287,98.85203,239031
1045,Hearen,3,0.00126,236290,98.85329,239031
1046,horprogs,3,0.00126,236293,98.85454,239031
1047,hsingh23,3,0.00126,236296,98.85580,239031
1048,hughsk,3,0.00126,236299,98.85705,239031
1049,hzamani,3,0.00126,236302,98.85831,239031
1050,icambron,3,0.00126,236305,98.85956,239031
1051,iemejia,3,0.00126,236308,98.86082,239031
1052,imsky,3,0.00126,236311,98.86207,239031
1053,ionspin,3,0.00126,236314,98.86333,239031
1054,isiahmeadows,3,0.00126,236317,98.86458,239031
1055,JacoKoster,3,0.00126,236320,98.86584,239031
1056,janekdb,3,0.00126,236323,98.86709,239031
1057,jasnell,3,0.00126,236326,98.86835,239031
1058,JBallin,3,0.00126,236329,98.86960,239031
1059,JBtje,3,0.00126,236332,98.87086,239031
1060,JobLeonard,3,0.00126,236335,98.87211,239031
1061,jochenw,3,0.00126,236338,98.87337,239031
1062,joeledwards,3,0.00126,236341,98.87462,239031
1063,JohnChen0,3,0.00126,236344,98.87588,239031
1064,johnchen902,3,0.00126,236347,98.87713,239031
1065,johngmyers,3,0.00126,236350,98.87839,239031
1066,jokeyrhyme,3,0.00126,236353,98.87964,239031
1067,jonbretman,3,0.00126,236356,98.88090,239031
1068,JosephPecoraro,3,0.00126,236359,98.88215,239031
1069,jsina,3,0.00126,236362,98.88341,239031
1070,jtheoof,3,0.00126,236365,98.88466,239031
1071,JunSun17,3,0.00126,236368,98.88592,239031
1072,jure,3,0.00126,236371,98.88717,239031
1073,jwalton,3,0.00126,236374,98.88843,239031
1074,jwandrews,3,0.00126,236377,98.88968,239031
1075,kaycebasques,3,0.00126,236380,98.89094,239031
1076,kevinashworth,3,0.00126,236383,98.89219,239031
1077,KimBurgess,3,0.00126,236386,98.89345,239031
1078,kingisaac95,3,0.00126,236389,98.89470,239031
1079,kirill-usov,3,0.00126,236392,98.89596,239031
1080,klieber,3,0.00126,236395,98.89721,239031
1081,kmarinushkin,3,0.00126,236398,98.89847,239031
1082,knowbody,3,0.00126,236401,98.89972,239031
1083,kunagpal,3,0.00126,236404,98.90098,239031
1084,lajones,3,0.00126,236407,98.90223,239031
1085,leebyron,3,0.00126,236410,98.90349,239031
1086,lexjacobs,3,0.00126,236413,98.90474,239031
1087,Lixire,3,0.00126,236416,98.90600,239031
1088,lookfirst,3,0.00126,236419,98.90725,239031
1089,lovasoa,3,0.00126,236422,98.90851,239031
1090,lrsmith,3,0.00126,236425,98.90976,239031
1091,lucasleelz,3,0.00126,236428,98.91102,239031
1092,lysannef,3,0.00126,236431,98.91227,239031
1093,m0mus,3,0.00126,236434,98.91353,239031
1094,mairaw,3,0.00126,236437,98.91479,239031
1095,marclaval,3,0.00126,236440,98.91604,239031
1096,mark007,3,0.00126,236443,98.91730,239031
1097,markus1189,3,0.00126,236446,98.91855,239031
1098,martine,3,0.00126,236449,98.91981,239031
1099,martinheidegger,3,0.00126,236452,98.92106,239031
1100,mathieumg,3,0.00126,236455,98.92232,239031
1101,mausch,3,0.00126,236458,98.92357,239031
1102,m-burst,3,0.00126,236461,98.92483,239031
1103,mebigfatguy,3,0.00126,236464,98.92608,239031
1104,MeiKatz,3,0.00126,236467,98.92734,239031
1105,melloc,3,0.00126,236470,98.92859,239031
1106,MeyerNils,3,0.00126,236473,98.92985,239031
1107,MichaelSimons,3,0.00126,236476,98.93110,239031
1108,mikermcneil,3,0.00126,236479,98.93236,239031
1109,mike-rogers,3,0.00126,236482,98.93361,239031
1110,mikkomaunu,3,0.00126,236485,98.93487,239031
1111,misacorn,3,0.00126,236488,98.93612,239031
1112,miyajan,3,0.00126,236491,98.93738,239031
1113,mjhea0,3,0.00126,236494,98.93863,239031
1114,mohd-akram,3,0.00126,236497,98.93989,239031
1115,moorage,3,0.00126,236500,98.94114,239031
1116,morriq,3,0.00126,236503,98.94240,239031
1117,mrcoles,3,0.00126,236506,98.94365,239031
1118,msmania,3,0.00126,236509,98.94491,239031
1119,murphysean,3,0.00126,236512,98.94616,239031
1120,nanjingboy,3,0.00126,236515,98.94742,239031
1121,naturalwarren,3,0.00126,236518,98.94867,239031
1122,Nicholaiii,3,0.00126,236521,98.94993,239031
1123,nicojs,3,0.00126,236524,98.95118,239031
1124,NightlyNexus,3,0.00126,236527,98.95244,239031
1125,NiklasMerz,3,0.00126,236530,98.95369,239031
1126,NothingEverHappens,3,0.00126,236533,98.95495,239031
1127,oGsLP,3,0.00126,236536,98.95620,239031
1128,oliviertassinari,3,0.00126,236539,98.95746,239031
1129,onovotny,3,0.00126,236542,98.95871,239031
1130,onpaws,3,0.00126,236545,98.95997,239031
1131,onstring,3,0.00126,236548,98.96122,239031
1132,orischwartz,3,0.00126,236551,98.96248,239031
1133,partheseas,3,0.00126,236554,98.96373,239031
1134,pedrottimark,3,0.00126,236557,98.96499,239031
1135,peterfuwork,3,0.00126,236560,98.96624,239031
1136,petetnt,3,0.00126,236563,98.96750,239031
1137,phapdinh,3,0.00126,236566,98.96875,239031
1138,pieceofsummer,3,0.00126,236569,98.97001,239031
1139,pjohnmeyer,3,0.00126,236572,98.97126,239031
1140,pocesar,3,0.00126,236575,98.97252,239031
1141,popey456963,3,0.00126,236578,98.97377,239031
1142,pprindeville,3,0.00126,236581,98.97503,239031
1143,PunKeel,3,0.00126,236584,98.97628,239031
1144,rauchg,3,0.00126,236587,98.97754,239031
1145,RByers,3,0.00126,236590,98.97879,239031
1146,reedloden,3,0.00126,236593,98.98005,239031
1147,reiz,3,0.00126,236596,98.98130,239031
1148,rharter,3,0.00126,236599,98.98256,239031
1149,rhernandez35,3,0.00126,236602,98.98381,239031
1150,RicardoVaranda,3,0.00126,236605,98.98507,239031
1151,RobertKielty,3,0.00126,236608,98.98632,239031
1152,robstoll,3,0.00126,236611,98.98758,239031
1153,rolodato,3,0.00126,236614,98.98883,239031
1154,rriggin,3,0.00126,236617,98.99009,239031
1155,rrthomas,3,0.00126,236620,98.99134,239031
1156,rs017991,3,0.00126,236623,98.99260,239031
1157,ruiaraujo,3,0.00126,236626,98.99385,239031
1158,sahan91,3,0.00126,236629,98.99511,239031
1159,sanex3339,3,0.00126,236632,98.99636,239031
1160,santipalenque,3,0.00126,236635,98.99762,239031
1161,sebdeckers,3,0.00126,236638,98.99887,239031
1162,Sebmaster,3,0.00126,236641,99.00013,239031
1163,sebnow,3,0.00126,236644,99.00138,239031
1164,SensitiveMix,3,0.00126,236647,99.00264,239031
1165,sethpollack,3,0.00126,236650,99.00389,239031
1166,sfackler,3,0.00126,236653,99.00515,239031
1167,Shingyx,3,0.00126,236656,99.00641,239031
1168,ShivanKaul,3,0.00126,236659,99.00766,239031
1169,shrah,3,0.00126,236662,99.00892,239031
1170,shrasool,3,0.00126,236665,99.01017,239031
1171,silvenon,3,0.00126,236668,99.01143,239031
1172,smoke,3,0.00126,236671,99.01268,239031
1173,sobolevn,3,0.00126,236674,99.01394,239031
1174,Spikhalskiy,3,0.00126,236677,99.01519,239031
1175,stevezhu,3,0.00126,236680,99.01645,239031
1176,styfle,3,0.00126,236683,99.01770,239031
1177,tarikulsabbir,3,0.00126,236686,99.01896,239031
1178,tatsuyafw,3,0.00126,236689,99.02021,239031
1179,tbroadley,3,0.00126,236692,99.02147,239031
1180,TheRoSS,3,0.00126,236695,99.02272,239031
1181,th-ko,3,0.00126,236698,99.02398,239031
1182,tienpham94,3,0.00126,236701,99.02523,239031
1183,tIGO,3,0.00126,236704,99.02649,239031
1184,tinchou,3,0.00126,236707,99.02774,239031
1185,tnguyen14,3,0.00126,236710,99.02900,239031
1186,tobegit3hub,3,0.00126,236713,99.03025,239031
1187,tombuildsstuff,3,0.00126,236716,99.03151,239031
1188,tonylukasavage,3,0.00126,236719,99.03276,239031
1189,TooTallNate,3,0.00126,236722,99.03402,239031
1190,tracker1,3,0.00126,236725,99.03527,239031
1191,trbngr,3,0.00126,236728,99.03653,239031
1192,trevorlinton,3,0.00126,236731,99.03778,239031
1193,trshafer,3,0.00126,236734,99.03904,239031
1194,tstringer,3,0.00126,236737,99.04029,239031
1195,ttowncompiled,3,0.00126,236740,99.04155,239031
1196,tuannvm,3,0.00126,236743,99.04280,239031
1197,Vadorequest,3,0.00126,236746,99.04406,239031
1198,vapier,3,0.00126,236749,99.04531,239031
1199,vinayvishal,3,0.00126,236752,99.04657,239031
1200,vitek-karas,3,0.00126,236755,99.04782,239031
1201,vlbee,3,0.00126,236758,99.04908,239031
1202,watson,3,0.00126,236761,99.05033,239031
1203,wilgert,3,0.00126,236764,99.05159,239031
1204,wmertens,3,0.00126,236767,99.05284,239031
1205,wub,3,0.00126,236770,99.05410,239031
1206,yangmillstheory,3,0.00126,236773,99.05535,239031
1207,yasirmhd,3,0.00126,236776,99.05661,239031
1208,ymekuria,3,0.00126,236779,99.05786,239031
1209,zhangyi089,3,0.00126,236782,99.05912,239031
1210,zjmiller,3,0.00126,236785,99.06037,239031
1211,zzz40500,3,0.00126,236788,99.06163,239031
1212,0xced,2,0.00084,236790,99.06246,239031
1213,0xflotus,2,0.00084,236792,99.06330,239031
1214,333fred,2,0.00084,236794,99.06414,239031
1215,8398a7,2,0.00084,236796,99.06497,239031
1216,aackerman,2,0.00084,236798,99.06581,239031
1217,A-And,2,0.00084,236800,99.06665,239031
1218,abalmos,2,0.00084,236802,99.06748,239031
1219,adamretter,2,0.00084,236804,99.06832,239031
1220,AdamWill,2,0.00084,236806,99.06916,239031
1221,adamyi,2,0.00084,236808,99.07000,239031
1222,adarrra,2,0.00084,236810,99.07083,239031
1223,adekbadek,2,0.00084,236812,99.07167,239031
1224,aelij,2,0.00084,236814,99.07251,239031
1225,afitiskin,2,0.00084,236816,99.07334,239031
1226,agray,2,0.00084,236818,99.07418,239031
1227,aianus,2,0.00084,236820,99.07502,239031
1228,ajcrowe,2,0.00084,236822,99.07585,239031
1229,ajfranzoia,2,0.00084,236824,99.07669,239031
1230,Alanscut,2,0.00084,236826,99.07753,239031
1231,albanm,2,0.00084,236828,99.07836,239031
1232,albertkang,2,0.00084,236830,99.07920,239031
1233,alehander42,2,0.00084,236832,99.08004,239031
1234,Aleksandyr,2,0.00084,236834,99.08087,239031
1235,AlekseyTs,2,0.00084,236836,99.08171,239031
1236,alexandrnikitin,2,0.00084,236838,99.08255,239031
1237,alexkrolick,2,0.00084,236840,99.08338,239031
1238,alfaslash,2,0.00084,236842,99.08422,239031
1239,alFReD-NSH,2,0.00084,236844,99.08506,239031
1240,alnikola,2,0.00084,236846,99.08589,239031
1241,alokmenghrajani,2,0.00084,236848,99.08673,239031
1242,ameyjadiye,2,0.00084,236850,99.08757,239031
1243,amohamme,2,0.00084,236852,99.08840,239031
1244,Anber,2,0.00084,236854,99.08924,239031
1245,andreitroiebbc,2,0.00084,236856,99.09008,239031
1246,andresroberto,2,0.00084,236858,99.09091,239031
1247,andyfleming,2,0.00084,236860,99.09175,239031
1248,angelo-v,2,0.00084,236862,99.09259,239031
1249,anibalardid,2,0.00084,236864,99.09342,239031
1250,anirudhramanan,2,0.00084,236866,99.09426,239031
1251,ankon,2,0.00084,236868,99.09510,239031
1252,anpete,2,0.00084,236870,99.09593,239031
1253,antonblanchard,2,0.00084,236872,99.09677,239031
1254,apaatsio,2,0.00084,236874,99.09761,239031
1255,arcana261,2,0.00084,236876,99.09844,239031
1256,armiiller,2,0.00084,236878,99.09928,239031
1257,arminsolecki,2,0.00084,236880,99.10012,239031
1258,armujahid,2,0.00084,236882,99.10095,239031
1259,arpitpandey0209,2,0.00084,236884,99.10179,239031
1260,artnez,2,0.00084,236886,99.10263,239031
1261,aschlapsi,2,0.00084,236888,99.10346,239031
1262,ashinzekene,2,0.00084,236890,99.10430,239031
1263,askhalil,2,0.00084,236892,99.10514,239031
1264,asottile,2,0.00084,236894,99.10597,239031
1265,atodorov,2,0.00084,236896,99.10681,239031
1266,autopulated,2,0.00084,236898,99.10765,239031
1267,azat,2,0.00084,236900,99.10848,239031
1268,B3zo0,2,0.00084,236902,99.10932,239031
1269,bahamas10,2,0.00084,236904,99.11016,239031
1270,banli17,2,0.00084,236906,99.11099,239031
1271,baopham,2,0.00084,236908,99.11183,239031
1272,bascoder,2,0.00084,236910,99.11267,239031
1273,bdougie,2,0.00084,236912,99.11350,239031
1274,behrangsa,2,0.00084,236914,99.11434,239031
1275,benatespina,2,0.00084,236916,99.11518,239031
1276,bengadbois,2,0.00084,236918,99.11601,239031
1277,benjaminp,2,0.00084,236920,99.11685,239031
1278,billymoon,2,0.00084,236922,99.11769,239031
1279,BinaryDevil,2,0.00084,236924,99.11852,239031
1280,bjarneo,2,0.00084,236926,99.11936,239031
1281,bkiselka,2,0.00084,236928,99.12020,239031
1282,BlueHatbRit,2,0.00084,236930,99.12103,239031
1283,bojand,2,0.00084,236932,99.12187,239031
1284,bokub,2,0.00084,236934,99.12271,239031
1285,brendo,2,0.00084,236936,99.12354,239031
1286,brettdh,2,0.00084,236938,99.12438,239031
1287,bripkens,2,0.00084,236940,99.12522,239031
1288,BrockBeaudry,2,0.00084,236942,99.12605,239031
1289,brycebaril,2,0.00084,236944,99.12689,239031
1290,bsingr,2,0.00084,236946,99.12773,239031
1291,btelles,2,0.00084,236948,99.12856,239031
1292,byronigoe,2,0.00084,236950,99.12940,239031
1293,bzoz,2,0.00084,236952,99.13024,239031
1294,calebboyd,2,0.00084,236954,99.13108,239031
1295,calebmer,2,0.00084,236956,99.13191,239031
1296,CarstenWickner,2,0.00084,236958,99.13275,239031
1297,cassianomon,2,0.00084,236960,99.13359,239031
1298,CatTail,2,0.00084,236962,99.13442,239031
1299,cbdeveloper,2,0.00084,236964,99.13526,239031
1300,ChadNedzlek,2,0.00084,236966,99.13610,239031
1301,chalup,2,0.00084,236968,99.13693,239031
1302,chanakasan,2,0.00084,236970,99.13777,239031
1303,charlierudolph,2,0.00084,236972,99.13861,239031
1304,charsleysa,2,0.00084,236974,99.13944,239031
1305,chrisdukakis,2,0.00084,236976,99.14028,239031
1306,christophercurrie,2,0.00084,236978,99.14112,239031
1307,christopher-s-hall,2,0.00084,236980,99.14195,239031
1308,cianclarke,2,0.00084,236982,99.14279,239031
1309,cif,2,0.00084,236984,99.14363,239031
1310,cminyard,2,0.00084,236986,99.14446,239031
1311,cn007b,2,0.00084,236988,99.14530,239031
1312,cneijenhuis,2,0.00084,236990,99.14614,239031
1313,CodeMan99,2,0.00084,236992,99.14697,239031
1314,CodyReichert,2,0.00084,236994,99.14781,239031
1315,colesimmons,2,0.00084,236996,99.14865,239031
1316,coleturner,2,0.00084,236998,99.14948,239031
1317,colindickson,2,0.00084,237000,99.15032,239031
1318,Coly010,2,0.00084,237002,99.15116,239031
1319,coreybutler,2,0.00084,237004,99.15199,239031
1320,coryhouse,2,0.00084,237006,99.15283,239031
1321,cos,2,0.00084,237008,99.15367,239031
1322,coxlinton,2,0.00084,237010,99.15450,239031
1323,crossjs,2,0.00084,237012,99.15534,239031
1324,ctavan,2,0.00084,237014,99.15618,239031
1325,cushon,2,0.00084,237016,99.15701,239031
1326,cwe1ss,2,0.00084,237018,99.15785,239031
1327,d2bit,2,0.00084,237020,99.15869,239031
1328,danryan,2,0.00084,237022,99.15952,239031
1329,danthegoodman,2,0.00084,237024,99.16036,239031
1330,dariusk,2,0.00084,237026,99.16120,239031
1331,DavidePastore,2,0.00084,237028,99.16203,239031
1332,DavSanchez,2,0.00084,237030,99.16287,239031
1333,DAXaholic,2,0.00084,237032,99.16371,239031
1334,daxian-dbw,2,0.00084,237034,99.16454,239031
1335,dblevins,2,0.00084,237036,99.16538,239031
1336,ddunkin,2,0.00084,237038,99.16622,239031
1337,deki,2,0.00084,237040,99.16705,239031
1338,delavara,2,0.00084,237042,99.16789,239031
1339,delirius325,2,0.00084,237044,99.16873,239031
1340,delitescere,2,0.00084,237046,99.16956,239031
1341,dhurlburtusa,2,0.00084,237048,99.17040,239031
1342,dianjuar,2,0.00084,237050,99.17124,239031
1343,dlax,2,0.00084,237052,99.17207,239031
1344,dmnd,2,0.00084,237054,99.17291,239031
1345,dnalborczyk,2,0.00084,237056,99.17375,239031
1346,domoritz,2,0.00084,237058,99.17458,239031
1347,dota17,2,0.00084,237060,99.17542,239031
1348,dot-asm,2,0.00084,237062,99.17626,239031
1349,dotLou,2,0.00084,237064,99.17709,239031
1350,douglasknudsen,2,0.00084,237066,99.17793,239031
1351,DQNEO,2,0.00084,237068,99.17877,239031
1352,DrPizza,2,0.00084,237070,99.17960,239031
1353,dsplaisted,2,0.00084,237072,99.18044,239031
1354,dushmis,2,0.00084,237074,99.18128,239031
1355,dveeden,2,0.00084,237076,99.18211,239031
1356,dwanderton,2,0.00084,237078,99.18295,239031
1357,ecnepsnai,2,0.00084,237080,99.18379,239031
1358,eddiemonge,2,0.00084,237082,99.18462,239031
1359,Eddman,2,0.00084,237084,99.18546,239031
1360,ehmicky,2,0.00084,237086,99.18630,239031
1361,Eisermann,2,0.00084,237088,99.18713,239031
1362,ejpbruel,2,0.00084,237090,99.18797,239031
1363,ekkis,2,0.00084,237092,99.18881,239031
1364,elkdanger,2,0.00084,237094,99.18964,239031
1365,eloytoro,2,0.00084,237096,99.19048,239031
1366,emilio,2,0.00084,237098,99.19132,239031
1367,EmilTholin,2,0.00084,237100,99.19215,239031
1368,ericcurtin,2,0.00084,237102,99.19299,239031
1369,Errorname,2,0.00084,237104,99.19383,239031
1370,eternalharvest,2,0.00084,237106,99.19467,239031
1371,Ethan-Arrowood,2,0.00084,237108,99.19550,239031
1372,evancarey,2,0.00084,237110,99.19634,239031
1373,fatso83,2,0.00084,237112,99.19718,239031
1374,felixyonex,2,0.00084,237114,99.19801,239031
1375,feloy,2,0.00084,237116,99.19885,239031
1376,fishbar,2,0.00084,237118,99.19969,239031
1377,FlashSheridan,2,0.00084,237120,99.20052,239031
1378,FokkeZB,2,0.00084,237122,99.20136,239031
1379,fommil,2,0.00084,237124,99.20220,239031
1380,fpoumian,2,0.00084,237126,99.20303,239031
1381,francisdb,2,0.00084,237128,99.20387,239031
1382,francois2metz,2,0.00084,237130,99.20471,239031
1383,frehner,2,0.00084,237132,99.20554,239031
1384,fridays,2,0.00084,237134,99.20638,239031
1385,frosas,2,0.00084,237136,99.20722,239031
1386,frostming,2,0.00084,237138,99.20805,239031
1387,fson,2,0.00084,237140,99.20889,239031
1388,GabrielNicolasAvellaneda,2,0.00084,237142,99.20973,239031
1389,gengjiawen,2,0.00084,237144,99.21056,239031
1390,ghuntley,2,0.00084,237146,99.21140,239031
1391,gkwang,2,0.00084,237148,99.21224,239031
1392,Glazy,2,0.00084,237150,99.21307,239031
1393,gnomeontherun,2,0.00084,237152,99.21391,239031
1394,goenning,2,0.00084,237154,99.21475,239031
1395,gonzalez,2,0.00084,237156,99.21558,239031
1396,gpspake,2,0.00084,237158,99.21642,239031
1397,grant,2,0.00084,237160,99.21726,239031
1398,Grasseh,2,0.00084,237162,99.21809,239031
1399,gregkalapos,2,0.00084,237164,99.21893,239031
1400,Gregoirevda,2,0.00084,237166,99.21977,239031
1401,gregturn,2,0.00084,237168,99.22060,239031
1402,guiguan,2,0.00084,237170,99.22144,239031
1403,gupash,2,0.00084,237172,99.22228,239031
1404,hairyhenderson,2,0.00084,237174,99.22311,239031
1405,halkeye,2,0.00084,237176,99.22395,239031
1406,hans-kinnek,2,0.00084,237178,99.22479,239031
1407,hbrotan,2,0.00084,237180,99.22562,239031
1408,hemp,2,0.00084,237182,99.22646,239031
1409,henderea,2,0.00084,237184,99.22730,239031
1410,henryqdineen,2,0.00084,237186,99.22813,239031
1411,heshamMassoud,2,0.00084,237188,99.22897,239031
1412,himynameisdave,2,0.00084,237190,99.22981,239031
1413,holyjak,2,0.00084,237192,99.23064,239031
1414,hotpxl,2,0.00084,237194,99.23148,239031
1415,humiaozuzu,2,0.00084,237196,99.23232,239031
1416,hxsf,2,0.00084,237198,99.23315,239031
1417,hzh,2,0.00084,237200,99.23399,239031
1418,iamdoron,2,0.00084,237202,99.23483,239031
1419,icholy,2,0.00084,237204,99.23566,239031
1420,ide,2,0.00084,237206,99.23650,239031
1421,idlerboris,2,0.00084,237208,99.23734,239031
1422,ieatfood,2,0.00084,237210,99.23817,239031
1423,igorline,2,0.00084,237212,99.23901,239031
1424,ilyasidorchik,2,0.00084,237214,99.23985,239031
1425,indutny,2,0.00084,237216,99.24068,239031
1426,infrastation,2,0.00084,237218,99.24152,239031
1427,istarkov,2,0.00084,237220,99.24236,239031
1428,itchyny,2,0.00084,237222,99.24319,239031
1429,jacobwgillespie,2,0.00084,237224,99.24403,239031
1430,jahraphael,2,0.00084,237226,99.24487,239031
1431,JakeChampion,2,0.00084,237228,99.24570,239031
1432,jakewins,2,0.00084,237230,99.24654,239031
1433,james-callahan,2,0.00084,237232,99.24738,239031
1434,jamesgpearce,2,0.00084,237234,99.24821,239031
1435,jamesward,2,0.00084,237236,99.24905,239031
1436,Jamim,2,0.00084,237238,99.24989,239031
1437,jamshedd,2,0.00084,237240,99.25072,239031
1438,JandersonConstantino,2,0.00084,237242,99.25156,239031
1439,jannic,2,0.00084,237244,99.25240,239031
1440,jaswilli,2,0.00084,237246,99.25323,239031
1441,javache,2,0.00084,237248,99.25407,239031
1442,jbarnettwomply,2,0.00084,237250,99.25491,239031
1443,jboavida,2,0.00084,237252,99.25575,239031
1444,jchris,2,0.00084,237254,99.25658,239031
1445,jcrben,2,0.00084,237256,99.25742,239031
1446,jcspader,2,0.00084,237258,99.25826,239031
1447,jd-carroll,2,0.00084,237260,99.25909,239031
1448,jdelStrother,2,0.00084,237262,99.25993,239031
1449,jdorfman,2,0.00084,237264,99.26077,239031
1450,jdufresne,2,0.00084,237266,99.26160,239031
1451,jedwards1211,2,0.00084,237268,99.26244,239031
1452,jeffschwMSFT,2,0.00084,237270,99.26328,239031
1453,jennifer-mann,2,0.00084,237272,99.26411,239031
1454,jeremenichelli,2,0.00084,237274,99.26495,239031
1455,jeremycline,2,0.00084,237276,99.26579,239031
1456,jermowery,2,0.00084,237278,99.26662,239031
1457,jerome-nelson,2,0.00084,237280,99.26746,239031
1458,jgalat,2,0.00084,237282,99.26830,239031
1459,jhabdas,2,0.00084,237284,99.26913,239031
1460,jimcarley,2,0.00084,237286,99.26997,239031
1461,jimthedev,2,0.00084,237288,99.27081,239031
1462,jisaacks,2,0.00084,237290,99.27164,239031
1463,jmendeth,2,0.00084,237292,99.27248,239031
1464,jniebuhr,2,0.00084,237294,99.27332,239031
1465,joearasin,2,0.00084,237296,99.27415,239031
1466,joej164,2,0.00084,237298,99.27499,239031
1467,joel-leitch,2,0.00084,237300,99.27583,239031
1468,joelongstreet,2,0.00084,237302,99.27666,239031
1469,johnhampton,2,0.00084,237304,99.27750,239031
1470,johnjbarton,2,0.00084,237306,99.27834,239031
1471,johnjohndoe,2,0.00084,237308,99.27917,239031
1472,joliss,2,0.00084,237310,99.28001,239031
1473,jonasfj,2,0.00084,237312,99.28085,239031
1474,jordanstephens,2,0.00084,237314,99.28168,239031
1475,joshalling,2,0.00084,237316,99.28252,239031
1476,joshcanhelp,2,0.00084,237318,99.28336,239031
1477,joshuagl,2,0.00084,237320,99.28419,239031
1478,joshuawilson,2,0.00084,237322,99.28503,239031
1479,joyzheng,2,0.00084,237324,99.28587,239031
1480,jrevillas,2,0.00084,237326,99.28670,239031
1481,juandiana,2,0.00084,237328,99.28754,239031
1482,julio-lopez,2,0.00084,237330,99.28838,239031
1483,julkwel,2,0.00084,237332,99.28921,239031
1484,JustATrick,2,0.00084,237334,99.29005,239031
1485,jvz,2,0.00084,237336,99.29089,239031
1486,Jwan622,2,0.00084,237338,99.29172,239031
1487,jwise,2,0.00084,237340,99.29256,239031
1488,kambleaa007,2,0.00084,237342,99.29340,239031
1489,kamranayub,2,0.00084,237344,99.29423,239031
1490,karlhorky,2,0.00084,237346,99.29507,239031
1491,keithamus,2,0.00084,237348,99.29591,239031
1492,kevinsimper,2,0.00084,237350,99.29674,239031
1493,kevinSuttle,2,0.00084,237352,99.29758,239031
1494,keyan,2,0.00084,237354,99.29842,239031
1495,kindy,2,0.00084,237356,99.29925,239031
1496,KirankumarAmbati,2,0.00084,237358,99.30009,239031
1497,kirk91,2,0.00084,237360,99.30093,239031
1498,KodrAus,2,0.00084,237362,99.30176,239031
1499,kor-k,2,0.00084,237364,99.30260,239031
1500,kostasp,2,0.00084,237366,99.30344,239031
1501,kpdecker,2,0.00084,237368,99.30427,239031
1502,kpping,2,0.00084,237370,99.30511,239031
1503,krusolu,2,0.00084,237372,99.30595,239031
1504,KyleAMathews,2,0.00084,237374,99.30678,239031
1505,lacolaco,2,0.00084,237376,99.30762,239031
1506,larsgrefer,2,0.00084,237378,99.30846,239031
1507,lazywithclass,2,0.00084,237380,99.30929,239031
1508,lbalmaceda,2,0.00084,237382,99.31013,239031
1509,LeSuisse,2,0.00084,237384,99.31097,239031
1510,libHive,2,0.00084,237386,99.31180,239031
1511,lidavidm,2,0.00084,237388,99.31264,239031
1512,lifeiscontent,2,0.00084,237390,99.31348,239031
1513,liff,2,0.00084,237392,99.31431,239031
1514,light24bulbs,2,0.00084,237394,99.31515,239031
1515,ligurio,2,0.00084,237396,99.31599,239031
1516,listton,2,0.00084,237398,99.31683,239031
1517,localheinz,2,0.00084,237400,99.31766,239031
1518,LoicMahieu,2,0.00084,237402,99.31850,239031
1519,lostintangent,2,0.00084,237404,99.31934,239031
1520,lox,2,0.00084,237406,99.32017,239031
1521,luigiberrettini,2,0.00084,237408,99.32101,239031
1522,lukehorvat,2,0.00084,237410,99.32185,239031
1523,lukewestby,2,0.00084,237412,99.32268,239031
1524,lvinniel,2,0.00084,237414,99.32352,239031
1525,magnificode,2,0.00084,237416,99.32436,239031
1526,maleetz,2,0.00084,237418,99.32519,239031
1527,marciopuga,2,0.00084,237420,99.32603,239031
1528,marcospassos,2,0.00084,237422,99.32687,239031
1529,marionebl,2,0.00084,237424,99.32770,239031
1530,markgardner,2,0.00084,237426,99.32854,239031
1531,MarkHerhold,2,0.00084,237428,99.32938,239031
1532,MarshallOfSound,2,0.00084,237430,99.33021,239031
1533,martinmcwhorter,2,0.00084,237432,99.33105,239031
1534,mastermatt,2,0.00084,237434,99.33189,239031
1535,matteofigus,2,0.00084,237436,99.33272,239031
1536,MatthewHerbst,2,0.00084,237438,99.33356,239031
1537,MatthiasKunnen,2,0.00084,237440,99.33440,239031
1538,mattjanssen,2,0.00084,237442,99.33523,239031
1539,mattpolzin,2,0.00084,237444,99.33607,239031
1540,mblair,2,0.00084,237446,99.33691,239031
1541,mdlavin,2,0.00084,237448,99.33774,239031
1542,mechpen,2,0.00084,237450,99.33858,239031
1543,megastef,2,0.00084,237452,99.33942,239031
1544,meirotstein,2,0.00084,237454,99.34025,239031
1545,mertdeg2,2,0.00084,237456,99.34109,239031
1546,mfitz3,2,0.00084,237458,99.34193,239031
1547,mgalgs,2,0.00084,237460,99.34276,239031
1548,mgolovatiy-atconsulting-ru,2,0.00084,237462,99.34360,239031
1549,mgravell,2,0.00084,237464,99.34444,239031
1550,miguelmota,2,0.00084,237466,99.34527,239031
1551,mihbor,2,0.00084,237468,99.34611,239031
1552,mikea,2,0.00084,237470,99.34695,239031
1553,MikeRalphson,2,0.00084,237472,99.34778,239031
1554,mirague,2,0.00084,237474,99.34862,239031
1555,moozzyk,2,0.00084,237476,99.34946,239031
1556,Morhaus,2,0.00084,237478,99.35029,239031
1557,Mottie,2,0.00084,237480,99.35113,239031
1558,mpfj,2,0.00084,237482,99.35197,239031
1559,mplonka,2,0.00084,237484,99.35280,239031
1560,mrjfox,2,0.00084,237486,99.35364,239031
1561,mtsmfm,2,0.00084,237488,99.35448,239031
1562,murbar,2,0.00084,237490,99.35531,239031
1563,mweibel,2,0.00084,237492,99.35615,239031
1564,MylesBorins,2,0.00084,237494,99.35699,239031
1565,Nadia--,2,0.00084,237496,99.35782,239031
1566,nahuel,2,0.00084,237498,99.35866,239031
1567,nanomosfet,2,0.00084,237500,99.35950,239031
1568,navaati,2,0.00084,237502,99.36033,239031
1569,nazieb,2,0.00084,237504,99.36117,239031
1570,nbali,2,0.00084,237506,99.36201,239031
1571,necinc,2,0.00084,237508,99.36284,239031
1572,nedbat,2,0.00084,237510,99.36368,239031
1573,negezor,2,0.00084,237512,99.36452,239031
1574,ngg,2,0.00084,237514,99.36535,239031
1575,nhodges,2,0.00084,237516,99.36619,239031
1576,NickPresta,2,0.00084,237518,99.36703,239031
1577,nimaa77,2,0.00084,237520,99.36786,239031
1578,noahfalk,2,0.00084,237522,99.36870,239031
1579,northtyphoon,2,0.00084,237524,99.36954,239031
1580,nowke,2,0.00084,237526,99.37037,239031
1581,nstdio,2,0.00084,237528,99.37121,239031
1582,ntkme,2,0.00084,237530,99.37205,239031
1583,ntotten,2,0.00084,237532,99.37288,239031
1584,ObsidianMinor,2,0.00084,237534,99.37372,239031
1585,odykyi,2,0.00084,237536,99.37456,239031
1586,olegsu,2,0.00084,237538,99.37539,239031
1587,Om4ar,2,0.00084,237540,99.37623,239031
1588,oncletom,2,0.00084,237542,99.37707,239031
1589,ooflorent,2,0.00084,237544,99.37790,239031
1590,orgads,2,0.00084,237546,99.37874,239031
1591,OzzieOrca,2,0.00084,237548,99.37958,239031
1592,pablonete,2,0.00084,237550,99.38042,239031
1593,pahdo,2,0.00084,237552,99.38125,239031
1594,palanik,2,0.00084,237554,99.38209,239031
1595,paniko0,2,0.00084,237556,99.38293,239031
1596,papandreou,2,0.00084,237558,99.38376,239031
1597,paulferaud,2,0.00084,237560,99.38460,239031
1598,pbi-qfs,2,0.00084,237562,99.38544,239031
1599,penx,2,0.00084,237564,99.38627,239031
1600,petercm,2,0.00084,237566,99.38711,239031
1601,peterpoe,2,0.00084,237568,99.38795,239031
1602,pevik,2,0.00084,237570,99.38878,239031
1603,PierreFritsch,2,0.00084,237572,99.38962,239031
1604,PiotrSikora,2,0.00084,237574,99.39046,239031
1605,pithu,2,0.00084,237576,99.39129,239031
1606,PixnBits,2,0.00084,237578,99.39213,239031
1607,pjfanning,2,0.00084,237580,99.39297,239031
1608,pleunv,2,0.00084,237582,99.39380,239031
1609,poizan42,2,0.00084,237584,99.39464,239031
1610,popomore,2,0.00084,237586,99.39548,239031
1611,portgasd666,2,0.00084,237588,99.39631,239031
1612,Pothulapati,2,0.00084,237590,99.39715,239031
1613,PoziWorld,2,0.00084,237592,99.39799,239031
1614,pselden,2,0.00084,237594,99.39882,239031
1615,Psidium,2,0.00084,237596,99.39966,239031
1616,ptoonen,2,0.00084,237598,99.40050,239031
1617,quocvu,2,0.00084,237600,99.40133,239031
1618,ravefalcon92,2,0.00084,237602,99.40217,239031
1619,raveslave,2,0.00084,237604,99.40301,239031
1620,raybooysen,2,0.00084,237606,99.40384,239031
1621,rbdrenn,2,0.00084,237608,99.40468,239031
1622,rdrgmnzs,2,0.00084,237610,99.40552,239031
1623,reda-alaoui,2,0.00084,237612,99.40635,239031
1624,rf,2,0.00084,237614,99.40719,239031
1625,rfkm,2,0.00084,237616,99.40803,239031
1626,rgansevles,2,0.00084,237618,99.40886,239031
1627,rgbkrk,2,0.00084,237620,99.40970,239031
1628,ricardohbin,2,0.00084,237622,99.41054,239031
1629,RichardBradley,2,0.00084,237624,99.41137,239031
1630,risseraka,2,0.00084,237626,99.41221,239031
1631,rkmlai,2,0.00084,237628,99.41305,239031
1632,rnglnd,2,0.00084,237630,99.41388,239031
1633,Rohitkrops,2,0.00084,237632,99.41472,239031
1634,ronnyroeller,2,0.00084,237634,99.41556,239031
1635,rootulp,2,0.00084,237636,99.41639,239031
1636,RpprRoger,2,0.00084,237638,99.41723,239031
1637,rrrene,2,0.00084,237640,99.41807,239031
1638,rwoodnz,2,0.00084,237642,99.41890,239031
1639,ryanmeador,2,0.00084,237644,99.41974,239031
1640,s1monw,2,0.00084,237646,99.42058,239031
1641,SadPandaBear,2,0.00084,237648,99.42141,239031
1642,Sakarisson,2,0.00084,237650,99.42225,239031
1643,salier,2,0.00084,237652,99.42309,239031
1644,samwgoldman,2,0.00084,237654,99.42392,239031
1645,sandynomad,2,0.00084,237656,99.42476,239031
1646,sassanh,2,0.00084,237658,99.42560,239031
1647,sassquad,2,0.00084,237660,99.42643,239031
1648,saxicek,2,0.00084,237662,99.42727,239031
1649,scheglov,2,0.00084,237664,99.42811,239031
1650,seanbright,2,0.00084,237666,99.42894,239031
1651,Sebring,2,0.00084,237668,99.42978,239031
1652,sereysethy,2,0.00084,237670,99.43062,239031
1653,sgbrown,2,0.00084,237672,99.43145,239031
1654,shirdrn,2,0.00084,237674,99.43229,239031
1655,shivijais,2,0.00084,237676,99.43313,239031
1656,shortspider,2,0.00084,237678,99.43396,239031
1657,shubheksha,2,0.00084,237680,99.43480,239031
1658,Siilwyn,2,0.00084,237682,99.43564,239031
1659,silasb,2,0.00084,237684,99.43647,239031
1660,silentroach,2,0.00084,237686,99.43731,239031
1661,simlu,2,0.00084,237688,99.43815,239031
1662,simoneb,2,0.00084,237690,99.43898,239031
1663,skryvets,2,0.00084,237692,99.43982,239031
1664,slavede,2,0.00084,237694,99.44066,239031
1665,SlexAxton,2,0.00084,237696,99.44150,239031
1666,slontis,2,0.00084,237698,99.44233,239031
1667,smashercosmo,2,0.00084,237700,99.44317,239031
1668,smbape,2,0.00084,237702,99.44401,239031
1669,smusali,2,0.00084,237704,99.44484,239031
1670,snakefoot,2,0.00084,237706,99.44568,239031
1671,snow01,2,0.00084,237708,99.44652,239031
1672,som-snytt,2,0.00084,237710,99.44735,239031
1673,sonewman,2,0.00084,237712,99.44819,239031
1674,sorohan,2,0.00084,237714,99.44903,239031
1675,Sp1l,2,0.00084,237716,99.44986,239031
1676,spen,2,0.00084,237718,99.45070,239031
1677,stephan-tolksdorf,2,0.00084,237720,99.45154,239031
1678,StuartHarris,2,0.00084,237722,99.45237,239031
1679,stuartpb,2,0.00084,237724,99.45321,239031
1680,stucox,2,0.00084,237726,99.45405,239031
1681,surajwy,2,0.00084,237728,99.45488,239031
1682,susisu,2,0.00084,237730,99.45572,239031
1683,swaroop-sridhar,2,0.00084,237732,99.45656,239031
1684,syllant,2,0.00084,237734,99.45739,239031
1685,t-8ch,2,0.00084,237736,99.45823,239031
1686,t8m,2,0.00084,237738,99.45907,239031
1687,tamird,2,0.00084,237740,99.45990,239031
1688,tardyp,2,0.00084,237742,99.46074,239031
1689,taylorc93,2,0.00084,237744,99.46158,239031
1690,tdurtschi,2,0.00084,237746,99.46241,239031
1691,tedpennings,2,0.00084,237748,99.46325,239031
1692,telmen,2,0.00084,237750,99.46409,239031
1693,tenjaa,2,0.00084,237752,99.46492,239031
1694,tenwit,2,0.00084,237754,99.46576,239031
1695,teresy,2,0.00084,237756,99.46660,239031
1696,tgxworld,2,0.00084,237758,99.46743,239031
1697,theel0ja,2,0.00084,237760,99.46827,239031
1698,theogravity,2,0.00084,237762,99.46911,239031
1699,TheTalisman,2,0.00084,237764,99.46994,239031
1700,TheToolbox,2,0.00084,237766,99.47078,239031
1701,thiagoarrais,2,0.00084,237768,99.47162,239031
1702,timlevett,2,0.00084,237770,99.47245,239031
1703,TimvdLippe,2,0.00084,237772,99.47329,239031
1704,TinyMan,2,0.00084,237774,99.47413,239031
1705,tjsail33,2,0.00084,237776,99.47496,239031
1706,tlhunter,2,0.00084,237778,99.47580,239031
1707,todd,2,0.00084,237780,99.47664,239031
1708,todesking,2,0.00084,237782,99.47747,239031
1709,tom-sherman,2,0.00084,237784,99.47831,239031
1710,tquerec,2,0.00084,237786,99.47915,239031
1711,trentm,2,0.00084,237788,99.47998,239031
1712,treymack,2,0.00084,237790,99.48082,239031
1713,tridium,2,0.00084,237792,99.48166,239031
1714,TSMMark,2,0.00084,237794,99.48249,239031
1715,Tvrqvoise,2,0.00084,237796,99.48333,239031
1716,tweksteen,2,0.00084,237798,99.48417,239031
1717,TylerBrock,2,0.00084,237800,99.48500,239031
1718,tylerwhall,2,0.00084,237802,99.48584,239031
1719,uhaciogullari,2,0.00084,237804,99.48668,239031
1720,unional,2,0.00084,237806,99.48751,239031
1721,vadimdemedes,2,0.00084,237808,99.48835,239031
1722,vanillajonathan,2,0.00084,237810,99.48919,239031
1723,vasiliyb,2,0.00084,237812,99.49002,239031
1724,vbraun,2,0.00084,237814,99.49086,239031
1725,vergenzt,2,0.00084,237816,99.49170,239031
1726,vgoma,2,0.00084,237818,99.49253,239031
1727,vickychijwani,2,0.00084,237820,99.49337,239031
1728,vivmishra,2,0.00084,237822,99.49421,239031
1729,vkarpov15,2,0.00084,237824,99.49504,239031
1730,vladmos,2,0.00084,237826,99.49588,239031
1731,VladShcherbin,2,0.00084,237828,99.49672,239031
1732,voxpelli,2,0.00084,237830,99.49755,239031
1733,vvo,2,0.00084,237832,99.49839,239031
1734,wadahiro,2,0.00084,237834,99.49923,239031
1735,wayou,2,0.00084,237836,99.50006,239031
1736,Widdershin,2,0.00084,237838,99.50090,239031
1737,wikier,2,0.00084,237840,99.50174,239031
1738,willnorris,2,0.00084,237842,99.50257,239031
1739,wnvko,2,0.00084,237844,99.50341,239031
1740,wongmjane,2,0.00084,237846,99.50425,239031
1741,woollybogger,2,0.00084,237848,99.50509,239031
1742,wotbstars,2,0.00084,237850,99.50592,239031
1743,wraithgar,2,0.00084,237852,99.50676,239031
1744,xenoterracide,2,0.00084,237854,99.50760,239031
1745,yasuf,2,0.00084,237856,99.50843,239031
1746,yausername,2,0.00084,237858,99.50927,239031
1747,Yaxian,2,0.00084,237860,99.51011,239031
1748,ycmjason,2,0.00084,237862,99.51094,239031
1749,yoshuawuyts,2,0.00084,237864,99.51178,239031
1750,Youmoo,2,0.00084,237866,99.51262,239031
1751,ystarlongzi,2,0.00084,237868,99.51345,239031
1752,zackseuberling,2,0.00084,237870,99.51429,239031
1753,zdw,2,0.00084,237872,99.51513,239031
1754,zenglian,2,0.00084,237874,99.51596,239031
1755,zhenlan,2,0.00084,237876,99.51680,239031
1756,zhjwpku,2,0.00084,237878,99.51764,239031
1757,zzz6519003,2,0.00084,237880,99.51847,239031
1758,0x1mason,1,0.00042,237881,99.51889,239031
1759,0x326,1,0.00042,237882,99.51931,239031
1760,0xbaadf00d,1,0.00042,237883,99.51973,239031
1761,1071496910,1,0.00042,237884,99.52015,239031
1762,3flex,1,0.00042,237885,99.52056,239031
1763,4leem,1,0.00042,237886,99.52098,239031
1764,aakash2602,1,0.00042,237887,99.52140,239031
1765,aakoch,1,0.00042,237888,99.52182,239031
1766,aaronang,1,0.00042,237889,99.52224,239031
1767,AaronFriel,1,0.00042,237890,99.52266,239031
1768,Aboisier,1,0.00042,237891,99.52307,239031
1769,abraham,1,0.00042,237892,99.52349,239031
1770,acjay,1,0.00042,237893,99.52391,239031
1771,acroca,1,0.00042,237894,99.52433,239031
1772,adamgruber,1,0.00042,237895,99.52475,239031
1773,adamreeve,1,0.00042,237896,99.52517,239031
1774,adamvoss,1,0.00042,237897,99.52558,239031
1775,adelevie,1,0.00042,237898,99.52600,239031
1776,adeolabadmus,1,0.00042,237899,99.52642,239031
1777,admosity,1,0.00042,237900,99.52684,239031
1778,adwiii,1,0.00042,237901,99.52726,239031
1779,aeschright,1,0.00042,237902,99.52768,239031
1780,afeld,1,0.00042,237903,99.52809,239031
1781,AgentME,1,0.00042,237904,99.52851,239031
1782,aguynamedben,1,0.00042,237905,99.52893,239031
1783,ahmdsolmn,1,0.00042,237906,99.52935,239031
1784,ahmedsoliman92,1,0.00042,237907,99.52977,239031
1785,aifodu,1,0.00042,237908,99.53019,239031
1786,aigdonia,1,0.00042,237909,99.53060,239031
1787,Ajido,1,0.00042,237910,99.53102,239031
1788,akauppi,1,0.00042,237911,99.53144,239031
1789,akd-io,1,0.00042,237912,99.53186,239031
1790,akvamalin,1,0.00042,237913,99.53228,239031
1791,akx,1,0.00042,237914,99.53270,239031
1792,alansouzati,1,0.00042,237915,99.53311,239031
1793,alexandercerutti,1,0.00042,237916,99.53353,239031
1794,alexbokii,1,0.00042,237917,99.53395,239031
1795,alexilyaev,1,0.00042,237918,99.53437,239031
1796,alexmckenley,1,0.00042,237919,99.53479,239031
1797,alirezaafkar,1,0.00042,237920,99.53521,239031
1798,alistair23,1,0.00042,237921,99.53563,239031
1799,al-k21,1,0.00042,237922,99.53604,239031
1800,allanchau,1,0.00042,237923,99.53646,239031
1801,alopezsanchez,1,0.00042,237924,99.53688,239031
1802,alundiak,1,0.00042,237925,99.53730,239031
1803,amcdnl,1,0.00042,237926,99.53772,239031
1804,amiller-gh,1,0.00042,237927,99.53814,239031
1805,AMoreaux,1,0.00042,237928,99.53855,239031
1806,anchnk,1,0.00042,237929,99.53897,239031
1807,andrebsguedes,1,0.00042,237930,99.53939,239031
1808,AndreiRailean,1,0.00042,237931,99.53981,239031
1809,andrew,1,0.00042,237932,99.54023,239031
1810,AndrewKvalheim,1,0.00042,237933,99.54065,239031
1811,andrewnester,1,0.00042,237934,99.54106,239031
1812,andreybleme,1,0.00042,237935,99.54148,239031
1813,andriisoldatenko,1,0.00042,237936,99.54190,239031
1814,andschwa,1,0.00042,237937,99.54232,239031
1815,andyfeller,1,0.00042,237938,99.54274,239031
1816,andymc12,1,0.00042,237939,99.54316,239031
1817,angadgill92,1,0.00042,237940,99.54357,239031
1818,Anomen,1,0.00042,237941,99.54399,239031
1819,anotherpit,1,0.00042,237942,99.54441,239031
1820,anslzo,1,0.00042,237943,99.54483,239031
1821,antons,1,0.00042,237944,99.54525,239031
1822,anubhav25gupta,1,0.00042,237945,99.54567,239031
1823,anurse,1,0.00042,237946,99.54608,239031
1824,aplsek,1,0.00042,237947,99.54650,239031
1825,apsknight,1,0.00042,237948,99.54692,239031
1826,ApsOps,1,0.00042,237949,99.54734,239031
1827,arahansen,1,0.00042,237950,99.54776,239031
1828,araslanov,1,0.00042,237951,99.54818,239031
1829,Arhell,1,0.00042,237952,99.54859,239031
1830,aroget,1,0.00042,237953,99.54901,239031
1831,arosh,1,0.00042,237954,99.54943,239031
1832,arouel,1,0.00042,237955,99.54985,239031
1833,arthurschreiber,1,0.00042,237956,99.55027,239031
1834,arthurvr,1,0.00042,237957,99.55069,239031
1835,ArtsiomCh,1,0.00042,237958,99.55110,239031
1836,artywhite,1,0.00042,237959,99.55152,239031
1837,ashishpatelcs,1,0.00042,237960,99.55194,239031
1838,Asthetic,1,0.00042,237961,99.55236,239031
1839,AstraSerg,1,0.00042,237962,99.55278,239031
1840,atifaziz,1,0.00042,237963,99.55320,239031
1841,A-Tokyo,1,0.00042,237964,99.55361,239031
1842,atom-morgan,1,0.00042,237965,99.55403,239031
1843,attilah,1,0.00042,237966,99.55445,239031
1844,autowp,1,0.00042,237967,99.55487,239031
1845,avnersorek,1,0.00042,237968,99.55529,239031
1846,AVVS,1,0.00042,237969,99.55571,239031
1847,awiddersheim,1,0.00042,237970,99.55612,239031
1848,Awk34,1,0.00042,237971,99.55654,239031
1849,awlayton,1,0.00042,237972,99.55696,239031
1850,aymericbouzy,1,0.00042,237973,99.55738,239031
1851,Azert-Mark,1,0.00042,237974,99.55780,239031
1852,azhao12345,1,0.00042,237975,99.55822,239031
1853,baboquivari,1,0.00042,237976,99.55863,239031
1854,bakape,1,0.00042,237977,99.55905,239031
1855,bakorer,1,0.00042,237978,99.55947,239031
1856,balduncle,1,0.00042,237979,99.55989,239031
1857,bargemb,1,0.00042,237980,99.56031,239031
1858,baronswindle,1,0.00042,237981,99.56073,239031
1859,barrymichaeldoyle,1,0.00042,237982,99.56114,239031
1860,Baschdl,1,0.00042,237983,99.56156,239031
1861,bbodenmiller,1,0.00042,237984,99.56198,239031
1862,bdmason,1,0.00042,237985,99.56240,239031
1863,beldmit,1,0.00042,237986,99.56282,239031
1864,belugabehr,1,0.00042,237987,99.56324,239031
1865,benjaminhoffman,1,0.00042,237988,99.56365,239031
1866,benjamminj,1,0.00042,237989,99.56407,239031
1867,ben-manes,1,0.00042,237990,99.56449,239031
1868,benmccann,1,0.00042,237991,99.56491,239031
1869,benmoss,1,0.00042,237992,99.56533,239031
1870,bernard-leech,1,0.00042,237993,99.56575,239031
1871,BigAB,1,0.00042,237994,99.56617,239031
1872,biglovisa,1,0.00042,237995,99.56658,239031
1873,billytrend,1,0.00042,237996,99.56700,239031
1874,bisguzar,1,0.00042,237997,99.56742,239031
1875,blainesch,1,0.00042,237998,99.56784,239031
1876,blair,1,0.00042,237999,99.56826,239031
1877,Blaisorblade,1,0.00042,238000,99.56868,239031
1878,BloodShura,1,0.00042,238001,99.56909,239031
1879,bmwiedemann,1,0.00042,238002,99.56951,239031
1880,bnb,1,0.00042,238003,99.56993,239031
1881,bnorm,1,0.00042,238004,99.57035,239031
1882,bobintornado,1,0.00042,238005,99.57077,239031
1883,bodgit,1,0.00042,238006,99.57119,239031
1884,BoLaMN,1,0.00042,238007,99.57160,239031
1885,bontibon,1,0.00042,238008,99.57202,239031
1886,BookOfGreg,1,0.00042,238009,99.57244,239031
1887,BorodinDK,1,0.00042,238010,99.57286,239031
1888,botaberg,1,0.00042,238011,99.57328,239031
1889,bouk,1,0.00042,238012,99.57370,239031
1890,bpetex,1,0.00042,238013,99.57411,239031
1891,bploetz,1,0.00042,238014,99.57453,239031
1892,brandon-pereira,1,0.00042,238015,99.57495,239031
1893,brismuth,1,0.00042,238016,99.57537,239031
1894,brodybits,1,0.00042,238017,99.57579,239031
1895,bryanar,1,0.00042,238018,99.57621,239031
1896,brycecr,1,0.00042,238019,99.57662,239031
1897,bshannon,1,0.00042,238020,99.57704,239031
1898,btd,1,0.00042,238021,99.57746,239031
1899,buerkle,1,0.00042,238022,99.57788,239031
1900,bugknightyyp,1,0.00042,238023,99.57830,239031
1901,bugtype,1,0.00042,238024,99.57872,239031
1902,byr-gdp,1,0.00042,238025,99.57913,239031
1903,bz2,1,0.00042,238026,99.57955,239031
1904,C45tr0,1,0.00042,238027,99.57997,239031
1905,capaj,1,0.00042,238028,99.58039,239031
1906,Caravus,1,0.00042,238029,99.58081,239031
1907,cardamon,1,0.00042,238030,99.58123,239031
1908,carkod,1,0.00042,238031,99.58164,239031
1909,carolinacmoravia,1,0.00042,238032,99.58206,239031
1910,carterkozak,1,0.00042,238033,99.58248,239031
1911,caub,1,0.00042,238034,99.58290,239031
1912,cb372,1,0.00042,238035,99.58332,239031
1913,cbrianso,1,0.00042,238036,99.58374,239031
1914,cburroughs,1,0.00042,238037,99.58415,239031
1915,cconroy,1,0.00042,238038,99.58457,239031
1916,cemeyer,1,0.00042,238039,99.58499,239031
1917,ceph3us,1,0.00042,238040,99.58541,239031
1918,cesarandreu,1,0.00042,238041,99.58583,239031
1919,cesarbs,1,0.00042,238042,99.58625,239031
1920,c-geek,1,0.00042,238043,99.58666,239031
1921,ChaitanyaPramod,1,0.00042,238044,99.58708,239031
1922,chaseadamsio,1,0.00042,238045,99.58750,239031
1923,Chen-Gang,1,0.00042,238046,99.58792,239031
1924,chengkungui,1,0.00042,238047,99.58834,239031
1925,chengluyu,1,0.00042,238048,99.58876,239031
1926,chienkira,1,0.00042,238049,99.58917,239031
1927,chinhodado,1,0.00042,238050,99.58959,239031
1928,chmelevskij,1,0.00042,238051,99.59001,239031
1929,chris13524,1,0.00042,238052,99.59043,239031
1930,chrisalbrecht,1,0.00042,238053,99.59085,239031
1931,Chrisboh,1,0.00042,238054,99.59127,239031
1932,chrisbolin,1,0.00042,238055,99.59168,239031
1933,chriscartlidge,1,0.00042,238056,99.59210,239031
1934,chrisgavin,1,0.00042,238057,99.59252,239031
1935,chrisprice,1,0.00042,238058,99.59294,239031
1936,chrisrpatterson,1,0.00042,238059,99.59336,239031
1937,ChristianSchwarz,1,0.00042,238060,99.59378,239031
1938,ChristopherDavenport,1,0.00042,238061,99.59419,239031
1939,christophetd,1,0.00042,238062,99.59461,239031
1940,chtseac,1,0.00042,238063,99.59503,239031
1941,chulkilee,1,0.00042,238064,99.59545,239031
1942,ciceropablo,1,0.00042,238065,99.59587,239031
1943,cjpillsbury,1,0.00042,238066,99.59629,239031
1944,ckuhn,1,0.00042,238067,99.59671,239031
1945,clamp03,1,0.00042,238068,99.59712,239031
1946,claylo,1,0.00042,238069,99.59754,239031
1947,cleitonmendonca,1,0.00042,238070,99.59796,239031
1948,cloojure,1,0.00042,238071,99.59838,239031
1949,cmatheson,1,0.00042,238072,99.59880,239031
1950,codef0rmer,1,0.00042,238073,99.59922,239031
1951,coderbyheart,1,0.00042,238074,99.59963,239031
1952,CodingFabian,1,0.00042,238075,99.60005,239031
1953,codingsince1985,1,0.00042,238076,99.60047,239031
1954,codyj110,1,0.00042,238077,99.60089,239031
1955,colltoaction,1,0.00042,238078,99.60131,239031
1956,compulim,1,0.00042,238079,99.60173,239031
1957,conartist6,1,0.00042,238080,99.60214,239031
1958,ConnorMcF,1,0.00042,238081,99.60256,239031
1959,ConradIrwin,1,0.00042,238082,99.60298,239031
1960,CoolCoderTony,1,0.00042,238083,99.60340,239031
1961,coreh,1,0.00042,238084,99.60382,239031
1962,cortopy,1,0.00042,238085,99.60424,239031
1963,coryasilva,1,0.00042,238086,99.60465,239031
1964,cowwoc,1,0.00042,238087,99.60507,239031
1965,cpereida,1,0.00042,238088,99.60549,239031
1966,cpillsbury,1,0.00042,238089,99.60591,239031
1967,cravler,1,0.00042,238090,99.60633,239031
1968,CRC-Mismatch,1,0.00042,238091,99.60675,239031
1969,crhistianramirez,1,0.00042,238092,99.60716,239031
1970,csimplestring,1,0.00042,238093,99.60758,239031
1971,Cslove,1,0.00042,238094,99.60800,239031
1972,culmat,1,0.00042,238095,99.60842,239031
1973,CWSpear,1,0.00042,238096,99.60884,239031
1974,daevidpreis,1,0.00042,238097,99.60926,239031
1975,dahim2006,1,0.00042,238098,99.60967,239031
1976,daniel347x,1,0.00042,238099,99.61009,239031
1977,danielmachado,1,0.00042,238100,99.61051,239031
1978,DanielMSchmidt,1,0.00042,238101,99.61093,239031
1979,danielnorberg,1,0.00042,238102,99.61135,239031
1980,danielpowell4,1,0.00042,238103,99.61177,239031
1981,das-peter,1,0.00042,238104,99.61218,239031
1982,davidfurlong,1,0.00042,238105,99.61260,239031
1983,DavidHe1127,1,0.00042,238106,99.61302,239031
1984,davidpatrick,1,0.00042,238107,99.61344,239031
1985,DavidTPate,1,0.00042,238108,99.61386,239031
1986,davlloyd,1,0.00042,238109,99.61428,239031
1987,dbkr,1,0.00042,238110,99.61469,239031
1988,dbrugne,1,0.00042,238111,99.61511,239031
1989,dcbrwn,1,0.00042,238112,99.61553,239031
1990,dcworldwide,1,0.00042,238113,99.61595,239031
1991,DDRBoxman,1,0.00042,238114,99.61637,239031
1992,debajitr,1,0.00042,238115,99.61679,239031
1993,debudda,1,0.00042,238116,99.61720,239031
1994,deepakpathania,1,0.00042,238117,99.61762,239031
1995,delmyers,1,0.00042,238118,99.61804,239031
1996,demoneaux,1,0.00042,238119,99.61846,239031
1997,den314,1,0.00042,238120,99.61888,239031
1998,d-e-s-o,1,0.00042,238121,99.61930,239031
1999,devknoll,1,0.00042,238122,99.61971,239031
2000,devlance,1,0.00042,238123,99.62013,239031
2001,devonharvey,1,0.00042,238124,99.62055,239031
2002,deyboy90,1,0.00042,238125,99.62097,239031
2003,dgrcode,1,0.00042,238126,99.62139,239031
2004,diamondo25,1,0.00042,238127,99.62181,239031
2005,dimas,1,0.00042,238128,99.62222,239031
2006,divjotsinghnanda,1,0.00042,238129,99.62264,239031
2007,djchie,1,0.00042,238130,99.62306,239031
2008,djulien,1,0.00042,238131,99.62348,239031
2009,dlazerka,1,0.00042,238132,99.62390,239031
2010,dlindenkreuz,1,0.00042,238133,99.62432,239031
2011,dmap,1,0.00042,238134,99.62473,239031
2012,dmin,1,0.00042,238135,99.62515,239031
2013,domenic,1,0.00042,238136,99.62557,239031
2014,dominicbarnes,1,0.00042,238137,99.62599,239031
2015,donaldchai,1,0.00042,238138,99.62641,239031
2016,donroyco,1,0.00042,238139,99.62683,239031
2017,dotchev,1,0.00042,238140,99.62725,239031
2018,dperezde,1,0.00042,238141,99.62766,239031
2019,dprotaso,1,0.00042,238142,99.62808,239031
2020,dpursehouse,1,0.00042,238143,99.62850,239031
2021,drajakumar,1,0.00042,238144,99.62892,239031
2022,drcapulet,1,0.00042,238145,99.62934,239031
2023,DreaminginCodeZH,1,0.00042,238146,99.62976,239031
2024,drew-moore,1,0.00042,238147,99.63017,239031
2025,drichard,1,0.00042,238148,99.63059,239031
2026,driverpt,1,0.00042,238149,99.63101,239031
2027,ds300,1,0.00042,238150,99.63143,239031
2028,dtgoitia,1,0.00042,238151,99.63185,239031
2029,dtothefp,1,0.00042,238152,99.63227,239031
2030,dtslvr,1,0.00042,238153,99.63268,239031
2031,dunglas,1,0.00042,238154,99.63310,239031
2032,DustinCampbell,1,0.00042,238155,99.63352,239031
2033,DWand,1,0.00042,238156,99.63394,239031
2034,echesakovMSFT,1,0.00042,238157,99.63436,239031
2035,ecki,1,0.00042,238158,99.63478,239031
2036,eclipsewebmaster,1,0.00042,238159,99.63519,239031
2037,EddyVerbruggen,1,0.00042,238160,99.63561,239031
2038,edi9999,1,0.00042,238161,99.63603,239031
2039,edify42,1,0.00042,238162,99.63645,239031
2040,edmBernard,1,0.00042,238163,99.63687,239031
2041,edorivai,1,0.00042,238164,99.63729,239031
2042,eduardbadillo,1,0.00042,238165,99.63770,239031
2043,edusperoni,1,0.00042,238166,99.63812,239031
2044,EgidioCaprino,1,0.00042,238167,99.63854,239031
2045,ehtb,1,0.00042,238168,99.63896,239031
2046,ekevoo,1,0.00042,238169,99.63938,239031
2047,ekmartin,1,0.00042,238170,99.63980,239031
2048,eleumik,1,0.00042,238171,99.64021,239031
2049,ElForastero,1,0.00042,238172,99.64063,239031
2050,elliott-davis,1,0.00042,238173,99.64105,239031
2051,elliottsj,1,0.00042,238174,99.64147,239031
2052,emmanuelbernard,1,0.00042,238175,99.64189,239031
2053,enaqx,1,0.00042,238176,99.64231,239031
2054,Eomm,1,0.00042,238177,99.64272,239031
2055,epelc,1,0.00042,238178,99.64314,239031
2056,epicfaace,1,0.00042,238179,99.64356,239031
2057,er1c,1,0.00042,238180,99.64398,239031
2058,erf,1,0.00042,238181,99.64440,239031
2059,ericyang89,1,0.00042,238182,99.64482,239031
2060,erikbern,1,0.00042,238183,99.64523,239031
2061,esiegel,1,0.00042,238184,99.64565,239031
2062,estaub,1,0.00042,238185,99.64607,239031
2063,estrada9166,1,0.00042,238186,99.64649,239031
2064,eugeneotto,1,0.00042,238187,99.64691,239031
2065,evanlucas,1,0.00042,238188,99.64733,239031
2066,evanshortiss,1,0.00042,238189,99.64774,239031
2067,eventualbuddha,1,0.00042,238190,99.64816,239031
2068,evolvah,1,0.00042,238191,99.64858,239031
2069,fabdouglas,1,0.00042,238192,99.64900,239031
2070,faridfor,1,0.00042,238193,99.64942,239031
2071,farnabaz,1,0.00042,238194,99.64984,239031
2072,farrago,1,0.00042,238195,99.65025,239031
2073,fearphage,1,0.00042,238196,99.65067,239031
2074,felixbuenemann,1,0.00042,238197,99.65109,239031
2075,felixfbecker,1,0.00042,238198,99.65151,239031
2076,finnigantime,1,0.00042,238199,99.65193,239031
2077,fiznool,1,0.00042,238200,99.65235,239031
2078,fkgozali,1,0.00042,238201,99.65276,239031
2079,flotwig,1,0.00042,238202,99.65318,239031
2080,flozano,1,0.00042,238203,99.65360,239031
2081,flut1,1,0.00042,238204,99.65402,239031
2082,forresst,1,0.00042,238205,99.65444,239031
2083,forsberg,1,0.00042,238206,99.65486,239031
2084,fourcube,1,0.00042,238207,99.65527,239031
2085,FourwingsY,1,0.00042,238208,99.65569,239031
2086,frangio,1,0.00042,238209,99.65611,239031
2087,frankier,1,0.00042,238210,99.65653,239031
2088,FrankPeschel-Gallee,1,0.00042,238211,99.65695,239031
2089,frederikbosch,1,0.00042,238212,99.65737,239031
2090,fregante,1,0.00042,238213,99.65778,239031
2091,frewsxcv,1,0.00042,238214,99.65820,239031
2092,fritx,1,0.00042,238215,99.65862,239031
2093,frob,1,0.00042,238216,99.65904,239031
2094,frystpingvin,1,0.00042,238217,99.65946,239031
2095,fureweb-com,1,0.00042,238218,99.65988,239031
2096,gabegorelick,1,0.00042,238219,99.66030,239031
2097,gabelevi,1,0.00042,238220,99.66071,239031
2098,gaplo917,1,0.00042,238221,99.66113,239031
2099,garrypolley,1,0.00042,238222,99.66155,239031
2100,garthk,1,0.00042,238223,99.66197,239031
2101,garyiwu,1,0.00042,238224,99.66239,239031
2102,Gary-Zh,1,0.00042,238225,99.66281,239031
2103,gcangussu,1,0.00042,238226,99.66322,239031
2104,geek,1,0.00042,238227,99.66364,239031
2105,gentoo90,1,0.00042,238228,99.66406,239031
2106,geobde,1,0.00042,238229,99.66448,239031
2107,ge-o-rg,1,0.00042,238230,99.66490,239031
2108,GeorgeGkas,1,0.00042,238231,99.66532,239031
2109,george-ranjan,1,0.00042,238232,99.66573,239031
2110,geraldolsribeiro,1,0.00042,238233,99.66615,239031
2111,gesellix,1,0.00042,238234,99.66657,239031
2112,getkey,1,0.00042,238235,99.66699,239031
2113,gfx,1,0.00042,238236,99.66741,239031
2114,ghandhikus,1,0.00042,238237,99.66783,239031
2115,GianlucaGuarini,1,0.00042,238238,99.66824,239031
2116,gildean,1,0.00042,238239,99.66866,239031
2117,gitlabbin,1,0.00042,238240,99.66908,239031
2118,gj,1,0.00042,238241,99.66950,239031
2119,Glavin001,1,0.00042,238242,99.66992,239031
2120,glena,1,0.00042,238243,99.67034,239031
2121,glensc,1,0.00042,238244,99.67075,239031
2122,Globegitter,1,0.00042,238245,99.67117,239031
2123,golear91,1,0.00042,238246,99.67159,239031
2124,goleary,1,0.00042,238247,99.67201,239031
2125,Gommorach,1,0.00042,238248,99.67243,239031
2126,gonzojive,1,0.00042,238249,99.67285,239031
2127,gouch,1,0.00042,238250,99.67326,239031
2128,grantcarthew,1,0.00042,238251,99.67368,239031
2129,greatjack1,1,0.00042,238252,99.67410,239031
2130,grooverdan,1,0.00042,238253,99.67452,239031
2131,gugu,1,0.00042,238254,99.67494,239031
2132,guptasourabh,1,0.00042,238255,99.67536,239031
2133,gustavomazzoni,1,0.00042,238256,99.67577,239031
2134,gutsytechster,1,0.00042,238257,99.67619,239031
2135,gwhenne,1,0.00042,238258,99.67661,239031
2136,gyandeeps,1,0.00042,238259,99.67703,239031
2137,GyrosGeier,1,0.00042,238260,99.67745,239031
2138,haf,1,0.00042,238261,99.67787,239031
2139,HakurouKen,1,0.00042,238262,99.67828,239031
2140,handrews,1,0.00042,238263,99.67870,239031
2141,harriha,1,0.00042,238264,99.67912,239031
2142,haskellcamargo,1,0.00042,238265,99.67954,239031
2143,Hawkeye1909,1,0.00042,238266,99.67996,239031
2144,hayawata3626,1,0.00042,238267,99.68038,239031
2145,hboutemy,1,0.00042,238268,99.68079,239031
2146,h-des,1,0.00042,238269,99.68121,239031
2147,hedgepigdaniel,1,0.00042,238270,99.68163,239031
2148,heidid,1,0.00042,238271,99.68205,239031
2149,hekike,1,0.00042,238272,99.68247,239031
2150,heloflier,1,0.00042,238273,99.68289,239031
2151,hessmjr,1,0.00042,238274,99.68330,239031
2152,heyamykate,1,0.00042,238275,99.68372,239031
2153,heygrady,1,0.00042,238276,99.68414,239031
2154,hiyosi,1,0.00042,238277,99.68456,239031
2155,hmarr,1,0.00042,238278,99.68498,239031
2156,hmble,1,0.00042,238279,99.68540,239031
2157,holm,1,0.00042,238280,99.68581,239031
2158,hoobdeebla,1,0.00042,238281,99.68623,239031
2159,Hookyns,1,0.00042,238282,99.68665,239031
2160,hoyMS,1,0.00042,238283,99.68707,239031
2161,hozefaj,1,0.00042,238284,99.68749,239031
2162,hqzxzwb,1,0.00042,238285,99.68791,239031
2163,Huachao,1,0.00042,238286,99.68832,239031
2164,HurricaneJames,1,0.00042,238287,99.68874,239031
2165,huxi,1,0.00042,238288,99.68916,239031
2166,Hypercubed,1,0.00042,238289,99.68958,239031
2167,iamakulov,1,0.00042,238290,99.69000,239031
2168,iam-merlin,1,0.00042,238291,99.69042,239031
2169,iamplugged,1,0.00042,238292,99.69084,239031
2170,ianstormtaylor,1,0.00042,238293,99.69125,239031
2171,iarna,1,0.00042,238294,99.69167,239031
2172,ibrahimpg,1,0.00042,238295,99.69209,239031
2173,idangozlan,1,0.00042,238296,99.69251,239031
2174,iDemonix,1,0.00042,238297,99.69293,239031
2175,idirouhab,1,0.00042,238298,99.69335,239031
2176,idmontie,1,0.00042,238299,99.69376,239031
2177,ignacioiglesias,1,0.00042,238300,99.69418,239031
2178,igncp,1,0.00042,238301,99.69460,239031
2179,IgorMiller,1,0.00042,238302,99.69502,239031
2180,igor-savin-ht,1,0.00042,238303,99.69544,239031
2181,ilgrosso,1,0.00042,238304,99.69586,239031
2182,ilyapx,1,0.00042,238305,99.69627,239031
2183,imdevin567,1,0.00042,238306,99.69669,239031
2184,imysak,1,0.00042,238307,99.69711,239031
2185,infused,1,0.00042,238308,99.69753,239031
2186,Iniesta8,1,0.00042,238309,99.69795,239031
2187,inikulin,1,0.00042,238310,99.69837,239031
2188,insfrag,1,0.00042,238311,99.69878,239031
2189,inversion,1,0.00042,238312,99.69920,239031
2190,io7m,1,0.00042,238313,99.69962,239031
2191,ipolevoy,1,0.00042,238314,99.70004,239031
2192,isabellatea,1,0.00042,238315,99.70046,239031
2193,ismamz,1,0.00042,238316,99.70088,239031
2194,isTravis,1,0.00042,238317,99.70129,239031
2195,ITonyLi,1,0.00042,238318,99.70171,239031
2196,IvanGoncharov,1,0.00042,238319,99.70213,239031
2197,Ivan-Kalatchev,1,0.00042,238320,99.70255,239031
2198,IvanVergiliev,1,0.00042,238321,99.70297,239031
2199,IVLIU,1,0.00042,238322,99.70339,239031
2200,ixalon,1,0.00042,238323,99.70380,239031
2201,j14s,1,0.00042,238324,99.70422,239031
2202,jack4it,1,0.00042,238325,99.70464,239031
2203,jackspaniel,1,0.00042,238326,99.70506,239031
2204,JackuB,1,0.00042,238327,99.70548,239031
2205,jackwanders,1,0.00042,238328,99.70590,239031
2206,jacopofar,1,0.00042,238329,99.70631,239031
2207,jakemingolla,1,0.00042,238330,99.70673,239031
2208,jakepetroules,1,0.00042,238331,99.70715,239031
2209,JaKXz,1,0.00042,238332,99.70757,239031
2210,jamesevickery,1,0.00042,238333,99.70799,239031
2211,jamesr73,1,0.00042,238334,99.70841,239031
2212,jamiebuilds,1,0.00042,238335,99.70882,239031
2213,jamischarles,1,0.00042,238336,99.70924,239031
2214,janaagaard75,1,0.00042,238337,99.70966,239031
2215,janderudder,1,0.00042,238338,99.71008,239031
2216,jankal,1,0.00042,238339,99.71050,239031
2217,Janpot,1,0.00042,238340,99.71092,239031
2218,japgolly,1,0.00042,238341,99.71133,239031
2219,jardilio,1,0.00042,238342,99.71175,239031
2220,jaredcnance,1,0.00042,238343,99.71217,239031
2221,Jared-Dev,1,0.00042,238344,99.71259,239031
2222,jaredsuttles,1,0.00042,238345,99.71301,239031
2223,jareware,1,0.00042,238346,99.71343,239031
2224,jasonclinx,1,0.00042,238347,99.71384,239031
2225,jaspermdegroot,1,0.00042,238348,99.71426,239031
2226,jaubourg,1,0.00042,238349,99.71468,239031
2227,javabrett,1,0.00042,238350,99.71510,239031
2228,javespi,1,0.00042,238351,99.71552,239031
2229,jawn,1,0.00042,238352,99.71594,239031
2230,JaysonRaymond,1,0.00042,238353,99.71635,239031
2231,jbleduigou,1,0.00042,238354,99.71677,239031
2232,jbonta,1,0.00042,238355,99.71719,239031
2233,jcdickinson,1,0.00042,238356,99.71761,239031
2234,jcruz2us,1,0.00042,238357,99.71803,239031
2235,jde1,1,0.00042,238358,99.71845,239031
2236,jden,1,0.00042,238359,99.71886,239031
2237,jdreesen,1,0.00042,238360,99.71928,239031
2238,jdspugh,1,0.00042,238361,99.71970,239031
2239,jeffbski,1,0.00042,238362,99.72012,239031
2240,jeffmahoney,1,0.00042,238363,99.72054,239031
2241,jeffrey4l,1,0.00042,238364,99.72096,239031
2242,jehadja,1,0.00042,238365,99.72138,239031
2243,jennifer-shehane,1,0.00042,238366,99.72179,239031
2244,jensenbox,1,0.00042,238367,99.72221,239031
2245,jeremy-w,1,0.00042,238368,99.72263,239031
2246,jessica-dl,1,0.00042,238369,99.72305,239031
2247,jf17,1,0.00042,238370,99.72347,239031
2248,jfairbank,1,0.00042,238371,99.72389,239031
2249,jharris4,1,0.00042,238372,99.72430,239031
2250,jhickson,1,0.00042,238373,99.72472,239031
2251,jimbrowne,1,0.00042,238374,99.72514,239031
2252,jiria,1,0.00042,238375,99.72556,239031
2253,JitixPhotobox,1,0.00042,238376,99.72598,239031
2254,jldec,1,0.00042,238377,99.72640,239031
2255,jlongster,1,0.00042,238378,99.72681,239031
2256,jmg87,1,0.00042,238379,99.72723,239031
2257,jmsv,1,0.00042,238380,99.72765,239031
2258,jmthibault79,1,0.00042,238381,99.72807,239031
2259,jmventura,1,0.00042,238382,99.72849,239031
2260,joefraley,1,0.00042,238383,99.72891,239031
2261,joelgallant,1,0.00042,238384,99.72932,239031
2262,joelittlejohn,1,0.00042,238385,99.72974,239031
2263,joepie91,1,0.00042,238386,99.73016,239031
2264,joestein,1,0.00042,238387,99.73058,239031
2265,JoeZheng2015,1,0.00042,238388,99.73100,239031
2266,johanneswuerbach,1,0.00042,238389,99.73142,239031
2267,JohnAlbin,1,0.00042,238390,99.73183,239031
2268,johnjelinek,1,0.00042,238391,99.73225,239031
2269,johnlinp,1,0.00042,238392,99.73267,239031
2270,Jokero,1,0.00042,238393,99.73309,239031
2271,jomeier,1,0.00042,238394,99.73351,239031
2272,jondubois,1,0.00042,238395,99.73393,239031
2273,jonekdahl,1,0.00042,238396,99.73434,239031
2274,jonganc,1,0.00042,238397,99.73476,239031
2275,JonnyIncognito,1,0.00042,238398,99.73518,239031
2276,joordas,1,0.00042,238399,99.73560,239031
2277,jordanhendricks,1,0.00042,238400,99.73602,239031
2278,joschi,1,0.00042,238401,99.73644,239031
2279,Jose-CF,1,0.00042,238402,99.73685,239031
2280,josecolella,1,0.00042,238403,99.73727,239031
2281,JosephAmalfitanoSSA,1,0.00042,238404,99.73769,239031
2282,josephlbarnett,1,0.00042,238405,99.73811,239031
2283,joshk,1,0.00042,238406,99.73853,239031
2284,joshuago,1,0.00042,238407,99.73895,239031
2285,joshunger,1,0.00042,238408,99.73936,239031
2286,joshushua,1,0.00042,238409,99.73978,239031
2287,josiasmontag,1,0.00042,238410,99.74020,239031
2288,joymufeng,1,0.00042,238411,99.74062,239031
2289,jparise,1,0.00042,238412,99.74104,239031
2290,jpaugh,1,0.00042,238413,99.74146,239031
2291,jpiccari,1,0.00042,238414,99.74187,239031
2292,jpierson,1,0.00042,238415,99.74229,239031
2293,jpoon,1,0.00042,238416,99.74271,239031
2294,jramosf,1,0.00042,238417,99.74313,239031
2295,jrtom,1,0.00042,238418,99.74355,239031
2296,jsamr,1,0.00042,238419,99.74397,239031
2297,jsdevel,1,0.00042,238420,99.74438,239031
2298,jsha,1,0.00042,238421,99.74480,239031
2299,jsonmaur,1,0.00042,238422,99.74522,239031
2300,jstoja,1,0.00042,238423,99.74564,239031
2301,jstrutz,1,0.00042,238424,99.74606,239031
2302,jsumners,1,0.00042,238425,99.74648,239031
2303,jtattermusch,1,0.00042,238426,99.74689,239031
2304,JuanjoSalvador,1,0.00042,238427,99.74731,239031
2305,juanpablo-santos,1,0.00042,238428,99.74773,239031
2306,junajan,1,0.00042,238429,99.74815,239031
2307,junosuarez,1,0.00042,238430,99.74857,239031
2308,justinmchase,1,0.00042,238431,99.74899,239031
2309,JustinRChou,1,0.00042,238432,99.74940,239031
2310,JustinTRoss,1,0.00042,238433,99.74982,239031
2311,jvican,1,0.00042,238434,99.75024,239031
2312,jviotti,1,0.00042,238435,99.75066,239031
2313,jwcarman,1,0.00042,238436,99.75108,239031
2314,jwKimo,1,0.00042,238437,99.75150,239031
2315,jysoo,1,0.00042,238438,99.75192,239031
2316,jyterencekim,1,0.00042,238439,99.75233,239031
2317,jzischkau,1,0.00042,238440,99.75275,239031
2318,Kamshak,1,0.00042,238441,99.75317,239031
2319,kandros,1,0.00042,238442,99.75359,239031
2320,karataev,1,0.00042,238443,99.75401,239031
2321,kassens,1,0.00042,238444,99.75443,239031
2322,kasunt84,1,0.00042,238445,99.75484,239031
2323,kazssym,1,0.00042,238446,99.75526,239031
2324,kazuki229,1,0.00042,238447,99.75568,239031
2325,kbariotis,1,0.00042,238448,99.75610,239031
2326,keinkonzept,1,0.00042,238449,99.75652,239031
2327,kellyrmilligan,1,0.00042,238450,99.75694,239031
2328,kenperkins,1,0.00042,238451,99.75735,239031
2329,kevinmost,1,0.00042,238452,99.75777,239031
2330,keyten,1,0.00042,238453,99.75819,239031
2331,kilianc,1,0.00042,238454,99.75861,239031
2332,KillWolfVlad,1,0.00042,238455,99.75903,239031
2333,KindDragon,1,0.00042,238456,99.75945,239031
2334,kira1928,1,0.00042,238457,99.75986,239031
2335,kjivan,1,0.00042,238458,99.76028,239031
2336,klamping,1,0.00042,238459,99.76070,239031
2337,klausbayrhammer,1,0.00042,238460,99.76112,239031
2338,klippx,1,0.00042,238461,99.76154,239031
2339,Kmaschta,1,0.00042,238462,99.76196,239031
2340,knjk04,1,0.00042,238463,99.76237,239031
2341,knpwrs,1,0.00042,238464,99.76279,239031
2342,kobayashi,1,0.00042,238465,99.76321,239031
2343,koistya,1,0.00042,238466,99.76363,239031
2344,KonstaL,1,0.00042,238467,99.76405,239031
2345,kopylovvlad,1,0.00042,238468,99.76447,239031
2346,koto,1,0.00042,238469,99.76488,239031
2347,krenor,1,0.00042,238470,99.76530,239031
2348,KristofMorva,1,0.00042,238471,99.76572,239031
2349,kroeckx,1,0.00042,238472,99.76614,239031
2350,krotscheck,1,0.00042,238473,99.76656,239031
2351,krzywiecki,1,0.00042,238474,99.76698,239031
2352,kshetline,1,0.00042,238475,99.76739,239031
2353,KSXGitHub,1,0.00042,238476,99.76781,239031
2354,kukat,1,0.00042,238477,99.76823,239031
2355,Kundan28,1,0.00042,238478,99.76865,239031
2356,kusold,1,0.00042,238479,99.76907,239031
2357,laggingreflex,1,0.00042,238480,99.76949,239031
2358,lamby,1,0.00042,238481,99.76990,239031
2359,Lange,1,0.00042,238482,99.77032,239031
2360,larrywest42,1,0.00042,238483,99.77074,239031
2361,laurentgoudet,1,0.00042,238484,99.77116,239031
2362,laurio,1,0.00042,238485,99.77158,239031
2363,lbogdan,1,0.00042,238486,99.77200,239031
2364,lehni,1,0.00042,238487,99.77241,239031
2365,lenisha,1,0.00042,238488,99.77283,239031
2366,lenovouser,1,0.00042,238489,99.77325,239031
2367,LeoColomb,1,0.00042,238490,99.77367,239031
2368,lersek,1,0.00042,238491,99.77409,239031
2369,leventov,1,0.00042,238492,99.77451,239031
2370,levibotelho,1,0.00042,238493,99.77492,239031
2371,lewurm,1,0.00042,238494,99.77534,239031
2372,lfaraone,1,0.00042,238495,99.77576,239031
2373,lionello,1,0.00042,238496,99.77618,239031
2374,liuhelen10,1,0.00042,238497,99.77660,239031
2375,LKI,1,0.00042,238498,99.77702,239031
2376,lm1,1,0.00042,238499,99.77743,239031
2377,loilo,1,0.00042,238500,99.77785,239031
2378,Lokua,1,0.00042,238501,99.77827,239031
2379,lopezcjf,1,0.00042,238502,99.77869,239031
2380,lorenzph,1,0.00042,238503,99.77911,239031
2381,lrlna,1,0.00042,238504,99.77953,239031
2382,ls-guillaume-rebesche,1,0.00042,238505,99.77994,239031
2383,LTMenezes,1,0.00042,238506,99.78036,239031
2384,lucalas,1,0.00042,238507,99.78078,239031
2385,luciferous,1,0.00042,238508,99.78120,239031
2386,luhenry,1,0.00042,238509,99.78162,239031
2387,lukecwik,1,0.00042,238510,99.78204,239031
2388,luohao-brian,1,0.00042,238511,99.78245,239031
2389,lusarz,1,0.00042,238512,99.78287,239031
2390,Lusitaniae,1,0.00042,238513,99.78329,239031
2391,lydell,1,0.00042,238514,99.78371,239031
2392,lyzahn2,1,0.00042,238515,99.78413,239031
2393,m1guelpf,1,0.00042,238516,99.78455,239031
2394,m59peacemaker,1,0.00042,238517,99.78497,239031
2395,magicdawn,1,0.00042,238518,99.78538,239031
2396,magro,1,0.00042,238519,99.78580,239031
2397,maks-rafalko,1,0.00042,238520,99.78622,239031
2398,malthejorgensen,1,0.00042,238521,99.78664,239031
2399,malud,1,0.00042,238522,99.78706,239031
2400,Mamboleoo,1,0.00042,238523,99.78748,239031
2401,ManoelLobo,1,0.00042,238524,99.78789,239031
2402,manospasj,1,0.00042,238525,99.78831,239031
2403,manrueda,1,0.00042,238526,99.78873,239031
2404,manuelkollus,1,0.00042,238527,99.78915,239031
2405,marado,1,0.00042,238528,99.78957,239031
2406,MarcelGerber,1,0.00042,238529,99.78999,239031
2407,marceloverdijk,1,0.00042,238530,99.79040,239031
2408,marciovicente,1,0.00042,238531,99.79082,239031
2409,marclipovsky,1,0.00042,238532,99.79124,239031
2410,Marcono1234,1,0.00042,238533,99.79166,239031
2411,marcust,1,0.00042,238534,99.79208,239031
2412,marcuswhybrow,1,0.00042,238535,99.79250,239031
2413,marcysutton,1,0.00042,238536,99.79291,239031
2414,marklagendijk,1,0.00042,238537,99.79333,239031
2415,mark-rushakoff,1,0.00042,238538,99.79375,239031
2416,marlon360,1,0.00042,238539,99.79417,239031
2417,marshall007,1,0.00042,238540,99.79459,239031
2418,MartinKamenov,1,0.00042,238541,99.79501,239031
2419,Maskedman99,1,0.00042,238542,99.79542,239031
2420,masterots,1,0.00042,238543,99.79584,239031
2421,matanlurey,1,0.00042,238544,99.79626,239031
2422,mattbdean,1,0.00042,238545,99.79668,239031
2423,matthauck,1,0.00042,238546,99.79710,239031
2424,matthewayne,1,0.00042,238547,99.79752,239031
2425,matthewcm,1,0.00042,238548,99.79793,239031
2426,matthewloring,1,0.00042,238549,99.79835,239031
2427,MattMcFarland,1,0.00042,238550,99.79877,239031
2428,mattnelson,1,0.00042,238551,99.79919,239031
2429,maxd,1,0.00042,238552,99.79961,239031
2430,MaximRouiller,1,0.00042,238553,99.80003,239031
2431,Mazuh,1,0.00042,238554,99.80044,239031
2432,mbeaudru,1,0.00042,238555,99.80086,239031
2433,mborst,1,0.00042,238556,99.80128,239031
2434,MCAxiaz,1,0.00042,238557,99.80170,239031
2435,mciezadlo,1,0.00042,238558,99.80212,239031
2436,mdonoughe,1,0.00042,238559,99.80254,239031
2437,mduu,1,0.00042,238560,99.80295,239031
2438,meatlewis,1,0.00042,238561,99.80337,239031
2439,medikoo,1,0.00042,238562,99.80379,239031
2440,melquiadess,1,0.00042,238563,99.80421,239031
2441,mesaugat,1,0.00042,238564,99.80463,239031
2442,mgorabbani,1,0.00042,238565,99.80505,239031
2443,mhils,1,0.00042,238566,99.80546,239031
2444,micha149,1,0.00042,238567,99.80588,239031
2445,michaelbjames,1,0.00042,238568,99.80630,239031
2446,michaeljota,1,0.00042,238569,99.80672,239031
2447,michaelsavich,1,0.00042,238570,99.80714,239031
2448,MichaHoffmann,1,0.00042,238571,99.80756,239031
2449,Mickael-van-der-Beek,1,0.00042,238572,99.80797,239031
2450,micmro,1,0.00042,238573,99.80839,239031
2451,Micua,1,0.00042,238574,99.80881,239031
2452,migueldeicaza,1,0.00042,238575,99.80923,239031
2453,migueloller,1,0.00042,238576,99.80965,239031
2454,Miha-x64,1,0.00042,238577,99.81007,239031
2455,mikemaccana,1,0.00042,238578,99.81048,239031
2456,mike-marcacci,1,0.00042,238579,99.81090,239031
2457,mikhailshilkov,1,0.00042,238580,99.81132,239031
2458,mirroredge,1,0.00042,238581,99.81174,239031
2459,mjw56,1,0.00042,238582,99.81216,239031
2460,mkantor,1,0.00042,238583,99.81258,239031
2461,mklement0,1,0.00042,238584,99.81299,239031
2462,mleibman,1,0.00042,238585,99.81341,239031
2463,mmedal,1,0.00042,238586,99.81383,239031
2464,mnpenner,1,0.00042,238587,99.81425,239031
2465,mofr,1,0.00042,238588,99.81467,239031
2466,mohamed-ismat,1,0.00042,238589,99.81509,239031
2467,moismat,1,0.00042,238590,99.81551,239031
2468,monkeym4ster,1,0.00042,238591,99.81592,239031
2469,mook-as,1,0.00042,238592,99.81634,239031
2470,morissette,1,0.00042,238593,99.81676,239031
2471,morningmemo,1,0.00042,238594,99.81718,239031
2472,motet-a,1,0.00042,238595,99.81760,239031
2473,motlin,1,0.00042,238596,99.81802,239031
2474,Mozilla-GitHub-Standards,1,0.00042,238597,99.81843,239031
2475,mpccolorado,1,0.00042,238598,99.81885,239031
2476,mperham,1,0.00042,238599,99.81927,239031
2477,mrblackus,1,0.00042,238600,99.81969,239031
2478,MrDesjardins,1,0.00042,238601,99.82011,239031
2479,mrjgreen,1,0.00042,238602,99.82053,239031
2480,mrmlnc,1,0.00042,238603,99.82094,239031
2481,mr-yamraj,1,0.00042,238604,99.82136,239031
2482,msabramo,1,0.00042,238605,99.82178,239031
2483,msebire,1,0.00042,238606,99.82220,239031
2484,msemtd,1,0.00042,238607,99.82262,239031
2485,msrb,1,0.00042,238608,99.82304,239031
2486,mtotoWamkwe,1,0.00042,238609,99.82345,239031
2487,munificent,1,0.00042,238610,99.82387,239031
2488,mureinik,1,0.00042,238611,99.82429,239031
2489,mwindle,1,0.00042,238612,99.82471,239031
2490,mxstbr,1,0.00042,238613,99.82513,239031
2491,mydea,1,0.00042,238614,99.82555,239031
2492,myungjoo,1,0.00042,238615,99.82596,239031
2493,mzabriskie,1,0.00042,238616,99.82638,239031
2494,mzeddd,1,0.00042,238617,99.82680,239031
2495,Naddiseo,1,0.00042,238618,99.82722,239031
2496,nanonyme,1,0.00042,238619,99.82764,239031
2497,Nargonath,1,0.00042,238620,99.82806,239031
2498,nasht00,1,0.00042,238621,99.82847,239031
2499,Natim,1,0.00042,238622,99.82889,239031
2500,nazrhyn,1,0.00042,238623,99.82931,239031
2501,nbarbettini,1,0.00042,238624,99.82973,239031
2502,nbaztec,1,0.00042,238625,99.83015,239031
2503,nbeckman,1,0.00042,238626,99.83057,239031
2504,ncoghlan,1,0.00042,238627,99.83098,239031
2505,Neaox,1,0.00042,238628,99.83140,239031
2506,Nepomuceno,1,0.00042,238629,99.83182,239031
2507,Nettsentrisk,1,0.00042,238630,99.83224,239031
2508,neu5,1,0.00042,238631,99.83266,239031
2509,NeuralSandwich,1,0.00042,238632,99.83308,239031
2510,newyork-anthonyng,1,0.00042,238633,99.83349,239031
2511,Nicholas-Eng,1,0.00042,238634,99.83391,239031
2512,nikai3d,1,0.00042,238635,99.83433,239031
2513,nikolay-fedotov,1,0.00042,238636,99.83475,239031
2514,nimerritt,1,0.00042,238637,99.83517,239031
2515,nishp1,1,0.00042,238638,99.83559,239031
2516,niustephanie,1,0.00042,238639,99.83600,239031
2517,nivs,1,0.00042,238640,99.83642,239031
2518,njsubedi,1,0.00042,238641,99.83684,239031
2519,nkollar,1,0.00042,238642,99.83726,239031
2520,nkzawa,1,0.00042,238643,99.83768,239031
2521,nLight,1,0.00042,238644,99.83810,239031
2522,nmn,1,0.00042,238645,99.83851,239031
2523,nmschulte,1,0.00042,238646,99.83893,239031
2524,Nolanus,1,0.00042,238647,99.83935,239031
2525,noodleswww,1,0.00042,238648,99.83977,239031
2526,nornagon,1,0.00042,238649,99.84019,239031
2527,notslang,1,0.00042,238650,99.84061,239031
2528,nottrobin,1,0.00042,238651,99.84102,239031
2529,noyesa,1,0.00042,238652,99.84144,239031
2530,nsoranzo,1,0.00042,238653,99.84186,239031
2531,nthcircle,1,0.00042,238654,99.84228,239031
2532,ntherning,1,0.00042,238655,99.84270,239031
2533,nurkiewicz,1,0.00042,238656,99.84312,239031
2534,nwoltman,1,0.00042,238657,99.84353,239031
2535,nykolaslima,1,0.00042,238658,99.84395,239031
2536,nyurik,1,0.00042,238659,99.84437,239031
2537,oconn,1,0.00042,238660,99.84479,239031
2538,odysseuscm,1,0.00042,238661,99.84521,239031
2539,ogix,1,0.00042,238662,99.84563,239031
2540,Oire,1,0.00042,238663,99.84605,239031
2541,okdistribute,1,0.00042,238664,99.84646,239031
2542,oldj,1,0.00042,238665,99.84688,239031
2543,olivierlemasle,1,0.00042,238666,99.84730,239031
2544,omerson,1,0.00042,238667,99.84772,239031
2545,omerzach,1,0.00042,238668,99.84814,239031
2546,ompraash,1,0.00042,238669,99.84856,239031
2547,oporko,1,0.00042,238670,99.84897,239031
2548,Opticsponge,1,0.00042,238671,99.84939,239031
2549,oreissig,1,0.00042,238672,99.84981,239031
2550,Oseenix,1,0.00042,238673,99.85023,239031
2551,ossdev07,1,0.00042,238674,99.85065,239031
2552,oughter,1,0.00042,238675,99.85107,239031
2553,outofgamut,1,0.00042,238676,99.85148,239031
2554,Parcley,1,0.00042,238677,99.85190,239031
2555,pascalim,1,0.00042,238678,99.85232,239031
2556,pataar,1,0.00042,238679,99.85274,239031
2557,pauldraper,1,0.00042,238680,99.85316,239031
2558,paulkass,1,0.00042,238681,99.85358,239031
2559,paulmelnikow,1,0.00042,238682,99.85399,239031
2560,paulradzkov,1,0.00042,238683,99.85441,239031
2561,paustria,1,0.00042,238684,99.85483,239031
2562,pavolloffay,1,0.00042,238685,99.85525,239031
2563,pcornelissen,1,0.00042,238686,99.85567,239031
2564,PedroMiguelSS,1,0.00042,238687,99.85609,239031
2565,pedroprado010,1,0.00042,238688,99.85650,239031
2566,peitek,1,0.00042,238689,99.85692,239031
2567,PeteGillin,1,0.00042,238690,99.85734,239031
2568,peterlenagh,1,0.00042,238691,99.85776,239031
2569,petermbenjamin,1,0.00042,238692,99.85818,239031
2570,petermikitsh,1,0.00042,238693,99.85860,239031
2571,pfsmorigo,1,0.00042,238694,99.85901,239031
2572,Philipp91,1,0.00042,238695,99.85943,239031
2573,philippgille,1,0.00042,238696,99.85985,239031
2574,phillipj,1,0.00042,238697,99.86027,239031
2575,Piccirello,1,0.00042,238698,99.86069,239031
2576,PiDelport,1,0.00042,238699,99.86111,239031
2577,pietvandongen,1,0.00042,238700,99.86152,239031
2578,pjhjohn,1,0.00042,238701,99.86194,239031
2579,pkallos,1,0.00042,238702,99.86236,239031
2580,PKief,1,0.00042,238703,99.86278,239031
2581,plaes,1,0.00042,238704,99.86320,239031
2582,platinumazure,1,0.00042,238705,99.86362,239031
2583,plokhotnyuk,1,0.00042,238706,99.86403,239031
2584,pmeerw,1,0.00042,238707,99.86445,239031
2585,poison,1,0.00042,238708,99.86487,239031
2586,PolinaRodimova,1,0.00042,238709,99.86529,239031
2587,portolucas,1,0.00042,238710,99.86571,239031
2588,praveenn-vbi,1,0.00042,238711,99.86613,239031
2589,prempalsingh,1,0.00042,238712,99.86654,239031
2590,pRizz,1,0.00042,238713,99.86696,239031
2591,protyposis,1,0.00042,238714,99.86738,239031
2592,psteitz,1,0.00042,238715,99.86780,239031
2593,ptrain,1,0.00042,238716,99.86822,239031
2594,puku0x,1,0.00042,238717,99.86864,239031
2595,puradox,1,0.00042,238718,99.86905,239031
2596,pvanderlinden,1,0.00042,238719,99.86947,239031
2597,pvoisin,1,0.00042,238720,99.86989,239031
2598,qerub,1,0.00042,238721,99.87031,239031
2599,qinix,1,0.00042,238722,99.87073,239031
2600,qix,1,0.00042,238723,99.87115,239031
2601,qqbuby,1,0.00042,238724,99.87156,239031
2602,qw-in,1,0.00042,238725,99.87198,239031
2603,Qw-in,1,0.00042,238726,99.87240,239031
2604,qwwdfsad,1,0.00042,238727,99.87282,239031
2605,radarhere,1,0.00042,238728,99.87324,239031
2606,radiovisual,1,0.00042,238729,99.87366,239031
2607,rafrex,1,0.00042,238730,99.87407,239031
2608,Raghavan1993,1,0.00042,238731,99.87449,239031
2609,rah-gupta,1,0.00042,238732,99.87491,239031
2610,rahulkotecha,1,0.00042,238733,99.87533,239031
2611,Rantanen,1,0.00042,238734,99.87575,239031
2612,redeyes2015,1,0.00042,238735,99.87617,239031
2613,reedfeng,1,0.00042,238736,99.87659,239031
2614,rellect,1,0.00042,238737,99.87700,239031
2615,remcowesterhoud,1,0.00042,238738,99.87742,239031
2616,remko,1,0.00042,238739,99.87784,239031
2617,renanpvaz,1,0.00042,238740,99.87826,239031
2618,renewooller,1,0.00042,238741,99.87868,239031
2619,reviewher,1,0.00042,238742,99.87910,239031
2620,revington,1,0.00042,238743,99.87951,239031
2621,rexxars,1,0.00042,238744,99.87993,239031
2622,rgeraldporter,1,0.00042,238745,99.88035,239031
2623,rgraffbrd,1,0.00042,238746,99.88077,239031
2624,rhelms,1,0.00042,238747,99.88119,239031
2625,rhmoller,1,0.00042,238748,99.88161,239031
2626,rhysmccaig,1,0.00042,238749,99.88202,239031
2627,ricardogama,1,0.00042,238750,99.88244,239031
2628,richardfearn,1,0.00042,238751,99.88286,239031
2629,RichardLitt,1,0.00042,238752,99.88328,239031
2630,rickyvetter,1,0.00042,238753,99.88370,239031
2631,ricokahler,1,0.00042,238754,99.88412,239031
2632,rike422,1,0.00042,238755,99.88453,239031
2633,rivertam,1,0.00042,238756,99.88495,239031
2634,rjackson-dev-ops,1,0.00042,238757,99.88537,239031
2635,rjamet,1,0.00042,238758,99.88579,239031
2636,rjruizes,1,0.00042,238759,99.88621,239031
2637,rmariuzzo,1,0.00042,238760,99.88663,239031
2638,rmg,1,0.00042,238761,99.88704,239031
2639,rmharrison,1,0.00042,238762,99.88746,239031
2640,RobDesideri,1,0.00042,238763,99.88788,239031
2641,robinkanters,1,0.00042,238764,99.88830,239031
2642,RoboBurned,1,0.00042,238765,99.88872,239031
2643,roboshoes,1,0.00042,238766,99.88914,239031
2644,RochesterinNYC,1,0.00042,238767,99.88955,239031
2645,rockymeza,1,0.00042,238768,99.88997,239031
2646,rodrigobdz,1,0.00042,238769,99.89039,239031
2647,roman01la,1,0.00042,238770,99.89081,239031
2648,RomanGotsiy,1,0.00042,238771,99.89123,239031
2649,roman-mazur,1,0.00042,238772,99.89165,239031
2650,romeovs,1,0.00042,238773,99.89206,239031
2651,roncain,1,0.00042,238774,99.89248,239031
2652,rootsher,1,0.00042,238775,99.89290,239031
2653,rouanw,1,0.00042,238776,99.89332,239031
2654,roymiloh,1,0.00042,238777,99.89374,239031
2655,rszalski,1,0.00042,238778,99.89416,239031
2656,rtfpessoa,1,0.00042,238779,99.89457,239031
2657,rtsao,1,0.00042,238780,99.89499,239031
2658,rubycut,1,0.00042,238781,99.89541,239031
2659,RudarDaman,1,0.00042,238782,99.89583,239031
2660,rudolfolah,1,0.00042,238783,99.89625,239031
2661,Runrioter,1,0.00042,238784,99.89667,239031
2662,ruphin,1,0.00042,238785,99.89708,239031
2663,russellpwirtz,1,0.00042,238786,99.89750,239031
2664,russgray,1,0.00042,238787,99.89792,239031
2665,rwaldron,1,0.00042,238788,99.89834,239031
2666,rwieruch,1,0.00042,238789,99.89876,239031
2667,ryancyq,1,0.00042,238790,99.89918,239031
2668,ryan-williams,1,0.00042,238791,99.89959,239031
2669,rybon,1,0.00042,238792,99.90001,239031
2670,ryouaki,1,0.00042,238793,99.90043,239031
2671,S2-,1,0.00042,238794,99.90085,239031
2672,saadq,1,0.00042,238795,99.90127,239031
2673,saadtazi,1,0.00042,238796,99.90169,239031
2674,SaeedPrez,1,0.00042,238797,99.90210,239031
2675,sam09,1,0.00042,238798,99.90252,239031
2676,samccone,1,0.00042,238799,99.90294,239031
2677,samdenty99,1,0.00042,238800,99.90336,239031
2678,samerbuna,1,0.00042,238801,99.90378,239031
2679,samliebow,1,0.00042,238802,99.90420,239031
2680,samuelkarp,1,0.00042,238803,99.90461,239031
2681,sandwichsudo,1,0.00042,238804,99.90503,239031
2682,Sanjo,1,0.00042,238805,99.90545,239031
2683,sanniassin,1,0.00042,238806,99.90587,239031
2684,santiagoaguiar,1,0.00042,238807,99.90629,239031
2685,sarangjo,1,0.00042,238808,99.90671,239031
2686,satansk,1,0.00042,238809,99.90713,239031
2687,satta,1,0.00042,238810,99.90754,239031
2688,sbley,1,0.00042,238811,99.90796,239031
2689,sbomer,1,0.00042,238812,99.90838,239031
2690,sbrl,1,0.00042,238813,99.90880,239031
2691,schwigri,1,0.00042,238814,99.90922,239031
2692,scjody,1,0.00042,238815,99.90964,239031
2693,scottmarlow,1,0.00042,238816,99.91005,239031
2694,ScottyBauer,1,0.00042,238817,99.91047,239031
2695,ScriptSmith,1,0.00042,238818,99.91089,239031
2696,seawatts,1,0.00042,238819,99.91131,239031
2697,sehrope,1,0.00042,238820,99.91173,239031
2698,seiyria,1,0.00042,238821,99.91215,239031
2699,sendilkumarn,1,0.00042,238822,99.91256,239031
2700,seratch,1,0.00042,238823,99.91298,239031
2701,serchavalos,1,0.00042,238824,99.91340,239031
2702,sergei-zelinsky,1,0.00042,238825,99.91382,239031
2703,sergiopantoja,1,0.00042,238826,99.91424,239031
2704,shaggygi,1,0.00042,238827,99.91466,239031
2705,shahmeet999,1,0.00042,238828,99.91507,239031
2706,shawninder,1,0.00042,238829,99.91549,239031
2707,sheerun,1,0.00042,238830,99.91591,239031
2708,shlomif,1,0.00042,238831,99.91633,239031
2709,siamak,1,0.00042,238832,99.91675,239031
2710,sibelius,1,0.00042,238833,99.91717,239031
2711,sibiraj-s,1,0.00042,238834,99.91758,239031
2712,sidps,1,0.00042,238835,99.91800,239031
2713,Sieabah,1,0.00042,238836,99.91842,239031
2714,sigmundch,1,0.00042,238837,99.91884,239031
2715,silvermanj7,1,0.00042,238838,99.91926,239031
2716,simeg,1,0.00042,238839,99.91968,239031
2717,sinkingpoint,1,0.00042,238840,99.92009,239031
2718,sjrd,1,0.00042,238841,99.92051,239031
2719,skjolber,1,0.00042,238842,99.92093,239031
2720,skotniczny,1,0.00042,238843,99.92135,239031
2721,Sky161,1,0.00042,238844,99.92177,239031
2722,skyline-123,1,0.00042,238845,99.92219,239031
2723,skyzyx,1,0.00042,238846,99.92260,239031
2724,slandelle,1,0.00042,238847,99.92302,239031
2725,slang800,1,0.00042,238848,99.92344,239031
2726,slavanga,1,0.00042,238849,99.92386,239031
2727,sliceofbytes,1,0.00042,238850,99.92428,239031
2728,slintes,1,0.00042,238851,99.92470,239031
2729,SomeoneWeird,1,0.00042,238852,99.92511,239031
2730,sondrele,1,0.00042,238853,99.92553,239031
2731,sonnemaf,1,0.00042,238854,99.92595,239031
2732,sothawo,1,0.00042,238855,99.92637,239031
2733,southpolesteve,1,0.00042,238856,99.92679,239031
2734,spegelref,1,0.00042,238857,99.92721,239031
2735,sprockow,1,0.00042,238858,99.92762,239031
2736,spshant,1,0.00042,238859,99.92804,239031
2737,sputnik13,1,0.00042,238860,99.92846,239031
2738,sqrthree,1,0.00042,238861,99.92888,239031
2739,Sridhar-MS,1,0.00042,238862,99.92930,239031
2740,srn,1,0.00042,238863,99.92972,239031
2741,sschuberth,1,0.00042,238864,99.93013,239031
2742,Standard8,1,0.00042,238865,99.93055,239031
2743,StefMa,1,0.00042,238866,99.93097,239031
2744,StephenBonikowsky,1,0.00042,238867,99.93139,239031
2745,stephengroat,1,0.00042,238868,99.93181,239031
2746,StephenMolloy,1,0.00042,238869,99.93223,239031
2747,stephlag,1,0.00042,238870,99.93264,239031
2748,steveklabnik,1,0.00042,238871,99.93306,239031
2749,SteveL-MSFT,1,0.00042,238872,99.93348,239031
2750,stevenbenitez,1,0.00042,238873,99.93390,239031
2751,stevenschlansker,1,0.00042,238874,99.93432,239031
2752,steve-taylor,1,0.00042,238875,99.93474,239031
2753,stonexer,1,0.00042,238876,99.93515,239031
2754,stovocor,1,0.00042,238877,99.93557,239031
2755,sttk,1,0.00042,238878,99.93599,239031
2756,sumanvyj,1,0.00042,238879,99.93641,239031
2757,sunorry,1,0.00042,238880,99.93683,239031
2758,svetlyak40wt,1,0.00042,238881,99.93725,239031
2759,sweiss-google,1,0.00042,238882,99.93766,239031
2760,sYnfo,1,0.00042,238883,99.93808,239031
2761,Syrok,1,0.00042,238884,99.93850,239031
2762,szepeviktor,1,0.00042,238885,99.93892,239031
2763,Tahler,1,0.00042,238886,99.93934,239031
2764,tanyabrassie,1,0.00042,238887,99.93976,239031
2765,TATDK,1,0.00042,238888,99.94018,239031
2766,taylorhutchison,1,0.00042,238889,99.94059,239031
2767,tbartley,1,0.00042,238890,99.94101,239031
2768,tbroyer,1,0.00042,238891,99.94143,239031
2769,tdg5,1,0.00042,238892,99.94185,239031
2770,tdhooper,1,0.00042,238893,99.94227,239031
2771,teameh,1,0.00042,238894,99.94269,239031
2772,TechDimension,1,0.00042,238895,99.94310,239031
2773,teeram,1,0.00042,238896,99.94352,239031
2774,testcenter,1,0.00042,238897,99.94394,239031
2775,tgallacher,1,0.00042,238898,99.94436,239031
2776,tgriesser,1,0.00042,238899,99.94478,239031
2777,ThaddeusJiang,1,0.00042,238900,99.94520,239031
2778,tharunjose,1,0.00042,238901,99.94561,239031
2779,thatJavaNerd,1,0.00042,238902,99.94603,239031
2780,thebergamo,1,0.00042,238903,99.94645,239031
2781,TheBusCantSwim,1,0.00042,238904,99.94687,239031
2782,theganyo,1,0.00042,238905,99.94729,239031
2783,TheInnerParty,1,0.00042,238906,99.94771,239031
2784,themez,1,0.00042,238907,99.94812,239031
2785,theromis,1,0.00042,238908,99.94854,239031
2786,TheSharpieOne,1,0.00042,238909,99.94896,239031
2787,the-vampiire,1,0.00042,238910,99.94938,239031
2788,thibautRe,1,0.00042,238911,99.94980,239031
2789,thomasdarimont,1,0.00042,238912,99.95022,239031
2790,ThomasSimoens,1,0.00042,238913,99.95063,239031
2791,thommymo,1,0.00042,238914,99.95105,239031
2792,tiangolo,1,0.00042,238915,99.95147,239031
2793,Timer,1,0.00042,238916,99.95189,239031
2794,timkindberg,1,0.00042,238917,99.95231,239031
2795,Timokasse,1,0.00042,238918,99.95273,239031
2796,TimonVS,1,0.00042,238919,99.95314,239031
2797,tj,1,0.00042,238920,99.95356,239031
2798,tjmehta,1,0.00042,238921,99.95398,239031
2799,tlantz,1,0.00042,238922,99.95440,239031
2800,tnunes,1,0.00042,238923,99.95482,239031
2801,TomK32,1,0.00042,238924,99.95524,239031
2802,tommagnusson,1,0.00042,238925,99.95565,239031
2803,TomyJaya,1,0.00042,238926,99.95607,239031
2804,tonybaloney,1,0.00042,238927,99.95649,239031
2805,Treora,1,0.00042,238928,99.95691,239031
2806,trierra,1,0.00042,238929,99.95733,239031
2807,trodrigues,1,0.00042,238930,99.95775,239031
2808,truelixin,1,0.00042,238931,99.95816,239031
2809,ttulka,1,0.00042,238932,99.95858,239031
2810,tugrul,1,0.00042,238933,99.95900,239031
2811,TundraFizz,1,0.00042,238934,99.95942,239031
2812,tvillaluz,1,0.00042,238935,99.95984,239031
2813,twillouer,1,0.00042,238936,99.96026,239031
2814,twk-b,1,0.00042,238937,99.96067,239031
2815,twlkyao,1,0.00042,238938,99.96109,239031
2816,tycho,1,0.00042,238939,99.96151,239031
2817,tyrsius,1,0.00042,238940,99.96193,239031
2818,ulope,1,0.00042,238941,99.96235,239031
2819,unlimitedsola,1,0.00042,238942,99.96277,239031
2820,user890104,1,0.00042,238943,99.96318,239031
2821,uweschaefer,1,0.00042,238944,99.96360,239031
2822,ValentinTrinque,1,0.00042,238945,99.96402,239031
2823,Vampire,1,0.00042,238946,99.96444,239031
2824,vanbujm,1,0.00042,238947,99.96486,239031
2825,vanta,1,0.00042,238948,99.96528,239031
2826,vanthome,1,0.00042,238949,99.96569,239031
2827,vbauer,1,0.00042,238950,99.96611,239031
2828,vcsjones,1,0.00042,238951,99.96653,239031
2829,vdukhovni,1,0.00042,238952,99.96695,239031
2830,vegetableman,1,0.00042,238953,99.96737,239031
2831,vernondegoede,1,0.00042,238954,99.96779,239031
2832,victorwangyang,1,0.00042,238955,99.96820,239031
2833,vinaydate,1,0.00042,238956,99.96862,239031
2834,vincentbernat,1,0.00042,238957,99.96904,239031
2835,viniciusls,1,0.00042,238958,99.96946,239031
2836,vitaliy-bobrov,1,0.00042,238959,99.96988,239031
2837,vkhv,1,0.00042,238960,99.97030,239031
2838,vladgolubev,1,0.00042,238961,99.97072,239031
2839,vmalloc,1,0.00042,238962,99.97113,239031
2840,vmosyaykin,1,0.00042,238963,99.97155,239031
2841,vovkvlad,1,0.00042,238964,99.97197,239031
2842,vstinner,1,0.00042,238965,99.97239,239031
2843,wallali,1,0.00042,238966,99.97281,239031
2844,Wang-Sen,1,0.00042,238967,99.97323,239031
2845,warapitiya,1,0.00042,238968,99.97364,239031
2846,warrenseymour,1,0.00042,238969,99.97406,239031
2847,webprofusion-chrisc,1,0.00042,238970,99.97448,239031
2848,weiluntong,1,0.00042,238971,99.97490,239031
2849,weswigham,1,0.00042,238972,99.97532,239031
2850,willbeaufoy,1,0.00042,238973,99.97574,239031
2851,willfarrell,1,0.00042,238974,99.97615,239031
2852,williamdes,1,0.00042,238975,99.97657,239031
2853,william-lohan,1,0.00042,238976,99.97699,239031
2854,Willv19,1,0.00042,238977,99.97741,239031
2855,wizawu,1,0.00042,238978,99.97783,239031
2856,wla80,1,0.00042,238979,99.97825,239031
2857,WLun001,1,0.00042,238980,99.97866,239031
2858,wojtekmaj,1,0.00042,238981,99.97908,239031
2859,woloski,1,0.00042,238982,99.97950,239031
2860,worldsense-tms,1,0.00042,238983,99.97992,239031
2861,WORMSS,1,0.00042,238984,99.98034,239031
2862,worthy7,1,0.00042,238985,99.98076,239031
2863,WouterG,1,0.00042,238986,99.98117,239031
2864,Wykks,1,0.00042,238987,99.98159,239031
2865,xdumaine,1,0.00042,238988,99.98201,239031
2866,xeno-by,1,0.00042,238989,99.98243,239031
2867,xfh,1,0.00042,238990,99.98285,239031
2868,xied75,1,0.00042,238991,99.98327,239031
2869,xobotyi,1,0.00042,238992,99.98368,239031
2870,Xorlev,1,0.00042,238993,99.98410,239031
2871,Xuanwo,1,0.00042,238994,99.98452,239031
2872,XZ-X,1,0.00042,238995,99.98494,239031
2873,YairHalberstadt,1,0.00042,238996,99.98536,239031
2874,yang-xia,1,0.00042,238997,99.98578,239031
2875,yanick,1,0.00042,238998,99.98619,239031
2876,yankouskia,1,0.00042,238999,99.98661,239031
2877,yanxyz,1,0.00042,239000,99.98703,239031
2878,yaodingyd,1,0.00042,239001,99.98745,239031
2879,Yasumoto,1,0.00042,239002,99.98787,239031
2880,yavorski,1,0.00042,239003,99.98829,239031
2881,yaziza,1,0.00042,239004,99.98870,239031
2882,yehezkielbs,1,0.00042,239005,99.98912,239031
2883,yjcxy12,1,0.00042,239006,99.98954,239031
2884,yochem,1,0.00042,239007,99.98996,239031
2885,yorkie,1,0.00042,239008,99.99038,239031
2886,yrodiere,1,0.00042,239009,99.99080,239031
2887,ytan29,1,0.00042,239010,99.99121,239031
2888,ytRino,1,0.00042,239011,99.99163,239031
2889,yuj,1,0.00042,239012,99.99205,239031
2890,yume-chan,1,0.00042,239013,99.99247,239031
2891,yurrriq,1,0.00042,239014,99.99289,239031
2892,yvele,1,0.00042,239015,99.99331,239031
2893,yxl,1,0.00042,239016,99.99372,239031
2894,zackify,1,0.00042,239017,99.99414,239031
2895,zakhenry,1,0.00042,239018,99.99456,239031
2896,zakness,1,0.00042,239019,99.99498,239031
2897,zce,1,0.00042,239020,99.99540,239031
2898,zcwang,1,0.00042,239021,99.99582,239031
2899,zdroid,1,0.00042,239022,99.99623,239031
2900,zeke,1,0.00042,239023,99.99665,239031
2901,zerok,1,0.00042,239024,99.99707,239031
2902,zhaosiyang,1,0.00042,239025,99.99749,239031
2903,zhengjunxin,1,0.00042,239026,99.99791,239031
2904,zhiliangxu,1,0.00042,239027,99.99833,239031
2905,ZhitongLei,1,0.00042,239028,99.99874,239031
2906,zsmb13,1,0.00042,239029,99.99916,239031
2907,zuohuadong,1,0.00042,239030,99.99958,239031
2908,zxqfox,1,0.00042,239031,100.00000,239031
