rank_number,actor,contributions,percent,cumulative_sum,cumulative_percent,all_contributions
1,mhevery,32716,13.51203,32716,13.51203,242125
2,matsko,13434,5.54837,46150,19.06040,242125
3,IgorMinar,12717,5.25225,58867,24.31265,242125
4,kara,10879,4.49313,69746,28.80578,242125
5,alxhub,10869,4.48900,80615,33.29479,242125
6,levitte,9213,3.80506,89828,37.09985,242125
7,stephentoub,8593,3.54899,98421,40.64884,242125
8,AndrewKushnir,8048,3.32390,106469,43.97274,242125
9,XhmikosR,6168,2.54744,112637,46.52019,242125
10,cowtowncoder,4746,1.96014,117383,48.48033,242125
11,alexeagle,4599,1.89943,121982,50.37976,242125
12,petebacondarwin,4304,1.77759,126286,52.15736,242125
13,dougwilson,4295,1.77388,130581,53.93123,242125
14,jdalton,3757,1.55168,134338,55.48291,242125
15,mdo,3411,1.40878,137749,56.89169,242125
16,titanium-octobot,3102,1.28116,140851,58.17284,242125
17,asfgit,2297,0.94868,143148,59.12153,242125
18,gaearon,2162,0.89293,145310,60.01446,242125
19,gkalpak,2132,0.88054,147442,60.89499,242125
20,zloirock,1991,0.82230,149433,61.71729,242125
21,mattcaswell,1670,0.68973,151103,62.40702,242125
22,crisbeto,1502,0.62034,152605,63.02736,242125
23,cvrebert,1466,0.60547,154071,63.63283,242125
24,epoberezkin,1342,0.55426,155413,64.18709,242125
25,bgrainger,1320,0.54517,156733,64.73227,242125
26,cpovirk,1269,0.52411,158002,65.25638,242125
27,vikerman,1260,0.52039,159262,65.77677,242125
28,danmosemsft,1244,0.51378,160506,66.29055,242125
29,Narretz,1197,0.49437,161703,66.78493,242125
30,lrytz,1196,0.49396,162899,67.27888,242125
31,vicb,1154,0.47661,164053,67.75550,242125
32,cgdecker,1136,0.46918,165189,68.22468,242125
33,Johann-S,1131,0.46711,166320,68.69179,242125
34,LutzJaenicke,1116,0.46092,167436,69.15271,242125
35,safern,1059,0.43738,168495,69.59009,242125
36,richsalz,1031,0.42581,169526,70.01590,242125
37,zpao,963,0.39773,170489,70.41363,242125
38,jkotas,950,0.39236,171439,70.80599,242125
39,ViktorHofer,922,0.38080,172361,71.18678,242125
40,adriaanm,912,0.37666,173273,71.56345,242125
41,PaulGap,910,0.37584,174183,71.93929,242125
42,rprouse,895,0.36964,175078,72.30893,242125
43,JamesNK,865,0.35725,175943,72.66618,242125
44,retronym,865,0.35725,176808,73.02344,242125
45,pkozlowski-opensource,856,0.35354,177664,73.37697,242125
46,timdorr,837,0.34569,178501,73.72266,242125
47,jasonaden,836,0.34528,179337,74.06794,242125
48,bcoe,814,0.33619,180151,74.40413,242125
49,CharliePoole,763,0.31513,180914,74.71926,242125
50,christopherthielen,736,0.30398,181650,75.02323,242125
51,patrickhlauke,730,0.30150,182380,75.32473,242125
52,ceki,721,0.29778,183101,75.62251,242125
53,patrickkettner,720,0.29737,183821,75.91988,242125
54,xzyfer,685,0.28291,184506,76.20279,242125
55,sindresorhus,659,0.27217,185165,76.47496,242125
56,weshaggard,644,0.26598,185809,76.74094,242125
57,spicyj,627,0.25896,186436,76.99990,242125
58,bvaughn,622,0.25689,187058,77.25679,242125
59,bartonjs,621,0.25648,187679,77.51327,242125
60,acdlite,559,0.23087,188238,77.74414,242125
61,SethTisue,555,0.22922,188793,77.97336,242125
62,aearly,554,0.22881,189347,78.20217,242125
63,jeffbcross,549,0.22674,189896,78.42891,242125
64,tbosch,545,0.22509,190441,78.65400,242125
65,mlaval,517,0.21353,190958,78.86753,242125
66,mprobst,497,0.20527,191455,79.07279,242125
67,petkaantonov,487,0.20114,191942,79.27393,242125
68,rkirov,482,0.19907,192424,79.47300,242125
69,jnm2,479,0.19783,192903,79.67083,242125
70,ichernev,468,0.19329,193371,79.86412,242125
71,mjackson,466,0.19246,193837,80.05658,242125
72,jelbourn,464,0.19164,194301,80.24822,242125
73,ariya,447,0.18462,194748,80.43283,242125
74,ericstj,433,0.17883,195181,80.61167,242125
75,atscott,432,0.17842,195613,80.79009,242125
76,ahsonkhan,430,0.17759,196043,80.96768,242125
77,indexzero,428,0.17677,196471,81.14445,242125
78,kennethreitz,419,0.17305,196890,81.31750,242125
79,megawac,413,0.17057,197303,81.48807,242125
80,davidsh,407,0.16809,197710,81.65617,242125
81,filipesilva,402,0.16603,198112,81.82220,242125
82,bernd-edlinger,398,0.16438,198510,81.98658,242125
83,chuckjaz,398,0.16438,198908,82.15096,242125
84,isaacs,397,0.16396,199305,82.31492,242125
85,ellismg,395,0.16314,199700,82.47806,242125
86,joperezr,395,0.16314,200095,82.64120,242125
87,maxokorokov,393,0.16231,200488,82.80351,242125
88,VSadov,390,0.16107,200878,82.96458,242125
89,mellinoe,374,0.15447,201252,83.11905,242125
90,ocombe,371,0.15323,201623,83.27228,242125
91,sebmarkbage,369,0.15240,201992,83.42468,242125
92,knalli,363,0.14992,202355,83.57460,242125
93,rzwitserloot,358,0.14786,202713,83.72246,242125
94,JeremyKuhne,351,0.14497,203064,83.86742,242125
95,jimfb,345,0.14249,203409,84.00991,242125
96,fellows3,343,0.14166,203752,84.15157,242125
97,karelz,339,0.14001,204091,84.29158,242125
98,vsavkin,331,0.13671,204422,84.42829,242125
99,JiaLiPassion,315,0.13010,204737,84.55839,242125
100,hueniverse,312,0.12886,205049,84.68725,242125
101,PascalSchumacher,312,0.12886,205361,84.81611,242125
102,mgol,309,0.12762,205670,84.94373,242125
103,davegandy,308,0.12721,205978,85.07093,242125
104,wtgodbe,307,0.12679,206285,85.19773,242125
105,kyliau,306,0.12638,206591,85.32411,242125
106,timmywil,298,0.12308,206889,85.44719,242125
107,MartijnCuppens,297,0.12266,207186,85.56985,242125
108,mzgol,293,0.12101,207479,85.69086,242125
109,simov,289,0.11936,207768,85.81022,242125
110,garydgregory,287,0.11853,208055,85.92876,242125
111,Lukasa,287,0.11853,208342,86.04729,242125
112,tarekgh,283,0.11688,208625,86.16417,242125
113,calvinmetcalf,282,0.11647,208907,86.28064,242125
114,ok2c,281,0.11606,209188,86.39670,242125
115,jbogarthyde,270,0.11151,209458,86.50821,242125
116,trueadm,267,0.11027,209725,86.61848,242125
117,benlesh,264,0.10903,209989,86.72752,242125
118,rejas,264,0.10903,210253,86.83655,242125
119,inder123,263,0.10862,210516,86.94517,242125
120,scottgonzalez,253,0.10449,210769,87.04966,242125
121,markerikson,246,0.10160,211015,87.15126,242125
122,mary-poppins,245,0.10119,211260,87.25245,242125
123,ljharb,243,0.10036,211503,87.35281,242125
124,rspilker,240,0.09912,211743,87.45194,242125
125,ChrisMaddock,236,0.09747,211979,87.54941,242125
126,nhunzaker,227,0.09375,212206,87.64316,242125
127,jonschlinkert,226,0.09334,212432,87.73650,242125
128,kapunahelewong,221,0.09128,212653,87.82777,242125
129,broofa,219,0.09045,212872,87.91822,242125
130,Priya91,219,0.09045,213091,88.00867,242125
131,britter,217,0.08962,213308,88.09830,242125
132,gregmagolan,212,0.08756,213520,88.18585,242125
133,josephperrott,209,0.08632,213729,88.27217,242125
134,mmalerba,208,0.08591,213937,88.35808,242125
135,jbedard,206,0.08508,214143,88.44316,242125
136,tannergooding,206,0.08508,214349,88.52824,242125
137,mde,205,0.08467,214554,88.61291,242125
138,GrabYourPitchforks,201,0.08301,214755,88.69592,242125
139,Anipik,199,0.08219,214954,88.77811,242125
140,mmitche,198,0.08178,215152,88.85989,242125
141,ianhays,197,0.08136,215349,88.94125,242125
142,coliff,196,0.08095,215545,89.02220,242125
143,bardiharborow,187,0.07723,215732,89.09943,242125
144,chenkie,187,0.07723,215919,89.17666,242125
145,benjamingr,186,0.07682,216105,89.25348,242125
146,mspncp,184,0.07599,216289,89.32948,242125
147,sebbASF,179,0.07393,216468,89.40341,242125
148,alan-agius4,167,0.06897,216635,89.47238,242125
149,DataTables,164,0.06773,216799,89.54011,242125
150,mcollina,163,0.06732,216962,89.60743,242125
151,sameb,162,0.06691,217124,89.67434,242125
152,andrewseguin,161,0.06649,217285,89.74084,242125
153,bep,160,0.06608,217445,89.80692,242125
154,krwq,160,0.06608,217605,89.87300,242125
155,marwahaha,158,0.06526,217763,89.93826,242125
156,wfurt,152,0.06278,217915,90.00103,242125
157,flarnie,151,0.06236,218066,90.06340,242125
158,jonathantneal,151,0.06236,218217,90.12576,242125
159,szeiger,151,0.06236,218368,90.18813,242125
160,shmao,150,0.06195,218518,90.25008,242125
161,hansl,149,0.06154,218667,90.31162,242125
162,JoostK,149,0.06154,218816,90.37315,242125
163,davidfowl,147,0.06071,218963,90.43387,242125
164,nguerrera,147,0.06071,219110,90.49458,242125
165,AtsushiKan,146,0.06030,219256,90.55488,242125
166,ronshapiro,146,0.06030,219402,90.61518,242125
167,chcosta,145,0.05989,219547,90.67506,242125
168,devversion,143,0.05906,219690,90.73412,242125
169,kkirsche,143,0.05906,219833,90.79319,242125
170,lgalfaso,142,0.05865,219975,90.85183,242125
171,Qix-,141,0.05823,220116,90.91007,242125
172,feross,138,0.05700,220254,90.96706,242125
173,saurabh500,138,0.05700,220392,91.02406,242125
174,markelog,137,0.05658,220529,91.08064,242125
175,TimothyGu,135,0.05576,220664,91.13640,242125
176,gibson042,133,0.05493,220797,91.19133,242125
177,joshfree,133,0.05493,220930,91.24626,242125
178,Aweary,131,0.05410,221061,91.30036,242125
179,steveharter,131,0.05410,221192,91.35447,242125
180,marijnh,130,0.05369,221322,91.40816,242125
181,btford,129,0.05328,221451,91.46144,242125
182,MattGal,127,0.05245,221578,91.51389,242125
183,pjanotti,125,0.05163,221703,91.56551,242125
184,aweary,124,0.05121,221827,91.61673,242125
185,mikeal,123,0.05080,221950,91.66753,242125
186,ryanflorence,122,0.05039,222072,91.71791,242125
187,chirayuk,120,0.04956,222192,91.76748,242125
188,tagliala,120,0.04956,222312,91.81704,242125
189,nschonni,119,0.04915,222431,91.86618,242125
190,benaadams,117,0.04832,222548,91.91451,242125
191,tmat,116,0.04791,222664,91.96242,242125
192,dwijnand,115,0.04750,222779,92.00991,242125
193,lontis,114,0.04708,222893,92.05700,242125
194,phated,114,0.04708,223007,92.10408,242125
195,tmshort,111,0.04584,223118,92.14992,242125
196,yjbanov,111,0.04584,223229,92.19577,242125
197,captbaritone,108,0.04461,223337,92.24037,242125
198,vjeux,108,0.04461,223445,92.28498,242125
199,pshrmn,107,0.04419,223552,92.32917,242125
200,sigmavirus24,106,0.04378,223658,92.37295,242125
201,am11,105,0.04337,223763,92.41631,242125
202,corivera,103,0.04254,223866,92.45885,242125
203,jmrodri,102,0.04213,223968,92.50098,242125
204,kegluneq,102,0.04213,224070,92.54311,242125
205,maryamariyan,102,0.04213,224172,92.58523,242125
206,necolas,102,0.04213,224274,92.62736,242125
207,gotwarlost,101,0.04171,224375,92.66908,242125
208,tmds,101,0.04171,224476,92.71079,242125
209,netomi,100,0.04130,224576,92.75209,242125
210,talbs,97,0.04006,224673,92.79215,242125
211,jashkenas,96,0.03965,224769,92.83180,242125
212,filipnavara,95,0.03924,224864,92.87104,242125
213,maxbeatty,95,0.03924,224959,92.91027,242125
214,ryanseddon,92,0.03800,225051,92.94827,242125
215,ziluvatar,92,0.03800,225143,92.98627,242125
216,analog-nico,91,0.03758,225234,93.02385,242125
217,fitzgen,90,0.03717,225324,93.06102,242125
218,swankjesse,90,0.03717,225414,93.09819,242125
219,eerhardt,89,0.03676,225503,93.13495,242125
220,diesalbla,88,0.03634,225591,93.17130,242125
221,huanwu,87,0.03593,225678,93.20723,242125
222,JedWatson,87,0.03593,225765,93.24316,242125
223,jzaefferer,87,0.03593,225852,93.27909,242125
224,que-etc,87,0.03593,225939,93.31502,242125
225,twbs-grunt,87,0.03593,226026,93.35096,242125
226,jfromaniello,86,0.03552,226112,93.38647,242125
227,davidben,85,0.03511,226197,93.42158,242125
228,juliemr,85,0.03511,226282,93.45669,242125
229,arekinath,83,0.03428,226365,93.49097,242125
230,DABH,83,0.03428,226448,93.52525,242125
231,geoffkizer,83,0.03428,226531,93.55953,242125
232,MichalStrehovsky,83,0.03428,226614,93.59380,242125
233,jaredhanson,82,0.03387,226696,93.62767,242125
234,gunnarmorling,80,0.03304,226776,93.66071,242125
235,vancem,80,0.03304,226856,93.69375,242125
236,abetomo,78,0.03221,226934,93.72597,242125
237,mikkelbu,78,0.03221,227012,93.75818,242125
238,ashtuchkin,77,0.03180,227089,93.78998,242125
239,caleblloyd,77,0.03180,227166,93.82179,242125
240,falsyvalues,76,0.03139,227242,93.85318,242125
241,juliangruber,75,0.03098,227317,93.88415,242125
242,mj1856,75,0.03098,227392,93.91513,242125
243,ellenaua,74,0.03056,227466,93.94569,242125
244,koba04,74,0.03056,227540,93.97625,242125
245,nateabele,74,0.03056,227614,94.00681,242125
246,julienrf,73,0.03015,227687,94.03696,242125
247,caitp,71,0.02932,227758,94.06629,242125
248,robmadole,71,0.02932,227829,94.09561,242125
249,shadowspawn,71,0.02932,227900,94.12494,242125
250,wesleycho,71,0.02932,227971,94.15426,242125
251,dmethvin,70,0.02891,228041,94.18317,242125
252,CIPop,69,0.02850,228110,94.21167,242125
253,gkhanna79,69,0.02850,228179,94.24017,242125
254,alexindigo,68,0.02808,228247,94.26825,242125
255,benouat,68,0.02808,228315,94.29633,242125
256,dagood,68,0.02808,228383,94.32442,242125
257,maxrimue,68,0.02808,228451,94.35250,242125
258,lmolkova,67,0.02767,228518,94.38018,242125
259,mgechev,67,0.02767,228585,94.40785,242125
260,nexdrew,67,0.02767,228652,94.43552,242125
261,sophiebits,67,0.02767,228719,94.46319,242125
262,mkarg,66,0.02726,228785,94.49045,242125
263,blakeembrey,65,0.02685,228850,94.51729,242125
264,nlf,65,0.02685,228915,94.54414,242125
265,eiriktsarpalis,64,0.02643,228979,94.57057,242125
266,sepidehMS,64,0.02643,229043,94.59701,242125
267,kevmoo,63,0.02602,229106,94.62303,242125
268,satazor,61,0.02519,229167,94.64822,242125
269,timrwood,61,0.02519,229228,94.67341,242125
270,JakeWharton,60,0.02478,229288,94.69819,242125
271,oznetmaster,60,0.02478,229348,94.72297,242125
272,arb,59,0.02437,229407,94.74734,242125
273,hargasinski,59,0.02437,229466,94.77171,242125
274,goto-bus-stop,58,0.02395,229524,94.79566,242125
275,akre54,57,0.02354,229581,94.81920,242125
276,madler,56,0.02313,229637,94.84233,242125
277,chtompki,55,0.02272,229692,94.86505,242125
278,edevil,55,0.02272,229747,94.88776,242125
279,evmar,55,0.02272,229802,94.91048,242125
280,hnrch02,55,0.02272,229857,94.93320,242125
281,jsfb,55,0.02272,229912,94.95591,242125
282,stevemao,55,0.02272,229967,94.97863,242125
283,caesar1995,54,0.02230,230021,95.00093,242125
284,michaelficarra,53,0.02189,230074,95.02282,242125
285,Petermarcu,53,0.02189,230127,95.04471,242125
286,pgavlin,53,0.02189,230180,95.06660,242125
287,ayazhafiz,52,0.02148,230232,95.08807,242125
288,ericeil,52,0.02148,230284,95.10955,242125
289,gsmet,52,0.02148,230336,95.13103,242125
290,jquense,52,0.02148,230388,95.15250,242125
291,realityking,52,0.02148,230440,95.17398,242125
292,romen,52,0.02148,230492,95.19546,242125
293,smile21prc,52,0.02148,230544,95.21693,242125
294,stash,52,0.02148,230596,95.23841,242125
295,buyaa-n,51,0.02106,230647,95.25947,242125
296,dwmw2,51,0.02106,230698,95.28054,242125
297,saper,51,0.02106,230749,95.30160,242125
298,zhiyelee,51,0.02106,230800,95.32266,242125
299,janvorli,50,0.02065,230850,95.34331,242125
300,leo,50,0.02065,230900,95.36396,242125
301,qmfrederik,50,0.02065,230950,95.38462,242125
302,robertmesserle,50,0.02065,231000,95.40527,242125
303,vanesyan,50,0.02065,231050,95.42592,242125
304,krosenvold,49,0.02024,231099,95.44615,242125
305,RyanZim,49,0.02024,231148,95.46639,242125
306,threepointone,49,0.02024,231197,95.48663,242125
307,akoeplinger,48,0.01982,231245,95.50645,242125
308,pieroxy,48,0.01982,231293,95.52628,242125
309,emilyemorehouse,47,0.01941,231340,95.54569,242125
310,layomia,47,0.01941,231387,95.56510,242125
311,OmarTawfik,47,0.01941,231434,95.58451,242125
312,Arkni,46,0.01900,231480,95.60351,242125
313,chonton,46,0.01900,231526,95.62251,242125
314,jhendrixMSFT,46,0.01900,231572,95.64151,242125
315,lacker,45,0.01859,231617,95.66009,242125
316,JohnTortugo,44,0.01817,231661,95.67827,242125
317,mathiasbynens,44,0.01817,231705,95.69644,242125
318,staabm,44,0.01817,231749,95.71461,242125
319,dimo414,43,0.01776,231792,95.73237,242125
320,supergibbs,43,0.01776,231835,95.75013,242125
321,alexperovich,42,0.01735,231877,95.76748,242125
322,naomiblack,42,0.01735,231919,95.78482,242125
323,CaerusKaru,41,0.01693,231960,95.80176,242125
324,motdotla,41,0.01693,232001,95.81869,242125
325,thorn0,41,0.01693,232042,95.83562,242125
326,AlexGhiondea,40,0.01652,232082,95.85214,242125
327,scalablecory,40,0.01652,232122,95.86866,242125
328,dcousens,39,0.01611,232161,95.88477,242125
329,evanvosberg,39,0.01611,232200,95.90088,242125
330,joyent-automation,39,0.01611,232239,95.91699,242125
331,KrzysztofCwalina,39,0.01611,232278,95.93309,242125
332,nylen,39,0.01611,232317,95.94920,242125
333,rmkerr,39,0.01611,232356,95.96531,242125
334,OverZealous,37,0.01528,232393,95.98059,242125
335,Splaktar,37,0.01528,232430,95.99587,242125
336,tijoytom,37,0.01528,232467,96.01115,242125
337,mafintosh,36,0.01487,232503,96.02602,242125
338,andresgalante,35,0.01446,232538,96.04047,242125
339,brianrob,35,0.01446,232573,96.05493,242125
340,coreyfarrell,35,0.01446,232608,96.06939,242125
341,jridgewell,35,0.01446,232643,96.08384,242125
342,kouvel,35,0.01446,232678,96.09830,242125
343,pvorb,35,0.01446,232713,96.11275,242125
344,nickuraltsev,34,0.01404,232747,96.12679,242125
345,pallavit,34,0.01404,232781,96.14084,242125
346,bendrucker,33,0.01363,232814,96.15447,242125
347,cpojer,33,0.01363,232847,96.16809,242125
348,icfantv,33,0.01363,232880,96.18172,242125
349,JohnRGee,33,0.01363,232913,96.19535,242125
350,karajas,33,0.01363,232946,96.20898,242125
351,khdang,33,0.01363,232979,96.22261,242125
352,SimenB,33,0.01363,233012,96.23624,242125
353,sokket,33,0.01363,233045,96.24987,242125
354,pose,32,0.01322,233077,96.26309,242125
355,twsouthwick,32,0.01322,233109,96.27630,242125
356,arschmitz,31,0.01280,233140,96.28911,242125
357,BendingBender,30,0.01239,233170,96.30150,242125
358,hramos,30,0.01239,233200,96.31389,242125
359,AaronRobinsonMSFT,29,0.01198,233229,96.32586,242125
360,EmpireJones,29,0.01198,233258,96.33784,242125
361,frederikprijck,29,0.01198,233287,96.34982,242125
362,nglorioso,29,0.01198,233316,96.36180,242125
363,seanstrom,29,0.01198,233345,96.37377,242125
364,yeiacatl,29,0.01198,233374,96.38575,242125
365,kinow,28,0.01156,233402,96.39732,242125
366,pgovind,28,0.01156,233430,96.40888,242125
367,spion,28,0.01156,233458,96.42044,242125
368,swseverance,28,0.01156,233486,96.43201,242125
369,adrianheine,27,0.01115,233513,96.44316,242125
370,ahasall,27,0.01115,233540,96.45431,242125
371,davglass,27,0.01115,233567,96.46546,242125
372,joecritch,27,0.01115,233594,96.47661,242125
373,netdpb,27,0.01115,233621,96.48776,242125
374,svick,27,0.01115,233648,96.49892,242125
375,AArnott,26,0.01074,233674,96.50965,242125
376,fnagel,26,0.01074,233700,96.52039,242125
377,geleems,26,0.01074,233726,96.53113,242125
378,gkossakowski,26,0.01074,233752,96.54187,242125
379,invernizzie,26,0.01074,233778,96.55261,242125
380,jcrugzz,26,0.01074,233804,96.56335,242125
381,keyanzhang,26,0.01074,233830,96.57408,242125
382,mattbishop,26,0.01074,233856,96.58482,242125
383,tromey,26,0.01074,233882,96.59556,242125
384,VladUreche,26,0.01074,233908,96.60630,242125
385,felipewmartins,25,0.01033,233933,96.61662,242125
386,FredKSchott,25,0.01033,233958,96.62695,242125
387,jteplitz602,25,0.01033,233983,96.63727,242125
388,Khaledgarbaya,25,0.01033,234008,96.64760,242125
389,stevemoser,25,0.01033,234033,96.65792,242125
390,tony19,25,0.01033,234058,96.66825,242125
391,zamont,25,0.01033,234083,96.67858,242125
392,cston,24,0.00991,234107,96.68849,242125
393,dariajung,24,0.00991,234131,96.69840,242125
394,ermazi,24,0.00991,234155,96.70831,242125
395,LinusU,24,0.00991,234179,96.71822,242125
396,pakrym,24,0.00991,234203,96.72814,242125
397,peterblazejewicz,24,0.00991,234227,96.73805,242125
398,ashsearle,23,0.00950,234250,96.74755,242125
399,contra,23,0.00950,234273,96.75705,242125
400,DanielRuf,23,0.00950,234296,96.76655,242125
401,kentcdodds,23,0.00950,234319,96.77605,242125
402,lxShaDoWxl,23,0.00950,234342,96.78554,242125
403,maggiepint,23,0.00950,234365,96.79504,242125
404,Marusyk,23,0.00950,234388,96.80454,242125
405,reconbot,23,0.00950,234411,96.81404,242125
406,terrajobst,23,0.00950,234434,96.82354,242125
407,TrySound,23,0.00950,234457,96.83304,242125
408,vszakats,23,0.00950,234480,96.84254,242125
409,ysds,23,0.00950,234503,96.85204,242125
410,BastienL,22,0.00909,234525,96.86113,242125
411,JohnPostlethwait,22,0.00909,234547,96.87021,242125
412,maririos,22,0.00909,234569,96.87930,242125
413,Marsup,22,0.00909,234591,96.88838,242125
414,mleguen,22,0.00909,234613,96.89747,242125
415,alex,21,0.00867,234634,96.90614,242125
416,krytarowski,21,0.00867,234655,96.91482,242125
417,SamVerschueren,21,0.00867,234676,96.92349,242125
418,SedarG,21,0.00867,234697,96.93216,242125
419,aditya-shankar,20,0.00826,234717,96.94042,242125
420,chkal,20,0.00826,234737,96.94868,242125
421,dariobraun,20,0.00826,234757,96.95694,242125
422,luqunl,20,0.00826,234777,96.96520,242125
423,qizhanMS,20,0.00826,234797,96.97346,242125
424,torkleyy,20,0.00826,234817,96.98172,242125
425,typicaljoe,20,0.00826,234837,96.98998,242125
426,vojtajina,20,0.00826,234857,96.99824,242125
427,yujayee,20,0.00826,234877,97.00650,242125
428,AfsanehR,19,0.00785,234896,97.01435,242125
429,Foxandxss,19,0.00785,234915,97.02220,242125
430,jsoref,19,0.00785,234934,97.03005,242125
431,MitMaro,19,0.00785,234953,97.03789,242125
432,niksy,19,0.00785,234972,97.04574,242125
433,rahku,19,0.00785,234991,97.05359,242125
434,SomeKittens,19,0.00785,235010,97.06144,242125
435,stevenbrix,19,0.00785,235029,97.06928,242125
436,substack,19,0.00785,235048,97.07713,242125
437,Tratcher,19,0.00785,235067,97.08498,242125
438,TrevorKarjanis,19,0.00785,235086,97.09282,242125
439,troygoode,19,0.00785,235105,97.10067,242125
440,yungsters,19,0.00785,235124,97.10852,242125
441,ahmadnassri,18,0.00743,235142,97.11595,242125
442,benelliott,18,0.00743,235160,97.12339,242125
443,glebm,18,0.00743,235178,97.13082,242125
444,graingert,18,0.00743,235196,97.13826,242125
445,jakemac53,18,0.00743,235214,97.14569,242125
446,jcagme,18,0.00743,235232,97.15312,242125
447,jcblw,18,0.00743,235250,97.16056,242125
448,kevva,18,0.00743,235268,97.16799,242125
449,robrich,18,0.00743,235286,97.17543,242125
450,stash-sfdc,18,0.00743,235304,97.18286,242125
451,supercodepoet,18,0.00743,235322,97.19029,242125
452,alexwolfe,17,0.00702,235339,97.19732,242125
453,amilajack,17,0.00702,235356,97.20434,242125
454,Andarist,17,0.00702,235373,97.21136,242125
455,dicko2,17,0.00702,235390,97.21838,242125
456,doowb,17,0.00702,235407,97.22540,242125
457,jameskyle,17,0.00702,235424,97.23242,242125
458,jarrodyellets,17,0.00702,235441,97.23944,242125
459,jbnicolai,17,0.00702,235458,97.24646,242125
460,loganfsmyth,17,0.00702,235475,97.25348,242125
461,spericas,17,0.00702,235492,97.26051,242125
462,TheSavior,17,0.00702,235509,97.26753,242125
463,damieng,16,0.00661,235525,97.27414,242125
464,dragos,16,0.00661,235541,97.28074,242125
465,kenneth-reitz,16,0.00661,235557,97.28735,242125
466,mmikowski,16,0.00661,235573,97.29396,242125
467,othiym23,16,0.00661,235589,97.30057,242125
468,pgilad,16,0.00661,235605,97.30718,242125
469,rvagg,16,0.00661,235621,97.31378,242125
470,sdmaclea,16,0.00661,235637,97.32039,242125
471,tomocchino,16,0.00661,235653,97.32700,242125
472,venkat-raman251,16,0.00661,235669,97.33361,242125
473,wesleytodd,16,0.00661,235685,97.34022,242125
474,battaglr,15,0.00620,235700,97.34641,242125
475,billyjanitsch,15,0.00620,235715,97.35261,242125
476,devongovett,15,0.00620,235730,97.35880,242125
477,gjungb,15,0.00620,235745,97.36500,242125
478,JustinBeckwith,15,0.00620,235760,97.37119,242125
479,kanongil,15,0.00620,235775,97.37739,242125
480,mikem8361,15,0.00620,235790,97.38358,242125
481,Simek,15,0.00620,235805,97.38978,242125
482,thomas-mcdonald,15,0.00620,235820,97.39597,242125
483,vatsan-madhavan,15,0.00620,235835,97.40217,242125
484,zertosh,15,0.00620,235850,97.40836,242125
485,adamsitnik,14,0.00578,235864,97.41415,242125
486,Daniel15,14,0.00578,235878,97.41993,242125
487,defunctzombie,14,0.00578,235892,97.42571,242125
488,gourlaysama,14,0.00578,235906,97.43149,242125
489,Ichoran,14,0.00578,235920,97.43727,242125
490,jeremyvii,14,0.00578,235934,97.44306,242125
491,jkotalik,14,0.00578,235948,97.44884,242125
492,lunaruan,14,0.00578,235962,97.45462,242125
493,stevehobbsdev,14,0.00578,235976,97.46040,242125
494,woahitsraj,14,0.00578,235990,97.46618,242125
495,andreialecu,13,0.00537,236003,97.47155,242125
496,arjantijms,13,0.00537,236016,97.47692,242125
497,aswaterman,13,0.00537,236029,97.48229,242125
498,DrewScoggins,13,0.00537,236042,97.48766,242125
499,evocateur,13,0.00537,236055,97.49303,242125
500,grimreaper,13,0.00537,236068,97.49840,242125
501,kapilash,13,0.00537,236081,97.50377,242125
502,Krinkle,13,0.00537,236094,97.50914,242125
503,macjohnny,13,0.00537,236107,97.51451,242125
504,mattlewis92,13,0.00537,236120,97.51988,242125
505,paulmillr,13,0.00537,236133,97.52525,242125
506,StringEpsilon,13,0.00537,236146,97.53061,242125
507,agl,12,0.00496,236158,97.53557,242125
508,AntonLapounov,12,0.00496,236170,97.54053,242125
509,bgw,12,0.00496,236182,97.54548,242125
510,bimargulies-google,12,0.00496,236194,97.55044,242125
511,BridgeAR,12,0.00496,236206,97.55539,242125
512,carlossanlop,12,0.00496,236218,97.56035,242125
513,Chainhelen,12,0.00496,236230,97.56531,242125
514,davidjb,12,0.00496,236242,97.57026,242125
515,dsgouda,12,0.00496,236254,97.57522,242125
516,FiveTimesTheFun,12,0.00496,236266,97.58018,242125
517,Haroenv,12,0.00496,236278,97.58513,242125
518,jkoritzinsky,12,0.00496,236290,97.59009,242125
519,julianobrasil,12,0.00496,236302,97.59504,242125
520,nicolo-ribaudo,12,0.00496,236314,97.60000,242125
521,omsmith,12,0.00496,236326,97.60496,242125
522,PeteGillinGoogle,12,0.00496,236338,97.60991,242125
523,pickfire,12,0.00496,236350,97.61487,242125
524,ramarag,12,0.00496,236362,97.61982,242125
525,schnittstabil,12,0.00496,236374,97.62478,242125
526,tiran,12,0.00496,236386,97.62974,242125
527,xuwei-k,12,0.00496,236398,97.63469,242125
528,aeijdenberg,11,0.00454,236409,97.63924,242125
529,alrra,11,0.00454,236420,97.64378,242125
530,apechimp,11,0.00454,236431,97.64832,242125
531,brandonroberts,11,0.00454,236442,97.65287,242125
532,butterflyhug,11,0.00454,236453,97.65741,242125
533,ChALkeR,11,0.00454,236464,97.66195,242125
534,d10,11,0.00454,236475,97.66649,242125
535,danez,11,0.00454,236486,97.67104,242125
536,dannyskoog,11,0.00454,236497,97.67558,242125
537,davepacheco,11,0.00454,236508,97.68012,242125
538,escodel,11,0.00454,236519,97.68467,242125
539,gitter-badger,11,0.00454,236530,97.68921,242125
540,gregw,11,0.00454,236541,97.69375,242125
541,hazendaz,11,0.00454,236552,97.69830,242125
542,joshlemer,11,0.00454,236563,97.70284,242125
543,joshwand,11,0.00454,236574,97.70738,242125
544,jutaz,11,0.00454,236585,97.71193,242125
545,kluever,11,0.00454,236596,97.71647,242125
546,mapleeit,11,0.00454,236607,97.72101,242125
547,Pereida,11,0.00454,236618,97.72555,242125
548,raja-ashok,11,0.00454,236629,97.73010,242125
549,stuartwdouglas,11,0.00454,236640,97.73464,242125
550,YourDeveloperFriend,11,0.00454,236651,97.73918,242125
551,alireza-mh,10,0.00413,236661,97.74331,242125
552,amZotti,10,0.00413,236671,97.74744,242125
553,chlowell,10,0.00413,236681,97.75157,242125
554,ChrisAlderson,10,0.00413,236691,97.75570,242125
555,clemmy,10,0.00413,236701,97.75983,242125
556,coolaj86,10,0.00413,236711,97.76396,242125
557,Degubi,10,0.00413,236721,97.76809,242125
558,Diego-Perez-Botero,10,0.00413,236731,97.77223,242125
559,EdwardBetts,10,0.00413,236741,97.77636,242125
560,Gillespie59,10,0.00413,236751,97.78049,242125
561,Goodwine,10,0.00413,236761,97.78462,242125
562,jorive,10,0.00413,236771,97.78875,242125
563,justsml,10,0.00413,236781,97.79288,242125
564,keithharvey,10,0.00413,236791,97.79701,242125
565,MaximilianTews,10,0.00413,236801,97.80114,242125
566,maxogden,10,0.00413,236811,97.80527,242125
567,mconnew,10,0.00413,236821,97.80940,242125
568,michaelgeorgeattard,10,0.00413,236831,97.81353,242125
569,mojavelinux,10,0.00413,236841,97.81766,242125
570,naamunds,10,0.00413,236851,97.82179,242125
571,paulirish,10,0.00413,236861,97.82592,242125
572,pfmooney,10,0.00413,236871,97.83005,242125
573,PiPeep,10,0.00413,236881,97.83418,242125
574,robwormald,10,0.00413,236891,97.83831,242125
575,sumitbhagwani,10,0.00413,236901,97.84244,242125
576,urish,10,0.00413,236911,97.84657,242125
577,vanessanschmitt,10,0.00413,236921,97.85070,242125
578,WilliamCollishaw,10,0.00413,236931,97.85483,242125
579,xcatliu,10,0.00413,236941,97.85896,242125
580,agnosticdev,9,0.00372,236950,97.86267,242125
581,aisera-mikowski,9,0.00372,236959,97.86639,242125
582,AlmeroSteyn,9,0.00372,236968,97.87011,242125
583,aLostEngineer,9,0.00372,236977,97.87383,242125
584,bradwestfall,9,0.00372,236986,97.87754,242125
585,Delagen,9,0.00372,236995,97.88126,242125
586,felixonmars,9,0.00372,237004,97.88498,242125
587,FezVrasta,9,0.00372,237013,97.88869,242125
588,graue,9,0.00372,237022,97.89241,242125
589,gricey432,9,0.00372,237031,97.89613,242125
590,jamesgeorge007,9,0.00372,237040,97.89985,242125
591,jmm,9,0.00372,237049,97.90356,242125
592,jorrit,9,0.00372,237058,97.90728,242125
593,josephsavona,9,0.00372,237067,97.91100,242125
594,jwilk,9,0.00372,237076,97.91471,242125
595,kkurni,9,0.00372,237085,97.91843,242125
596,kseamon,9,0.00372,237094,97.92215,242125
597,LayZeeDK,9,0.00372,237103,97.92586,242125
598,MartinKolarik,9,0.00372,237112,97.92958,242125
599,mbehrlich,9,0.00372,237121,97.93330,242125
600,mikesherov,9,0.00372,237130,97.93702,242125
601,morganbr,9,0.00372,237139,97.94073,242125
602,mysticatea,9,0.00372,237148,97.94445,242125
603,nattress,9,0.00372,237157,97.94817,242125
604,nslottow,9,0.00372,237166,97.95188,242125
605,packtpartner,9,0.00372,237175,97.95560,242125
606,philipp-spiess,9,0.00372,237184,97.95932,242125
607,PowerKiKi,9,0.00372,237193,97.96304,242125
608,ravimeda,9,0.00372,237202,97.96675,242125
609,rmartin-stratus,9,0.00372,237211,97.97047,242125
610,sevensees,9,0.00372,237220,97.97419,242125
611,SGuyGe,9,0.00372,237229,97.97790,242125
612,smarter,9,0.00372,237238,97.98162,242125
613,suguru03,9,0.00372,237247,97.98534,242125
614,Suresh918,9,0.00372,237256,97.98906,242125
615,thlorenz,9,0.00372,237265,97.99277,242125
616,tommcdon,9,0.00372,237274,97.99649,242125
617,tylermcginnis,9,0.00372,237283,98.00021,242125
618,valery1707,9,0.00372,237292,98.00392,242125
619,wincent,9,0.00372,237301,98.00764,242125
620,YingP99,9,0.00372,237310,98.01136,242125
621,zkat,9,0.00372,237319,98.01507,242125
622,ajcvickers,8,0.00330,237327,98.01838,242125
623,anenviousguest,8,0.00330,237335,98.02168,242125
624,beaugunderson,8,0.00330,237343,98.02499,242125
625,chris-smith-zocdoc,8,0.00330,237351,98.02829,242125
626,christophehurpeau,8,0.00330,237359,98.03160,242125
627,davidkaya,8,0.00330,237367,98.03490,242125
628,dominykas,8,0.00330,237375,98.03820,242125
629,Fank,8,0.00330,237383,98.04151,242125
630,github-cygwin,8,0.00330,237391,98.04481,242125
631,gregersrygg,8,0.00330,237399,98.04812,242125
632,hyandell,8,0.00330,237407,98.05142,242125
633,ipuustin,8,0.00330,237415,98.05472,242125
634,janvanhelvoort,8,0.00330,237423,98.05803,242125
635,jddxf,8,0.00330,237431,98.06133,242125
636,josepot,8,0.00330,237439,98.06464,242125
637,keertip,8,0.00330,237447,98.06794,242125
638,markt-asf,8,0.00330,237455,98.07124,242125
639,parjong,8,0.00330,237463,98.07455,242125
640,Raynos,8,0.00330,237471,98.07785,242125
641,riarenas,8,0.00330,237479,98.08116,242125
642,richlander,8,0.00330,237487,98.08446,242125
643,rxaviers,8,0.00330,237495,98.08776,242125
644,sebkur,8,0.00330,237503,98.09107,242125
645,stefichjo,8,0.00330,237511,98.09437,242125
646,syranide,8,0.00330,237519,98.09768,242125
647,vijaykota,8,0.00330,237527,98.10098,242125
648,vvakame,8,0.00330,237535,98.10428,242125
649,12wrigja,7,0.00289,237542,98.10718,242125
650,a0viedo,7,0.00289,237549,98.11007,242125
651,crummel,7,0.00289,237556,98.11296,242125
652,davidwrighton,7,0.00289,237563,98.11585,242125
653,dmjones,7,0.00289,237570,98.11874,242125
654,dsblv,7,0.00289,237577,98.12163,242125
655,dutchenkoOleg,7,0.00289,237584,98.12452,242125
656,edmorley,7,0.00289,237591,98.12741,242125
657,ExE-Boss,7,0.00289,237598,98.13030,242125
658,hannob,7,0.00289,237605,98.13320,242125
659,Hibernate-CI,7,0.00289,237612,98.13609,242125
660,hubot,7,0.00289,237619,98.13898,242125
661,jedmao,7,0.00289,237626,98.14187,242125
662,jnordberg,7,0.00289,237633,98.14476,242125
663,JordyvanDortmont,7,0.00289,237640,98.14765,242125
664,Kerumen,7,0.00289,237647,98.15054,242125
665,KuraFire,7,0.00289,237654,98.15343,242125
666,laumair,7,0.00289,237661,98.15632,242125
667,max-b,7,0.00289,237668,98.15922,242125
668,mier85,7,0.00289,237675,98.16211,242125
669,mreinstein,7,0.00289,237682,98.16500,242125
670,nicketson,7,0.00289,237689,98.16789,242125
671,Noodle05,7,0.00289,237696,98.17078,242125
672,NthPortal,7,0.00289,237703,98.17367,242125
673,ofrobots,7,0.00289,237710,98.17656,242125
674,panchenko,7,0.00289,237717,98.17945,242125
675,PeterDaveHello,7,0.00289,237724,98.18234,242125
676,pkaminski,7,0.00289,237731,98.18523,242125
677,rricard,7,0.00289,237738,98.18813,242125
678,sergej2705,7,0.00289,237745,98.19102,242125
679,shrutigarg,7,0.00289,237752,98.19391,242125
680,Sibiraj-Codes,7,0.00289,237759,98.19680,242125
681,steveluscher,7,0.00289,237766,98.19969,242125
682,vjkoskela,7,0.00289,237773,98.20258,242125
683,ad-si,6,0.00248,237779,98.20506,242125
684,asbjornu,6,0.00248,237785,98.20754,242125
685,awaterma,6,0.00248,237791,98.21002,242125
686,blackdwarf,6,0.00248,237797,98.21249,242125
687,boneskull,6,0.00248,237803,98.21497,242125
688,chenglou,6,0.00248,237809,98.21745,242125
689,chlins,6,0.00248,237815,98.21993,242125
690,CindyXing,6,0.00248,237821,98.22241,242125
691,Coeur,6,0.00248,237827,98.22488,242125
692,crandmck,6,0.00248,237833,98.22736,242125
693,DnlHarvey,6,0.00248,237839,98.22984,242125
694,DominikTrenz,6,0.00248,237845,98.23232,242125
695,ebourg,6,0.00248,237851,98.23480,242125
696,ekilah,6,0.00248,237857,98.23727,242125
697,elharo,6,0.00248,237863,98.23975,242125
698,erikkemperman,6,0.00248,237869,98.24223,242125
699,fiddur,6,0.00248,237875,98.24471,242125
700,focusaurus,6,0.00248,237881,98.24719,242125
701,Hongbo-Miao,6,0.00248,237887,98.24966,242125
702,hudochenkov,6,0.00248,237893,98.25214,242125
703,jaredly,6,0.00248,237899,98.25462,242125
704,jcouv,6,0.00248,237905,98.25710,242125
705,josalem,6,0.00248,237911,98.25958,242125
706,kytart,6,0.00248,237917,98.26205,242125
707,lukeapage,6,0.00248,237923,98.26453,242125
708,lyip1992,6,0.00248,237929,98.26701,242125
709,madmir,6,0.00248,237935,98.26949,242125
710,MaggieTsang,6,0.00248,237941,98.27197,242125
711,manishbansal8843,6,0.00248,237947,98.27445,242125
712,mattdesl,6,0.00248,237953,98.27692,242125
713,mbrukman,6,0.00248,237959,98.27940,242125
714,mckramer,6,0.00248,237965,98.28188,242125
715,meenie,6,0.00248,237971,98.28436,242125
716,meteorcloudy,6,0.00248,237977,98.28684,242125
717,mjomble,6,0.00248,237983,98.28931,242125
718,nali,6,0.00248,237989,98.29179,242125
719,nategraf,6,0.00248,237995,98.29427,242125
720,nateprewitt,6,0.00248,238001,98.29675,242125
721,ning-github,6,0.00248,238007,98.29923,242125
722,not-an-aardvark,6,0.00248,238013,98.30170,242125
723,obriensystems,6,0.00248,238019,98.30418,242125
724,oliversalzburg,6,0.00248,238025,98.30666,242125
725,omeid,6,0.00248,238031,98.30914,242125
726,panva,6,0.00248,238037,98.31162,242125
727,qizha,6,0.00248,238043,98.31409,242125
728,rajansingh10,6,0.00248,238049,98.31657,242125
729,reggi,6,0.00248,238055,98.31905,242125
730,Richienb,6,0.00248,238061,98.32153,242125
731,rickhanlonii,6,0.00248,238067,98.32401,242125
732,robphoenix,6,0.00248,238073,98.32648,242125
733,roji,6,0.00248,238079,98.32896,242125
734,ronaldtse,6,0.00248,238085,98.33144,242125
735,schen381,6,0.00248,238091,98.33392,242125
736,sharwell,6,0.00248,238097,98.33640,242125
737,shiftylogic,6,0.00248,238103,98.33887,242125
738,snout-o,6,0.00248,238109,98.34135,242125
739,sourabhmodi,6,0.00248,238115,98.34383,242125
740,stain,6,0.00248,238121,98.34631,242125
741,stevenyxu,6,0.00248,238127,98.34879,242125
742,swgillespie,6,0.00248,238133,98.35126,242125
743,tatsuhiro-t,6,0.00248,238139,98.35374,242125
744,TehShrike,6,0.00248,238145,98.35622,242125
745,tintoy,6,0.00248,238151,98.35870,242125
746,vargaz,6,0.00248,238157,98.36118,242125
747,viktorklang,6,0.00248,238163,98.36366,242125
748,yursha,6,0.00248,238169,98.36613,242125
749,ababkov,5,0.00207,238174,98.36820,242125
750,adiaaida,5,0.00207,238179,98.37026,242125
751,adityamandaleeka,5,0.00207,238184,98.37233,242125
752,aickin,5,0.00207,238189,98.37439,242125
753,alanorth,5,0.00207,238194,98.37646,242125
754,alfaproject,5,0.00207,238199,98.37852,242125
755,amogilev,5,0.00207,238204,98.38059,242125
756,AndreasCag,5,0.00207,238209,98.38265,242125
757,andrleite,5,0.00207,238214,98.38472,242125
758,avindra,5,0.00207,238219,98.38678,242125
759,beeman,5,0.00207,238224,98.38885,242125
760,BruceForstall,5,0.00207,238229,98.39091,242125
761,chentsulin,5,0.00207,238234,98.39298,242125
762,crosscompile,5,0.00207,238239,98.39504,242125
763,dantman,5,0.00207,238244,98.39711,242125
764,davmason,5,0.00207,238249,98.39917,242125
765,demohi,5,0.00207,238254,98.40124,242125
766,dschenkelman,5,0.00207,238259,98.40330,242125
767,dseefeld,5,0.00207,238264,98.40537,242125
768,DylanPiercey,5,0.00207,238269,98.40743,242125
769,elyobo,5,0.00207,238274,98.40950,242125
770,epeli,5,0.00207,238279,98.41156,242125
771,eps1lon,5,0.00207,238284,98.41363,242125
772,erozenfeld,5,0.00207,238289,98.41569,242125
773,EtaiG,5,0.00207,238294,98.41776,242125
774,Eunix,5,0.00207,238299,98.41982,242125
775,fat,5,0.00207,238304,98.42189,242125
776,foolip,5,0.00207,238309,98.42395,242125
777,gillyb,5,0.00207,238314,98.42602,242125
778,hann013,5,0.00207,238319,98.42808,242125
779,iz4blue,5,0.00207,238324,98.43015,242125
780,jeffmo,5,0.00207,238329,98.43221,242125
781,jergason,5,0.00207,238334,98.43428,242125
782,jesselpalmer,5,0.00207,238339,98.43634,242125
783,jlavallee,5,0.00207,238344,98.43841,242125
784,jmezach,5,0.00207,238349,98.44047,242125
785,JoeCortopassi,5,0.00207,238354,98.44254,242125
786,kasiabulat,5,0.00207,238359,98.44461,242125
787,keeratsingh,5,0.00207,238364,98.44667,242125
788,kevinburke,5,0.00207,238369,98.44874,242125
789,KKhurin,5,0.00207,238374,98.45080,242125
790,lander2k2,5,0.00207,238379,98.45287,242125
791,leecow,5,0.00207,238384,98.45493,242125
792,lextiz,5,0.00207,238389,98.45700,242125
793,LitoMore,5,0.00207,238394,98.45906,242125
794,lnfnunes,5,0.00207,238399,98.46113,242125
795,louy,5,0.00207,238404,98.46319,242125
796,maltefiala,5,0.00207,238409,98.46526,242125
797,manughub,5,0.00207,238414,98.46732,242125
798,markstos,5,0.00207,238419,98.46939,242125
799,marob,5,0.00207,238424,98.47145,242125
800,michal-franc,5,0.00207,238429,98.47352,242125
801,middagj,5,0.00207,238434,98.47558,242125
802,mohsen1,5,0.00207,238439,98.47765,242125
803,monkeywithacupcake,5,0.00207,238444,98.47971,242125
804,Morishiri,5,0.00207,238449,98.48178,242125
805,msmeissn,5,0.00207,238454,98.48384,242125
806,nchikanov,5,0.00207,238459,98.48591,242125
807,nordligulv,5,0.00207,238464,98.48797,242125
808,ORESoftware,5,0.00207,238469,98.49004,242125
809,orta,5,0.00207,238474,98.49210,242125
810,peteretelej,5,0.00207,238479,98.49417,242125
811,pluma,5,0.00207,238484,98.49623,242125
812,raboof,5,0.00207,238489,98.49830,242125
813,repinel,5,0.00207,238494,98.50036,242125
814,RobJohnston,5,0.00207,238499,98.50243,242125
815,rosskevin,5,0.00207,238504,98.50449,242125
816,RReverser,5,0.00207,238509,98.50656,242125
817,rschmitt,5,0.00207,238514,98.50862,242125
818,ScottSWu,5,0.00207,238519,98.51069,242125
819,seans3,5,0.00207,238524,98.51275,242125
820,sebastienros,5,0.00207,238529,98.51482,242125
821,sfuhrm,5,0.00207,238534,98.51688,242125
822,simo5,5,0.00207,238539,98.51895,242125
823,solomax,5,0.00207,238544,98.52101,242125
824,STRML,5,0.00207,238549,98.52308,242125
825,stroncium,5,0.00207,238554,98.52514,242125
826,TedSander,5,0.00207,238559,98.52721,242125
827,thefourtheye,5,0.00207,238564,98.52927,242125
828,tjcelaya,5,0.00207,238569,98.53134,242125
829,tjvantoll,5,0.00207,238574,98.53340,242125
830,tmurakam,5,0.00207,238579,98.53547,242125
831,tomByrer,5,0.00207,238584,98.53753,242125
832,WikiDiscoverer,5,0.00207,238589,98.53960,242125
833,yizhang82,5,0.00207,238594,98.54166,242125
834,zbjornson,5,0.00207,238599,98.54373,242125
835,ztsmith,5,0.00207,238604,98.54579,242125
836,2m,4,0.00165,238608,98.54744,242125
837,AdriVanHoudt,4,0.00165,238612,98.54910,242125
838,Airblader,4,0.00165,238616,98.55075,242125
839,alexanderrtaylor,4,0.00165,238620,98.55240,242125
840,AlfredoMS,4,0.00165,238624,98.55405,242125
841,alisianoi,4,0.00165,238628,98.55570,242125
842,AndersDJohnson,4,0.00165,238632,98.55736,242125
843,aorinevo,4,0.00165,238636,98.55901,242125
844,aroben,4,0.00165,238640,98.56066,242125
845,asnowwolf,4,0.00165,238644,98.56231,242125
846,audionerd,4,0.00165,238648,98.56396,242125
847,augusto-cdxs,4,0.00165,238652,98.56562,242125
848,b3vegan,4,0.00165,238656,98.56727,242125
849,barney2k7,4,0.00165,238660,98.56892,242125
850,beatgammit,4,0.00165,238664,98.57057,242125
851,benmosher,4,0.00165,238668,98.57223,242125
852,bfred-it,4,0.00165,238672,98.57388,242125
853,bmeck,4,0.00165,238676,98.57553,242125
854,boenrobot,4,0.00165,238680,98.57718,242125
855,brandon93s,4,0.00165,238684,98.57883,242125
856,cakofony,4,0.00165,238688,98.58049,242125
857,carltonf,4,0.00165,238692,98.58214,242125
858,cbaker423,4,0.00165,238696,98.58379,242125
859,cheapsteak,4,0.00165,238700,98.58544,242125
860,cheenamalhotra,4,0.00165,238704,98.58709,242125
861,chicoxyzzy,4,0.00165,238708,98.58875,242125
862,cjihrig,4,0.00165,238712,98.59040,242125
863,CompuIves,4,0.00165,238716,98.59205,242125
864,cshung,4,0.00165,238720,98.59370,242125
865,ctaggart,4,0.00165,238724,98.59535,242125
866,cyan33,4,0.00165,238728,98.59701,242125
867,david-proctor,4,0.00165,238732,98.59866,242125
868,davkean,4,0.00165,238736,98.60031,242125
869,delgurth,4,0.00165,238740,98.60196,242125
870,DenrizSusam,4,0.00165,238744,98.60361,242125
871,dickwall,4,0.00165,238748,98.60527,242125
872,dimitrisli,4,0.00165,238752,98.60692,242125
873,disjukr,4,0.00165,238756,98.60857,242125
874,dnozay,4,0.00165,238760,98.61022,242125
875,donaldpipowitch,4,0.00165,238764,98.61187,242125
876,don-vip,4,0.00165,238768,98.61353,242125
877,ducminhn,4,0.00165,238772,98.61518,242125
878,eadamsintel,4,0.00165,238776,98.61683,242125
879,edtan,4,0.00165,238780,98.61848,242125
880,eed3si9n,4,0.00165,238784,98.62013,242125
881,eirslett,4,0.00165,238788,98.62179,242125
882,ElanHasson,4,0.00165,238792,98.62344,242125
883,elgalu,4,0.00165,238796,98.62509,242125
884,ericelliott,4,0.00165,238800,98.62674,242125
885,ericnakagawa,4,0.00165,238804,98.62839,242125
886,erik-krogh,4,0.00165,238808,98.63005,242125
887,EsrefDurna,4,0.00165,238812,98.63170,242125
888,EvanCarroll,4,0.00165,238816,98.63335,242125
889,ExplodingCabbage,4,0.00165,238820,98.63500,242125
890,ffflorian,4,0.00165,238824,98.63665,242125
891,fidian,4,0.00165,238828,98.63831,242125
892,gajus,4,0.00165,238832,98.63996,242125
893,geekysrm,4,0.00165,238836,98.64161,242125
894,glenjamin,4,0.00165,238840,98.64326,242125
895,gnarf,4,0.00165,238844,98.64491,242125
896,gre,4,0.00165,238848,98.64657,242125
897,guptasourabh04,4,0.00165,238852,98.64822,242125
898,hildjj,4,0.00165,238856,98.64987,242125
899,Hypnosphi,4,0.00165,238860,98.65152,242125
900,ianwalter,4,0.00165,238864,98.65318,242125
901,IljaDaderko,4,0.00165,238868,98.65483,242125
902,intellix,4,0.00165,238872,98.65648,242125
903,ioanacrant,4,0.00165,238876,98.65813,242125
904,jacklaurencegaray,4,0.00165,238880,98.65978,242125
905,jamestalmage,4,0.00165,238884,98.66144,242125
906,janpio,4,0.00165,238888,98.66309,242125
907,jaredpar,4,0.00165,238892,98.66474,242125
908,jaredpetersen,4,0.00165,238896,98.66639,242125
909,jayphelps,4,0.00165,238900,98.66804,242125
910,jeffomatic,4,0.00165,238904,98.66970,242125
911,jesstelford,4,0.00165,238908,98.67135,242125
912,jifeon,4,0.00165,238912,98.67300,242125
913,joelbraun,4,0.00165,238916,98.67465,242125
914,josguil,4,0.00165,238920,98.67630,242125
915,Jozkee,4,0.00165,238924,98.67796,242125
916,jugglinmike,4,0.00165,238928,98.67961,242125
917,justingrant,4,0.00165,238932,98.68126,242125
918,juthilo,4,0.00165,238936,98.68291,242125
919,kborchers,4,0.00165,238940,98.68456,242125
920,Kingwl,4,0.00165,238944,98.68622,242125
921,Laisky,4,0.00165,238948,98.68787,242125
922,lencioni,4,0.00165,238952,98.68952,242125
923,lipis,4,0.00165,238956,98.69117,242125
924,LukasDrgon,4,0.00165,238960,98.69282,242125
925,lvarayut,4,0.00165,238964,98.69448,242125
926,lyubomyr-shaydariv,4,0.00165,238968,98.69613,242125
927,markspolakovs,4,0.00165,238972,98.69778,242125
928,marvinhagemeister,4,0.00165,238976,98.69943,242125
929,mattbrundage,4,0.00165,238980,98.70108,242125
930,matthewjohnston4,4,0.00165,238984,98.70274,242125
931,mboudreau,4,0.00165,238988,98.70439,242125
932,mdedetrich,4,0.00165,238992,98.70604,242125
933,mfunkie,4,0.00165,238996,98.70769,242125
934,MidnightWonderer,4,0.00165,239000,98.70934,242125
935,mirabilos,4,0.00165,239004,98.71100,242125
936,mitchellwills,4,0.00165,239008,98.71265,242125
937,monkpit,4,0.00165,239012,98.71430,242125
938,morenoh149,4,0.00165,239016,98.71595,242125
939,mortonfox,4,0.00165,239020,98.71760,242125
940,motiz88,4,0.00165,239024,98.71926,242125
941,m-sp,4,0.00165,239028,98.72091,242125
942,natemcmaster,4,0.00165,239032,98.72256,242125
943,nateq314,4,0.00165,239036,98.72421,242125
944,noscripter,4,0.00165,239040,98.72586,242125
945,nowells,4,0.00165,239044,98.72752,242125
946,ntwb,4,0.00165,239048,98.72917,242125
947,OmicronPersei,4,0.00165,239052,98.73082,242125
948,omouse,4,0.00165,239056,98.73247,242125
949,oscar-stripe,4,0.00165,239060,98.73412,242125
950,OwnageIsMagic,4,0.00165,239064,98.73578,242125
951,paulceli,4,0.00165,239068,98.73743,242125
952,perrin4869,4,0.00165,239072,98.73908,242125
953,poke,4,0.00165,239076,98.74073,242125
954,proth1,4,0.00165,239080,98.74239,242125
955,psachin,4,0.00165,239084,98.74404,242125
956,remal,4,0.00165,239088,98.74569,242125
957,rluba,4,0.00165,239092,98.74734,242125
958,rob-spoor,4,0.00165,239096,98.74899,242125
959,rtack,4,0.00165,239100,98.75065,242125
960,ruoho,4,0.00165,239104,98.75230,242125
961,ryysud,4,0.00165,239108,98.75395,242125
962,selbekk,4,0.00165,239112,98.75560,242125
963,serima,4,0.00165,239116,98.75725,242125
964,shahata,4,0.00165,239120,98.75891,242125
965,simon04,4,0.00165,239124,98.76056,242125
966,StephenFluin,4,0.00165,239128,98.76221,242125
967,Stolr,4,0.00165,239132,98.76386,242125
968,sywhang,4,0.00165,239136,98.76551,242125
969,taion,4,0.00165,239140,98.76717,242125
970,thekiba,4,0.00165,239144,98.76882,242125
971,thomasmey,4,0.00165,239148,98.77047,242125
972,tobiasschweizer,4,0.00165,239152,98.77212,242125
973,Urigo,4,0.00165,239156,98.77377,242125
974,usmonster,4,0.00165,239160,98.77543,242125
975,verhas,4,0.00165,239164,98.77708,242125
976,wi-ski,4,0.00165,239168,98.77873,242125
977,wtgtybhertgeghgtwtg,4,0.00165,239172,98.78038,242125
978,xkxx,4,0.00165,239176,98.78203,242125
979,xt0rted,4,0.00165,239180,98.78369,242125
980,ZDroid,4,0.00165,239184,98.78534,242125
981,Zenexer,4,0.00165,239188,98.78699,242125
982,zoechi,4,0.00165,239192,98.78864,242125
983,adrogon,3,0.00124,239195,98.78988,242125
984,aheckmann,3,0.00124,239198,98.79112,242125
985,ajaygm,3,0.00124,239201,98.79236,242125
986,aldermoovel,3,0.00124,239204,98.79360,242125
987,Alhadis,3,0.00124,239207,98.79484,242125
988,amitport,3,0.00124,239210,98.79608,242125
989,aquavitae,3,0.00124,239213,98.79732,242125
990,askpt,3,0.00124,239216,98.79855,242125
991,basarat,3,0.00124,239219,98.79979,242125
992,bcomnes,3,0.00124,239222,98.80103,242125
993,benjamn,3,0.00124,239225,98.80227,242125
994,BernhardRode,3,0.00124,239228,98.80351,242125
995,bhanuprasad14,3,0.00124,239231,98.80475,242125
996,bjori,3,0.00124,239234,98.80599,242125
997,BlockLabTV,3,0.00124,239237,98.80723,242125
998,blowdart,3,0.00124,239240,98.80847,242125
999,bluelovers,3,0.00124,239243,98.80971,242125
1000,bradlygreen,3,0.00124,239246,98.81094,242125
1001,BrennanConroy,3,0.00124,239249,98.81218,242125
1002,Brooooooklyn,3,0.00124,239252,98.81342,242125
1003,callumlocke,3,0.00124,239255,98.81466,242125
1004,centromere,3,0.00124,239258,98.81590,242125
1005,chrishiestand,3,0.00124,239261,98.81714,242125
1006,cmfcmf,3,0.00124,239264,98.81838,242125
1007,cmilam87,3,0.00124,239267,98.81962,242125
1008,colinmorelli,3,0.00124,239270,98.82086,242125
1009,contextshuffling,3,0.00124,239273,98.82210,242125
1010,craigdanj,3,0.00124,239276,98.82334,242125
1011,dandv,3,0.00124,239279,98.82457,242125
1012,danielhusar,3,0.00124,239282,98.82581,242125
1013,DanielSeehausen,3,0.00124,239285,98.82705,242125
1014,DanLipsitt,3,0.00124,239288,98.82829,242125
1015,daveisfera,3,0.00124,239291,98.82953,242125
1016,davidaurelio,3,0.00124,239294,98.83077,242125
1017,davidkarlsen,3,0.00124,239297,98.83201,242125
1018,daxtens,3,0.00124,239300,98.83325,242125
1019,dcherman,3,0.00124,239303,98.83449,242125
1020,deinok,3,0.00124,239306,98.83573,242125
1021,Deklin,3,0.00124,239309,98.83696,242125
1022,denis-sokolov,3,0.00124,239312,98.83820,242125
1023,dongjoon-hyun,3,0.00124,239315,98.83944,242125
1024,dosentmatter,3,0.00124,239318,98.84068,242125
1025,doughd,3,0.00124,239321,98.84192,242125
1026,drcrallen,3,0.00124,239324,98.84316,242125
1027,drumonii,3,0.00124,239327,98.84440,242125
1028,dzuremar,3,0.00124,239330,98.84564,242125
1029,eflorespalma,3,0.00124,239333,98.84688,242125
1030,egor-n,3,0.00124,239336,98.84812,242125
1031,ehershey,3,0.00124,239339,98.84935,242125
1032,eightnoneone,3,0.00124,239342,98.85059,242125
1033,farzonl,3,0.00124,239345,98.85183,242125
1034,fatihafizoglu,3,0.00124,239348,98.85307,242125
1035,ForJing,3,0.00124,239351,98.85431,242125
1036,francoischalifour,3,0.00124,239354,98.85555,242125
1037,frozencemetery,3,0.00124,239357,98.85679,242125
1038,gavlyukovskiy,3,0.00124,239360,98.85803,242125
1039,govindrai,3,0.00124,239363,98.85927,242125
1040,Gozala,3,0.00124,239366,98.86051,242125
1041,greysteil,3,0.00124,239369,98.86174,242125
1042,gsans,3,0.00124,239372,98.86298,242125
1043,gswalden,3,0.00124,239375,98.86422,242125
1044,hankduan,3,0.00124,239378,98.86546,242125
1045,haraldreingruber,3,0.00124,239381,98.86670,242125
1046,Hearen,3,0.00124,239384,98.86794,242125
1047,horprogs,3,0.00124,239387,98.86918,242125
1048,hsingh23,3,0.00124,239390,98.87042,242125
1049,hughsk,3,0.00124,239393,98.87166,242125
1050,hzamani,3,0.00124,239396,98.87290,242125
1051,icambron,3,0.00124,239399,98.87414,242125
1052,iemejia,3,0.00124,239402,98.87537,242125
1053,imsky,3,0.00124,239405,98.87661,242125
1054,ionspin,3,0.00124,239408,98.87785,242125
1055,isiahmeadows,3,0.00124,239411,98.87909,242125
1056,JacoKoster,3,0.00124,239414,98.88033,242125
1057,janekdb,3,0.00124,239417,98.88157,242125
1058,jasnell,3,0.00124,239420,98.88281,242125
1059,JBallin,3,0.00124,239423,98.88405,242125
1060,JBtje,3,0.00124,239426,98.88529,242125
1061,JobLeonard,3,0.00124,239429,98.88653,242125
1062,jochenw,3,0.00124,239432,98.88776,242125
1063,joeledwards,3,0.00124,239435,98.88900,242125
1064,JohnChen0,3,0.00124,239438,98.89024,242125
1065,johnchen902,3,0.00124,239441,98.89148,242125
1066,johngmyers,3,0.00124,239444,98.89272,242125
1067,jokeyrhyme,3,0.00124,239447,98.89396,242125
1068,jonbretman,3,0.00124,239450,98.89520,242125
1069,JosephPecoraro,3,0.00124,239453,98.89644,242125
1070,jsina,3,0.00124,239456,98.89768,242125
1071,jtheoof,3,0.00124,239459,98.89892,242125
1072,JunSun17,3,0.00124,239462,98.90015,242125
1073,jure,3,0.00124,239465,98.90139,242125
1074,jwalton,3,0.00124,239468,98.90263,242125
1075,jwandrews,3,0.00124,239471,98.90387,242125
1076,kaycebasques,3,0.00124,239474,98.90511,242125
1077,kevinashworth,3,0.00124,239477,98.90635,242125
1078,KimBurgess,3,0.00124,239480,98.90759,242125
1079,kingisaac95,3,0.00124,239483,98.90883,242125
1080,kirill-usov,3,0.00124,239486,98.91007,242125
1081,klieber,3,0.00124,239489,98.91131,242125
1082,kmarinushkin,3,0.00124,239492,98.91255,242125
1083,knowbody,3,0.00124,239495,98.91378,242125
1084,kunagpal,3,0.00124,239498,98.91502,242125
1085,lajones,3,0.00124,239501,98.91626,242125
1086,leebyron,3,0.00124,239504,98.91750,242125
1087,lexjacobs,3,0.00124,239507,98.91874,242125
1088,Lixire,3,0.00124,239510,98.91998,242125
1089,lookfirst,3,0.00124,239513,98.92122,242125
1090,lovasoa,3,0.00124,239516,98.92246,242125
1091,lrsmith,3,0.00124,239519,98.92370,242125
1092,lucasleelz,3,0.00124,239522,98.92494,242125
1093,lysannef,3,0.00124,239525,98.92617,242125
1094,m0mus,3,0.00124,239528,98.92741,242125
1095,mairaw,3,0.00124,239531,98.92865,242125
1096,marclaval,3,0.00124,239534,98.92989,242125
1097,mark007,3,0.00124,239537,98.93113,242125
1098,markus1189,3,0.00124,239540,98.93237,242125
1099,martine,3,0.00124,239543,98.93361,242125
1100,martinheidegger,3,0.00124,239546,98.93485,242125
1101,mathieumg,3,0.00124,239549,98.93609,242125
1102,mausch,3,0.00124,239552,98.93733,242125
1103,m-burst,3,0.00124,239555,98.93856,242125
1104,mebigfatguy,3,0.00124,239558,98.93980,242125
1105,MeiKatz,3,0.00124,239561,98.94104,242125
1106,melloc,3,0.00124,239564,98.94228,242125
1107,MeyerNils,3,0.00124,239567,98.94352,242125
1108,MichaelSimons,3,0.00124,239570,98.94476,242125
1109,mikermcneil,3,0.00124,239573,98.94600,242125
1110,mike-rogers,3,0.00124,239576,98.94724,242125
1111,mikkomaunu,3,0.00124,239579,98.94848,242125
1112,misacorn,3,0.00124,239582,98.94972,242125
1113,miyajan,3,0.00124,239585,98.95096,242125
1114,mjhea0,3,0.00124,239588,98.95219,242125
1115,mohd-akram,3,0.00124,239591,98.95343,242125
1116,moorage,3,0.00124,239594,98.95467,242125
1117,morriq,3,0.00124,239597,98.95591,242125
1118,mrcoles,3,0.00124,239600,98.95715,242125
1119,msmania,3,0.00124,239603,98.95839,242125
1120,murphysean,3,0.00124,239606,98.95963,242125
1121,nanjingboy,3,0.00124,239609,98.96087,242125
1122,naturalwarren,3,0.00124,239612,98.96211,242125
1123,Nicholaiii,3,0.00124,239615,98.96335,242125
1124,nicojs,3,0.00124,239618,98.96458,242125
1125,NightlyNexus,3,0.00124,239621,98.96582,242125
1126,NiklasMerz,3,0.00124,239624,98.96706,242125
1127,NothingEverHappens,3,0.00124,239627,98.96830,242125
1128,oGsLP,3,0.00124,239630,98.96954,242125
1129,oliviertassinari,3,0.00124,239633,98.97078,242125
1130,onovotny,3,0.00124,239636,98.97202,242125
1131,onpaws,3,0.00124,239639,98.97326,242125
1132,onstring,3,0.00124,239642,98.97450,242125
1133,orischwartz,3,0.00124,239645,98.97574,242125
1134,partheseas,3,0.00124,239648,98.97697,242125
1135,pedrottimark,3,0.00124,239651,98.97821,242125
1136,peterfuwork,3,0.00124,239654,98.97945,242125
1137,petetnt,3,0.00124,239657,98.98069,242125
1138,phapdinh,3,0.00124,239660,98.98193,242125
1139,pieceofsummer,3,0.00124,239663,98.98317,242125
1140,pjohnmeyer,3,0.00124,239666,98.98441,242125
1141,pocesar,3,0.00124,239669,98.98565,242125
1142,popey456963,3,0.00124,239672,98.98689,242125
1143,pprindeville,3,0.00124,239675,98.98813,242125
1144,PunKeel,3,0.00124,239678,98.98936,242125
1145,rauchg,3,0.00124,239681,98.99060,242125
1146,RByers,3,0.00124,239684,98.99184,242125
1147,reedloden,3,0.00124,239687,98.99308,242125
1148,reiz,3,0.00124,239690,98.99432,242125
1149,rharter,3,0.00124,239693,98.99556,242125
1150,rhernandez35,3,0.00124,239696,98.99680,242125
1151,RicardoVaranda,3,0.00124,239699,98.99804,242125
1152,RobertKielty,3,0.00124,239702,98.99928,242125
1153,robstoll,3,0.00124,239705,99.00052,242125
1154,rolodato,3,0.00124,239708,99.00176,242125
1155,rriggin,3,0.00124,239711,99.00299,242125
1156,rrthomas,3,0.00124,239714,99.00423,242125
1157,rs017991,3,0.00124,239717,99.00547,242125
1158,ruiaraujo,3,0.00124,239720,99.00671,242125
1159,sahan91,3,0.00124,239723,99.00795,242125
1160,sanex3339,3,0.00124,239726,99.00919,242125
1161,santipalenque,3,0.00124,239729,99.01043,242125
1162,sebdeckers,3,0.00124,239732,99.01167,242125
1163,Sebmaster,3,0.00124,239735,99.01291,242125
1164,sebnow,3,0.00124,239738,99.01415,242125
1165,SensitiveMix,3,0.00124,239741,99.01538,242125
1166,sethpollack,3,0.00124,239744,99.01662,242125
1167,sfackler,3,0.00124,239747,99.01786,242125
1168,Shingyx,3,0.00124,239750,99.01910,242125
1169,ShivanKaul,3,0.00124,239753,99.02034,242125
1170,shrah,3,0.00124,239756,99.02158,242125
1171,shrasool,3,0.00124,239759,99.02282,242125
1172,silvenon,3,0.00124,239762,99.02406,242125
1173,smoke,3,0.00124,239765,99.02530,242125
1174,sobolevn,3,0.00124,239768,99.02654,242125
1175,Spikhalskiy,3,0.00124,239771,99.02777,242125
1176,stevezhu,3,0.00124,239774,99.02901,242125
1177,styfle,3,0.00124,239777,99.03025,242125
1178,tarikulsabbir,3,0.00124,239780,99.03149,242125
1179,tatsuyafw,3,0.00124,239783,99.03273,242125
1180,tbroadley,3,0.00124,239786,99.03397,242125
1181,TheRoSS,3,0.00124,239789,99.03521,242125
1182,th-ko,3,0.00124,239792,99.03645,242125
1183,tienpham94,3,0.00124,239795,99.03769,242125
1184,tIGO,3,0.00124,239798,99.03893,242125
1185,tinchou,3,0.00124,239801,99.04017,242125
1186,tnguyen14,3,0.00124,239804,99.04140,242125
1187,tobegit3hub,3,0.00124,239807,99.04264,242125
1188,tombuildsstuff,3,0.00124,239810,99.04388,242125
1189,tonylukasavage,3,0.00124,239813,99.04512,242125
1190,TooTallNate,3,0.00124,239816,99.04636,242125
1191,tracker1,3,0.00124,239819,99.04760,242125
1192,trbngr,3,0.00124,239822,99.04884,242125
1193,trevorlinton,3,0.00124,239825,99.05008,242125
1194,trshafer,3,0.00124,239828,99.05132,242125
1195,tstringer,3,0.00124,239831,99.05256,242125
1196,ttowncompiled,3,0.00124,239834,99.05379,242125
1197,tuannvm,3,0.00124,239837,99.05503,242125
1198,Vadorequest,3,0.00124,239840,99.05627,242125
1199,vapier,3,0.00124,239843,99.05751,242125
1200,vinayvishal,3,0.00124,239846,99.05875,242125
1201,vitek-karas,3,0.00124,239849,99.05999,242125
1202,vlbee,3,0.00124,239852,99.06123,242125
1203,watson,3,0.00124,239855,99.06247,242125
1204,wilgert,3,0.00124,239858,99.06371,242125
1205,wmertens,3,0.00124,239861,99.06495,242125
1206,wub,3,0.00124,239864,99.06618,242125
1207,yangmillstheory,3,0.00124,239867,99.06742,242125
1208,yasirmhd,3,0.00124,239870,99.06866,242125
1209,ymekuria,3,0.00124,239873,99.06990,242125
1210,zhangyi089,3,0.00124,239876,99.07114,242125
1211,zjmiller,3,0.00124,239879,99.07238,242125
1212,zzz40500,3,0.00124,239882,99.07362,242125
1213,0xced,2,0.00083,239884,99.07445,242125
1214,0xflotus,2,0.00083,239886,99.07527,242125
1215,333fred,2,0.00083,239888,99.07610,242125
1216,8398a7,2,0.00083,239890,99.07692,242125
1217,aackerman,2,0.00083,239892,99.07775,242125
1218,A-And,2,0.00083,239894,99.07858,242125
1219,abalmos,2,0.00083,239896,99.07940,242125
1220,adamretter,2,0.00083,239898,99.08023,242125
1221,AdamWill,2,0.00083,239900,99.08105,242125
1222,adamyi,2,0.00083,239902,99.08188,242125
1223,adarrra,2,0.00083,239904,99.08271,242125
1224,adekbadek,2,0.00083,239906,99.08353,242125
1225,aelij,2,0.00083,239908,99.08436,242125
1226,afitiskin,2,0.00083,239910,99.08518,242125
1227,agray,2,0.00083,239912,99.08601,242125
1228,aianus,2,0.00083,239914,99.08684,242125
1229,ajcrowe,2,0.00083,239916,99.08766,242125
1230,ajfranzoia,2,0.00083,239918,99.08849,242125
1231,Alanscut,2,0.00083,239920,99.08931,242125
1232,albanm,2,0.00083,239922,99.09014,242125
1233,albertkang,2,0.00083,239924,99.09097,242125
1234,alehander42,2,0.00083,239926,99.09179,242125
1235,Aleksandyr,2,0.00083,239928,99.09262,242125
1236,AlekseyTs,2,0.00083,239930,99.09344,242125
1237,alexandrnikitin,2,0.00083,239932,99.09427,242125
1238,alexkrolick,2,0.00083,239934,99.09510,242125
1239,alfaslash,2,0.00083,239936,99.09592,242125
1240,alFReD-NSH,2,0.00083,239938,99.09675,242125
1241,alnikola,2,0.00083,239940,99.09757,242125
1242,alokmenghrajani,2,0.00083,239942,99.09840,242125
1243,ameyjadiye,2,0.00083,239944,99.09923,242125
1244,amohamme,2,0.00083,239946,99.10005,242125
1245,Anber,2,0.00083,239948,99.10088,242125
1246,andreitroiebbc,2,0.00083,239950,99.10170,242125
1247,andresroberto,2,0.00083,239952,99.10253,242125
1248,andyfleming,2,0.00083,239954,99.10336,242125
1249,angelo-v,2,0.00083,239956,99.10418,242125
1250,anibalardid,2,0.00083,239958,99.10501,242125
1251,anirudhramanan,2,0.00083,239960,99.10583,242125
1252,ankon,2,0.00083,239962,99.10666,242125
1253,anpete,2,0.00083,239964,99.10749,242125
1254,antonblanchard,2,0.00083,239966,99.10831,242125
1255,apaatsio,2,0.00083,239968,99.10914,242125
1256,arcana261,2,0.00083,239970,99.10996,242125
1257,armiiller,2,0.00083,239972,99.11079,242125
1258,arminsolecki,2,0.00083,239974,99.11162,242125
1259,armujahid,2,0.00083,239976,99.11244,242125
1260,arpitpandey0209,2,0.00083,239978,99.11327,242125
1261,artnez,2,0.00083,239980,99.11409,242125
1262,aschlapsi,2,0.00083,239982,99.11492,242125
1263,ashinzekene,2,0.00083,239984,99.11575,242125
1264,askhalil,2,0.00083,239986,99.11657,242125
1265,asottile,2,0.00083,239988,99.11740,242125
1266,atodorov,2,0.00083,239990,99.11822,242125
1267,autopulated,2,0.00083,239992,99.11905,242125
1268,azat,2,0.00083,239994,99.11988,242125
1269,B3zo0,2,0.00083,239996,99.12070,242125
1270,bahamas10,2,0.00083,239998,99.12153,242125
1271,banli17,2,0.00083,240000,99.12235,242125
1272,baopham,2,0.00083,240002,99.12318,242125
1273,bascoder,2,0.00083,240004,99.12401,242125
1274,bdougie,2,0.00083,240006,99.12483,242125
1275,behrangsa,2,0.00083,240008,99.12566,242125
1276,benatespina,2,0.00083,240010,99.12648,242125
1277,bengadbois,2,0.00083,240012,99.12731,242125
1278,benjaminp,2,0.00083,240014,99.12814,242125
1279,billymoon,2,0.00083,240016,99.12896,242125
1280,BinaryDevil,2,0.00083,240018,99.12979,242125
1281,bjarneo,2,0.00083,240020,99.13061,242125
1282,bkiselka,2,0.00083,240022,99.13144,242125
1283,BlueHatbRit,2,0.00083,240024,99.13227,242125
1284,bojand,2,0.00083,240026,99.13309,242125
1285,bokub,2,0.00083,240028,99.13392,242125
1286,brendo,2,0.00083,240030,99.13474,242125
1287,brettdh,2,0.00083,240032,99.13557,242125
1288,bripkens,2,0.00083,240034,99.13640,242125
1289,BrockBeaudry,2,0.00083,240036,99.13722,242125
1290,brycebaril,2,0.00083,240038,99.13805,242125
1291,bsingr,2,0.00083,240040,99.13887,242125
1292,btelles,2,0.00083,240042,99.13970,242125
1293,byronigoe,2,0.00083,240044,99.14053,242125
1294,bzoz,2,0.00083,240046,99.14135,242125
1295,calebboyd,2,0.00083,240048,99.14218,242125
1296,calebmer,2,0.00083,240050,99.14300,242125
1297,CarstenWickner,2,0.00083,240052,99.14383,242125
1298,cassianomon,2,0.00083,240054,99.14466,242125
1299,CatTail,2,0.00083,240056,99.14548,242125
1300,cbdeveloper,2,0.00083,240058,99.14631,242125
1301,ChadNedzlek,2,0.00083,240060,99.14713,242125
1302,chalup,2,0.00083,240062,99.14796,242125
1303,chanakasan,2,0.00083,240064,99.14879,242125
1304,charlierudolph,2,0.00083,240066,99.14961,242125
1305,charsleysa,2,0.00083,240068,99.15044,242125
1306,chrisdukakis,2,0.00083,240070,99.15126,242125
1307,christophercurrie,2,0.00083,240072,99.15209,242125
1308,christopher-s-hall,2,0.00083,240074,99.15292,242125
1309,cianclarke,2,0.00083,240076,99.15374,242125
1310,cif,2,0.00083,240078,99.15457,242125
1311,cminyard,2,0.00083,240080,99.15539,242125
1312,cn007b,2,0.00083,240082,99.15622,242125
1313,cneijenhuis,2,0.00083,240084,99.15705,242125
1314,CodeMan99,2,0.00083,240086,99.15787,242125
1315,CodyReichert,2,0.00083,240088,99.15870,242125
1316,colesimmons,2,0.00083,240090,99.15953,242125
1317,coleturner,2,0.00083,240092,99.16035,242125
1318,colindickson,2,0.00083,240094,99.16118,242125
1319,Coly010,2,0.00083,240096,99.16200,242125
1320,coreybutler,2,0.00083,240098,99.16283,242125
1321,coryhouse,2,0.00083,240100,99.16366,242125
1322,cos,2,0.00083,240102,99.16448,242125
1323,coxlinton,2,0.00083,240104,99.16531,242125
1324,crossjs,2,0.00083,240106,99.16613,242125
1325,ctavan,2,0.00083,240108,99.16696,242125
1326,cushon,2,0.00083,240110,99.16779,242125
1327,cwe1ss,2,0.00083,240112,99.16861,242125
1328,d2bit,2,0.00083,240114,99.16944,242125
1329,danryan,2,0.00083,240116,99.17026,242125
1330,danthegoodman,2,0.00083,240118,99.17109,242125
1331,dariusk,2,0.00083,240120,99.17192,242125
1332,DavidePastore,2,0.00083,240122,99.17274,242125
1333,DavSanchez,2,0.00083,240124,99.17357,242125
1334,DAXaholic,2,0.00083,240126,99.17439,242125
1335,daxian-dbw,2,0.00083,240128,99.17522,242125
1336,dblevins,2,0.00083,240130,99.17605,242125
1337,ddunkin,2,0.00083,240132,99.17687,242125
1338,deki,2,0.00083,240134,99.17770,242125
1339,delavara,2,0.00083,240136,99.17852,242125
1340,delirius325,2,0.00083,240138,99.17935,242125
1341,delitescere,2,0.00083,240140,99.18018,242125
1342,dhurlburtusa,2,0.00083,240142,99.18100,242125
1343,dianjuar,2,0.00083,240144,99.18183,242125
1344,dlax,2,0.00083,240146,99.18265,242125
1345,dmnd,2,0.00083,240148,99.18348,242125
1346,dnalborczyk,2,0.00083,240150,99.18431,242125
1347,domoritz,2,0.00083,240152,99.18513,242125
1348,dota17,2,0.00083,240154,99.18596,242125
1349,dot-asm,2,0.00083,240156,99.18678,242125
1350,dotLou,2,0.00083,240158,99.18761,242125
1351,douglasknudsen,2,0.00083,240160,99.18844,242125
1352,DQNEO,2,0.00083,240162,99.18926,242125
1353,DrPizza,2,0.00083,240164,99.19009,242125
1354,dsplaisted,2,0.00083,240166,99.19091,242125
1355,dushmis,2,0.00083,240168,99.19174,242125
1356,dveeden,2,0.00083,240170,99.19257,242125
1357,dwanderton,2,0.00083,240172,99.19339,242125
1358,ecnepsnai,2,0.00083,240174,99.19422,242125
1359,eddiemonge,2,0.00083,240176,99.19504,242125
1360,Eddman,2,0.00083,240178,99.19587,242125
1361,ehmicky,2,0.00083,240180,99.19670,242125
1362,Eisermann,2,0.00083,240182,99.19752,242125
1363,ejpbruel,2,0.00083,240184,99.19835,242125
1364,ekkis,2,0.00083,240186,99.19917,242125
1365,elkdanger,2,0.00083,240188,99.20000,242125
1366,eloytoro,2,0.00083,240190,99.20083,242125
1367,emilio,2,0.00083,240192,99.20165,242125
1368,EmilTholin,2,0.00083,240194,99.20248,242125
1369,ericcurtin,2,0.00083,240196,99.20330,242125
1370,Errorname,2,0.00083,240198,99.20413,242125
1371,eternalharvest,2,0.00083,240200,99.20496,242125
1372,Ethan-Arrowood,2,0.00083,240202,99.20578,242125
1373,evancarey,2,0.00083,240204,99.20661,242125
1374,fatso83,2,0.00083,240206,99.20743,242125
1375,felixyonex,2,0.00083,240208,99.20826,242125
1376,feloy,2,0.00083,240210,99.20909,242125
1377,fishbar,2,0.00083,240212,99.20991,242125
1378,FlashSheridan,2,0.00083,240214,99.21074,242125
1379,FokkeZB,2,0.00083,240216,99.21156,242125
1380,fommil,2,0.00083,240218,99.21239,242125
1381,fpoumian,2,0.00083,240220,99.21322,242125
1382,francisdb,2,0.00083,240222,99.21404,242125
1383,francois2metz,2,0.00083,240224,99.21487,242125
1384,frehner,2,0.00083,240226,99.21569,242125
1385,fridays,2,0.00083,240228,99.21652,242125
1386,frosas,2,0.00083,240230,99.21735,242125
1387,frostming,2,0.00083,240232,99.21817,242125
1388,fson,2,0.00083,240234,99.21900,242125
1389,GabrielNicolasAvellaneda,2,0.00083,240236,99.21982,242125
1390,gengjiawen,2,0.00083,240238,99.22065,242125
1391,ghuntley,2,0.00083,240240,99.22148,242125
1392,gkwang,2,0.00083,240242,99.22230,242125
1393,Glazy,2,0.00083,240244,99.22313,242125
1394,gnomeontherun,2,0.00083,240246,99.22395,242125
1395,goenning,2,0.00083,240248,99.22478,242125
1396,gonzalez,2,0.00083,240250,99.22561,242125
1397,gpspake,2,0.00083,240252,99.22643,242125
1398,grant,2,0.00083,240254,99.22726,242125
1399,Grasseh,2,0.00083,240256,99.22808,242125
1400,gregkalapos,2,0.00083,240258,99.22891,242125
1401,Gregoirevda,2,0.00083,240260,99.22974,242125
1402,gregturn,2,0.00083,240262,99.23056,242125
1403,guiguan,2,0.00083,240264,99.23139,242125
1404,gupash,2,0.00083,240266,99.23221,242125
1405,hairyhenderson,2,0.00083,240268,99.23304,242125
1406,halkeye,2,0.00083,240270,99.23387,242125
1407,hans-kinnek,2,0.00083,240272,99.23469,242125
1408,hbrotan,2,0.00083,240274,99.23552,242125
1409,hemp,2,0.00083,240276,99.23634,242125
1410,henderea,2,0.00083,240278,99.23717,242125
1411,henryqdineen,2,0.00083,240280,99.23800,242125
1412,heshamMassoud,2,0.00083,240282,99.23882,242125
1413,himynameisdave,2,0.00083,240284,99.23965,242125
1414,holyjak,2,0.00083,240286,99.24047,242125
1415,hotpxl,2,0.00083,240288,99.24130,242125
1416,humiaozuzu,2,0.00083,240290,99.24213,242125
1417,hxsf,2,0.00083,240292,99.24295,242125
1418,hzh,2,0.00083,240294,99.24378,242125
1419,iamdoron,2,0.00083,240296,99.24461,242125
1420,icholy,2,0.00083,240298,99.24543,242125
1421,ide,2,0.00083,240300,99.24626,242125
1422,idlerboris,2,0.00083,240302,99.24708,242125
1423,ieatfood,2,0.00083,240304,99.24791,242125
1424,igorline,2,0.00083,240306,99.24874,242125
1425,ilyasidorchik,2,0.00083,240308,99.24956,242125
1426,indutny,2,0.00083,240310,99.25039,242125
1427,infrastation,2,0.00083,240312,99.25121,242125
1428,istarkov,2,0.00083,240314,99.25204,242125
1429,itchyny,2,0.00083,240316,99.25287,242125
1430,jacobwgillespie,2,0.00083,240318,99.25369,242125
1431,jahraphael,2,0.00083,240320,99.25452,242125
1432,JakeChampion,2,0.00083,240322,99.25534,242125
1433,jakewins,2,0.00083,240324,99.25617,242125
1434,james-callahan,2,0.00083,240326,99.25700,242125
1435,jamesgpearce,2,0.00083,240328,99.25782,242125
1436,jamesward,2,0.00083,240330,99.25865,242125
1437,Jamim,2,0.00083,240332,99.25947,242125
1438,jamshedd,2,0.00083,240334,99.26030,242125
1439,JandersonConstantino,2,0.00083,240336,99.26113,242125
1440,jannic,2,0.00083,240338,99.26195,242125
1441,jaswilli,2,0.00083,240340,99.26278,242125
1442,javache,2,0.00083,240342,99.26360,242125
1443,jbarnettwomply,2,0.00083,240344,99.26443,242125
1444,jboavida,2,0.00083,240346,99.26526,242125
1445,jchris,2,0.00083,240348,99.26608,242125
1446,jcrben,2,0.00083,240350,99.26691,242125
1447,jcspader,2,0.00083,240352,99.26773,242125
1448,jd-carroll,2,0.00083,240354,99.26856,242125
1449,jdelStrother,2,0.00083,240356,99.26939,242125
1450,jdorfman,2,0.00083,240358,99.27021,242125
1451,jdufresne,2,0.00083,240360,99.27104,242125
1452,jedwards1211,2,0.00083,240362,99.27186,242125
1453,jeffschwMSFT,2,0.00083,240364,99.27269,242125
1454,jennifer-mann,2,0.00083,240366,99.27352,242125
1455,jeremenichelli,2,0.00083,240368,99.27434,242125
1456,jeremycline,2,0.00083,240370,99.27517,242125
1457,jermowery,2,0.00083,240372,99.27599,242125
1458,jerome-nelson,2,0.00083,240374,99.27682,242125
1459,jgalat,2,0.00083,240376,99.27765,242125
1460,jhabdas,2,0.00083,240378,99.27847,242125
1461,jimcarley,2,0.00083,240380,99.27930,242125
1462,jimthedev,2,0.00083,240382,99.28012,242125
1463,jisaacks,2,0.00083,240384,99.28095,242125
1464,jmendeth,2,0.00083,240386,99.28178,242125
1465,jniebuhr,2,0.00083,240388,99.28260,242125
1466,joearasin,2,0.00083,240390,99.28343,242125
1467,joej164,2,0.00083,240392,99.28425,242125
1468,joel-leitch,2,0.00083,240394,99.28508,242125
1469,joelongstreet,2,0.00083,240396,99.28591,242125
1470,johnhampton,2,0.00083,240398,99.28673,242125
1471,johnjbarton,2,0.00083,240400,99.28756,242125
1472,johnjohndoe,2,0.00083,240402,99.28838,242125
1473,joliss,2,0.00083,240404,99.28921,242125
1474,jonasfj,2,0.00083,240406,99.29004,242125
1475,jordanstephens,2,0.00083,240408,99.29086,242125
1476,joshalling,2,0.00083,240410,99.29169,242125
1477,joshcanhelp,2,0.00083,240412,99.29251,242125
1478,joshuagl,2,0.00083,240414,99.29334,242125
1479,joshuawilson,2,0.00083,240416,99.29417,242125
1480,joyzheng,2,0.00083,240418,99.29499,242125
1481,jrevillas,2,0.00083,240420,99.29582,242125
1482,juandiana,2,0.00083,240422,99.29664,242125
1483,julio-lopez,2,0.00083,240424,99.29747,242125
1484,julkwel,2,0.00083,240426,99.29830,242125
1485,JustATrick,2,0.00083,240428,99.29912,242125
1486,jvz,2,0.00083,240430,99.29995,242125
1487,Jwan622,2,0.00083,240432,99.30077,242125
1488,jwise,2,0.00083,240434,99.30160,242125
1489,kambleaa007,2,0.00083,240436,99.30243,242125
1490,kamranayub,2,0.00083,240438,99.30325,242125
1491,karlhorky,2,0.00083,240440,99.30408,242125
1492,keithamus,2,0.00083,240442,99.30490,242125
1493,kevinsimper,2,0.00083,240444,99.30573,242125
1494,kevinSuttle,2,0.00083,240446,99.30656,242125
1495,keyan,2,0.00083,240448,99.30738,242125
1496,kindy,2,0.00083,240450,99.30821,242125
1497,KirankumarAmbati,2,0.00083,240452,99.30903,242125
1498,kirk91,2,0.00083,240454,99.30986,242125
1499,KodrAus,2,0.00083,240456,99.31069,242125
1500,kor-k,2,0.00083,240458,99.31151,242125
1501,kostasp,2,0.00083,240460,99.31234,242125
1502,kpdecker,2,0.00083,240462,99.31316,242125
1503,kpping,2,0.00083,240464,99.31399,242125
1504,krusolu,2,0.00083,240466,99.31482,242125
1505,KyleAMathews,2,0.00083,240468,99.31564,242125
1506,lacolaco,2,0.00083,240470,99.31647,242125
1507,larsgrefer,2,0.00083,240472,99.31729,242125
1508,lazywithclass,2,0.00083,240474,99.31812,242125
1509,lbalmaceda,2,0.00083,240476,99.31895,242125
1510,LeSuisse,2,0.00083,240478,99.31977,242125
1511,libHive,2,0.00083,240480,99.32060,242125
1512,lidavidm,2,0.00083,240482,99.32142,242125
1513,lifeiscontent,2,0.00083,240484,99.32225,242125
1514,liff,2,0.00083,240486,99.32308,242125
1515,light24bulbs,2,0.00083,240488,99.32390,242125
1516,ligurio,2,0.00083,240490,99.32473,242125
1517,listton,2,0.00083,240492,99.32555,242125
1518,localheinz,2,0.00083,240494,99.32638,242125
1519,LoicMahieu,2,0.00083,240496,99.32721,242125
1520,lostintangent,2,0.00083,240498,99.32803,242125
1521,lox,2,0.00083,240500,99.32886,242125
1522,luigiberrettini,2,0.00083,240502,99.32969,242125
1523,lukehorvat,2,0.00083,240504,99.33051,242125
1524,lukewestby,2,0.00083,240506,99.33134,242125
1525,lvinniel,2,0.00083,240508,99.33216,242125
1526,magnificode,2,0.00083,240510,99.33299,242125
1527,maleetz,2,0.00083,240512,99.33382,242125
1528,marciopuga,2,0.00083,240514,99.33464,242125
1529,marcospassos,2,0.00083,240516,99.33547,242125
1530,marionebl,2,0.00083,240518,99.33629,242125
1531,markgardner,2,0.00083,240520,99.33712,242125
1532,MarkHerhold,2,0.00083,240522,99.33795,242125
1533,MarshallOfSound,2,0.00083,240524,99.33877,242125
1534,martinmcwhorter,2,0.00083,240526,99.33960,242125
1535,mastermatt,2,0.00083,240528,99.34042,242125
1536,matteofigus,2,0.00083,240530,99.34125,242125
1537,MatthewHerbst,2,0.00083,240532,99.34208,242125
1538,MatthiasKunnen,2,0.00083,240534,99.34290,242125
1539,mattjanssen,2,0.00083,240536,99.34373,242125
1540,mattpolzin,2,0.00083,240538,99.34455,242125
1541,mblair,2,0.00083,240540,99.34538,242125
1542,mdlavin,2,0.00083,240542,99.34621,242125
1543,mechpen,2,0.00083,240544,99.34703,242125
1544,megastef,2,0.00083,240546,99.34786,242125
1545,meirotstein,2,0.00083,240548,99.34868,242125
1546,mertdeg2,2,0.00083,240550,99.34951,242125
1547,mfitz3,2,0.00083,240552,99.35034,242125
1548,mgalgs,2,0.00083,240554,99.35116,242125
1549,mgolovatiy-atconsulting-ru,2,0.00083,240556,99.35199,242125
1550,mgravell,2,0.00083,240558,99.35281,242125
1551,miguelmota,2,0.00083,240560,99.35364,242125
1552,mihbor,2,0.00083,240562,99.35447,242125
1553,mikea,2,0.00083,240564,99.35529,242125
1554,MikeRalphson,2,0.00083,240566,99.35612,242125
1555,mirague,2,0.00083,240568,99.35694,242125
1556,moozzyk,2,0.00083,240570,99.35777,242125
1557,Morhaus,2,0.00083,240572,99.35860,242125
1558,Mottie,2,0.00083,240574,99.35942,242125
1559,mpfj,2,0.00083,240576,99.36025,242125
1560,mplonka,2,0.00083,240578,99.36107,242125
1561,mrjfox,2,0.00083,240580,99.36190,242125
1562,mtsmfm,2,0.00083,240582,99.36273,242125
1563,murbar,2,0.00083,240584,99.36355,242125
1564,mweibel,2,0.00083,240586,99.36438,242125
1565,MylesBorins,2,0.00083,240588,99.36520,242125
1566,Nadia--,2,0.00083,240590,99.36603,242125
1567,nahuel,2,0.00083,240592,99.36686,242125
1568,nanomosfet,2,0.00083,240594,99.36768,242125
1569,navaati,2,0.00083,240596,99.36851,242125
1570,nazieb,2,0.00083,240598,99.36933,242125
1571,nbali,2,0.00083,240600,99.37016,242125
1572,necinc,2,0.00083,240602,99.37099,242125
1573,nedbat,2,0.00083,240604,99.37181,242125
1574,negezor,2,0.00083,240606,99.37264,242125
1575,ngg,2,0.00083,240608,99.37346,242125
1576,nhodges,2,0.00083,240610,99.37429,242125
1577,NickPresta,2,0.00083,240612,99.37512,242125
1578,nimaa77,2,0.00083,240614,99.37594,242125
1579,noahfalk,2,0.00083,240616,99.37677,242125
1580,northtyphoon,2,0.00083,240618,99.37759,242125
1581,nowke,2,0.00083,240620,99.37842,242125
1582,nstdio,2,0.00083,240622,99.37925,242125
1583,ntkme,2,0.00083,240624,99.38007,242125
1584,ntotten,2,0.00083,240626,99.38090,242125
1585,ObsidianMinor,2,0.00083,240628,99.38172,242125
1586,odykyi,2,0.00083,240630,99.38255,242125
1587,olegsu,2,0.00083,240632,99.38338,242125
1588,Om4ar,2,0.00083,240634,99.38420,242125
1589,oncletom,2,0.00083,240636,99.38503,242125
1590,ooflorent,2,0.00083,240638,99.38585,242125
1591,orgads,2,0.00083,240640,99.38668,242125
1592,OzzieOrca,2,0.00083,240642,99.38751,242125
1593,pablonete,2,0.00083,240644,99.38833,242125
1594,pahdo,2,0.00083,240646,99.38916,242125
1595,palanik,2,0.00083,240648,99.38998,242125
1596,paniko0,2,0.00083,240650,99.39081,242125
1597,papandreou,2,0.00083,240652,99.39164,242125
1598,paulferaud,2,0.00083,240654,99.39246,242125
1599,pbi-qfs,2,0.00083,240656,99.39329,242125
1600,penx,2,0.00083,240658,99.39411,242125
1601,petercm,2,0.00083,240660,99.39494,242125
1602,peterpoe,2,0.00083,240662,99.39577,242125
1603,pevik,2,0.00083,240664,99.39659,242125
1604,PierreFritsch,2,0.00083,240666,99.39742,242125
1605,PiotrSikora,2,0.00083,240668,99.39824,242125
1606,pithu,2,0.00083,240670,99.39907,242125
1607,PixnBits,2,0.00083,240672,99.39990,242125
1608,pjfanning,2,0.00083,240674,99.40072,242125
1609,pleunv,2,0.00083,240676,99.40155,242125
1610,poizan42,2,0.00083,240678,99.40237,242125
1611,popomore,2,0.00083,240680,99.40320,242125
1612,portgasd666,2,0.00083,240682,99.40403,242125
1613,Pothulapati,2,0.00083,240684,99.40485,242125
1614,PoziWorld,2,0.00083,240686,99.40568,242125
1615,pselden,2,0.00083,240688,99.40650,242125
1616,Psidium,2,0.00083,240690,99.40733,242125
1617,ptoonen,2,0.00083,240692,99.40816,242125
1618,quocvu,2,0.00083,240694,99.40898,242125
1619,ravefalcon92,2,0.00083,240696,99.40981,242125
1620,raveslave,2,0.00083,240698,99.41064,242125
1621,raybooysen,2,0.00083,240700,99.41146,242125
1622,rbdrenn,2,0.00083,240702,99.41229,242125
1623,rdrgmnzs,2,0.00083,240704,99.41311,242125
1624,reda-alaoui,2,0.00083,240706,99.41394,242125
1625,rf,2,0.00083,240708,99.41477,242125
1626,rfkm,2,0.00083,240710,99.41559,242125
1627,rgansevles,2,0.00083,240712,99.41642,242125
1628,rgbkrk,2,0.00083,240714,99.41724,242125
1629,ricardohbin,2,0.00083,240716,99.41807,242125
1630,RichardBradley,2,0.00083,240718,99.41890,242125
1631,risseraka,2,0.00083,240720,99.41972,242125
1632,rkmlai,2,0.00083,240722,99.42055,242125
1633,rnglnd,2,0.00083,240724,99.42137,242125
1634,Rohitkrops,2,0.00083,240726,99.42220,242125
1635,ronnyroeller,2,0.00083,240728,99.42303,242125
1636,rootulp,2,0.00083,240730,99.42385,242125
1637,RpprRoger,2,0.00083,240732,99.42468,242125
1638,rrrene,2,0.00083,240734,99.42550,242125
1639,rwoodnz,2,0.00083,240736,99.42633,242125
1640,ryanmeador,2,0.00083,240738,99.42716,242125
1641,s1monw,2,0.00083,240740,99.42798,242125
1642,SadPandaBear,2,0.00083,240742,99.42881,242125
1643,Sakarisson,2,0.00083,240744,99.42963,242125
1644,salier,2,0.00083,240746,99.43046,242125
1645,samwgoldman,2,0.00083,240748,99.43129,242125
1646,sandynomad,2,0.00083,240750,99.43211,242125
1647,sassanh,2,0.00083,240752,99.43294,242125
1648,sassquad,2,0.00083,240754,99.43376,242125
1649,saxicek,2,0.00083,240756,99.43459,242125
1650,scheglov,2,0.00083,240758,99.43542,242125
1651,seanbright,2,0.00083,240760,99.43624,242125
1652,Sebring,2,0.00083,240762,99.43707,242125
1653,sereysethy,2,0.00083,240764,99.43789,242125
1654,sgbrown,2,0.00083,240766,99.43872,242125
1655,shirdrn,2,0.00083,240768,99.43955,242125
1656,shivijais,2,0.00083,240770,99.44037,242125
1657,shortspider,2,0.00083,240772,99.44120,242125
1658,shubheksha,2,0.00083,240774,99.44202,242125
1659,Siilwyn,2,0.00083,240776,99.44285,242125
1660,silasb,2,0.00083,240778,99.44368,242125
1661,silentroach,2,0.00083,240780,99.44450,242125
1662,simlu,2,0.00083,240782,99.44533,242125
1663,simoneb,2,0.00083,240784,99.44615,242125
1664,skryvets,2,0.00083,240786,99.44698,242125
1665,slavede,2,0.00083,240788,99.44781,242125
1666,SlexAxton,2,0.00083,240790,99.44863,242125
1667,slontis,2,0.00083,240792,99.44946,242125
1668,smashercosmo,2,0.00083,240794,99.45028,242125
1669,smbape,2,0.00083,240796,99.45111,242125
1670,smusali,2,0.00083,240798,99.45194,242125
1671,snakefoot,2,0.00083,240800,99.45276,242125
1672,snow01,2,0.00083,240802,99.45359,242125
1673,som-snytt,2,0.00083,240804,99.45441,242125
1674,sonewman,2,0.00083,240806,99.45524,242125
1675,sorohan,2,0.00083,240808,99.45607,242125
1676,Sp1l,2,0.00083,240810,99.45689,242125
1677,spen,2,0.00083,240812,99.45772,242125
1678,stephan-tolksdorf,2,0.00083,240814,99.45854,242125
1679,StuartHarris,2,0.00083,240816,99.45937,242125
1680,stuartpb,2,0.00083,240818,99.46020,242125
1681,stucox,2,0.00083,240820,99.46102,242125
1682,surajwy,2,0.00083,240822,99.46185,242125
1683,susisu,2,0.00083,240824,99.46267,242125
1684,swaroop-sridhar,2,0.00083,240826,99.46350,242125
1685,syllant,2,0.00083,240828,99.46433,242125
1686,t-8ch,2,0.00083,240830,99.46515,242125
1687,t8m,2,0.00083,240832,99.46598,242125
1688,tamird,2,0.00083,240834,99.46680,242125
1689,tardyp,2,0.00083,240836,99.46763,242125
1690,taylorc93,2,0.00083,240838,99.46846,242125
1691,tdurtschi,2,0.00083,240840,99.46928,242125
1692,tedpennings,2,0.00083,240842,99.47011,242125
1693,telmen,2,0.00083,240844,99.47093,242125
1694,tenjaa,2,0.00083,240846,99.47176,242125
1695,tenwit,2,0.00083,240848,99.47259,242125
1696,teresy,2,0.00083,240850,99.47341,242125
1697,tgxworld,2,0.00083,240852,99.47424,242125
1698,theel0ja,2,0.00083,240854,99.47506,242125
1699,theogravity,2,0.00083,240856,99.47589,242125
1700,TheTalisman,2,0.00083,240858,99.47672,242125
1701,TheToolbox,2,0.00083,240860,99.47754,242125
1702,thiagoarrais,2,0.00083,240862,99.47837,242125
1703,timlevett,2,0.00083,240864,99.47919,242125
1704,TimvdLippe,2,0.00083,240866,99.48002,242125
1705,TinyMan,2,0.00083,240868,99.48085,242125
1706,tjsail33,2,0.00083,240870,99.48167,242125
1707,tlhunter,2,0.00083,240872,99.48250,242125
1708,todd,2,0.00083,240874,99.48332,242125
1709,todesking,2,0.00083,240876,99.48415,242125
1710,tom-sherman,2,0.00083,240878,99.48498,242125
1711,tquerec,2,0.00083,240880,99.48580,242125
1712,trentm,2,0.00083,240882,99.48663,242125
1713,treymack,2,0.00083,240884,99.48745,242125
1714,tridium,2,0.00083,240886,99.48828,242125
1715,TSMMark,2,0.00083,240888,99.48911,242125
1716,Tvrqvoise,2,0.00083,240890,99.48993,242125
1717,tweksteen,2,0.00083,240892,99.49076,242125
1718,TylerBrock,2,0.00083,240894,99.49158,242125
1719,tylerwhall,2,0.00083,240896,99.49241,242125
1720,uhaciogullari,2,0.00083,240898,99.49324,242125
1721,unional,2,0.00083,240900,99.49406,242125
1722,vadimdemedes,2,0.00083,240902,99.49489,242125
1723,vanillajonathan,2,0.00083,240904,99.49572,242125
1724,vasiliyb,2,0.00083,240906,99.49654,242125
1725,vbraun,2,0.00083,240908,99.49737,242125
1726,vergenzt,2,0.00083,240910,99.49819,242125
1727,vgoma,2,0.00083,240912,99.49902,242125
1728,vickychijwani,2,0.00083,240914,99.49985,242125
1729,vivmishra,2,0.00083,240916,99.50067,242125
1730,vkarpov15,2,0.00083,240918,99.50150,242125
1731,vladmos,2,0.00083,240920,99.50232,242125
1732,VladShcherbin,2,0.00083,240922,99.50315,242125
1733,voxpelli,2,0.00083,240924,99.50398,242125
1734,vvo,2,0.00083,240926,99.50480,242125
1735,wadahiro,2,0.00083,240928,99.50563,242125
1736,wayou,2,0.00083,240930,99.50645,242125
1737,Widdershin,2,0.00083,240932,99.50728,242125
1738,wikier,2,0.00083,240934,99.50811,242125
1739,willnorris,2,0.00083,240936,99.50893,242125
1740,wnvko,2,0.00083,240938,99.50976,242125
1741,wongmjane,2,0.00083,240940,99.51058,242125
1742,woollybogger,2,0.00083,240942,99.51141,242125
1743,wotbstars,2,0.00083,240944,99.51224,242125
1744,wraithgar,2,0.00083,240946,99.51306,242125
1745,xenoterracide,2,0.00083,240948,99.51389,242125
1746,yasuf,2,0.00083,240950,99.51471,242125
1747,yausername,2,0.00083,240952,99.51554,242125
1748,Yaxian,2,0.00083,240954,99.51637,242125
1749,ycmjason,2,0.00083,240956,99.51719,242125
1750,yoshuawuyts,2,0.00083,240958,99.51802,242125
1751,Youmoo,2,0.00083,240960,99.51884,242125
1752,ystarlongzi,2,0.00083,240962,99.51967,242125
1753,zackseuberling,2,0.00083,240964,99.52050,242125
1754,zdw,2,0.00083,240966,99.52132,242125
1755,zenglian,2,0.00083,240968,99.52215,242125
1756,zhenlan,2,0.00083,240970,99.52297,242125
1757,zhjwpku,2,0.00083,240972,99.52380,242125
1758,zzz6519003,2,0.00083,240974,99.52463,242125
1759,0x1mason,1,0.00041,240975,99.52504,242125
1760,0x326,1,0.00041,240976,99.52545,242125
1761,0xbaadf00d,1,0.00041,240977,99.52586,242125
1762,1071496910,1,0.00041,240978,99.52628,242125
1763,3flex,1,0.00041,240979,99.52669,242125
1764,4leem,1,0.00041,240980,99.52710,242125
1765,aakash2602,1,0.00041,240981,99.52752,242125
1766,aakoch,1,0.00041,240982,99.52793,242125
1767,aaronang,1,0.00041,240983,99.52834,242125
1768,AaronFriel,1,0.00041,240984,99.52876,242125
1769,Aboisier,1,0.00041,240985,99.52917,242125
1770,abraham,1,0.00041,240986,99.52958,242125
1771,acjay,1,0.00041,240987,99.52999,242125
1772,acroca,1,0.00041,240988,99.53041,242125
1773,adamgruber,1,0.00041,240989,99.53082,242125
1774,adamreeve,1,0.00041,240990,99.53123,242125
1775,adamvoss,1,0.00041,240991,99.53165,242125
1776,adelevie,1,0.00041,240992,99.53206,242125
1777,adeolabadmus,1,0.00041,240993,99.53247,242125
1778,admosity,1,0.00041,240994,99.53289,242125
1779,adwiii,1,0.00041,240995,99.53330,242125
1780,aeschright,1,0.00041,240996,99.53371,242125
1781,afeld,1,0.00041,240997,99.53412,242125
1782,AgentME,1,0.00041,240998,99.53454,242125
1783,aguynamedben,1,0.00041,240999,99.53495,242125
1784,ahmdsolmn,1,0.00041,241000,99.53536,242125
1785,ahmedsoliman92,1,0.00041,241001,99.53578,242125
1786,aifodu,1,0.00041,241002,99.53619,242125
1787,aigdonia,1,0.00041,241003,99.53660,242125
1788,Ajido,1,0.00041,241004,99.53702,242125
1789,akauppi,1,0.00041,241005,99.53743,242125
1790,akd-io,1,0.00041,241006,99.53784,242125
1791,akvamalin,1,0.00041,241007,99.53826,242125
1792,akx,1,0.00041,241008,99.53867,242125
1793,alansouzati,1,0.00041,241009,99.53908,242125
1794,alexandercerutti,1,0.00041,241010,99.53949,242125
1795,alexbokii,1,0.00041,241011,99.53991,242125
1796,alexilyaev,1,0.00041,241012,99.54032,242125
1797,alexmckenley,1,0.00041,241013,99.54073,242125
1798,alirezaafkar,1,0.00041,241014,99.54115,242125
1799,alistair23,1,0.00041,241015,99.54156,242125
1800,al-k21,1,0.00041,241016,99.54197,242125
1801,allanchau,1,0.00041,241017,99.54239,242125
1802,alopezsanchez,1,0.00041,241018,99.54280,242125
1803,alundiak,1,0.00041,241019,99.54321,242125
1804,amcdnl,1,0.00041,241020,99.54362,242125
1805,amiller-gh,1,0.00041,241021,99.54404,242125
1806,AMoreaux,1,0.00041,241022,99.54445,242125
1807,anchnk,1,0.00041,241023,99.54486,242125
1808,andrebsguedes,1,0.00041,241024,99.54528,242125
1809,AndreiRailean,1,0.00041,241025,99.54569,242125
1810,andrew,1,0.00041,241026,99.54610,242125
1811,AndrewKvalheim,1,0.00041,241027,99.54652,242125
1812,andrewnester,1,0.00041,241028,99.54693,242125
1813,andreybleme,1,0.00041,241029,99.54734,242125
1814,andriisoldatenko,1,0.00041,241030,99.54775,242125
1815,andschwa,1,0.00041,241031,99.54817,242125
1816,andyfeller,1,0.00041,241032,99.54858,242125
1817,andymc12,1,0.00041,241033,99.54899,242125
1818,angadgill92,1,0.00041,241034,99.54941,242125
1819,Anomen,1,0.00041,241035,99.54982,242125
1820,anotherpit,1,0.00041,241036,99.55023,242125
1821,anslzo,1,0.00041,241037,99.55065,242125
1822,antons,1,0.00041,241038,99.55106,242125
1823,anubhav25gupta,1,0.00041,241039,99.55147,242125
1824,anurse,1,0.00041,241040,99.55188,242125
1825,aplsek,1,0.00041,241041,99.55230,242125
1826,apsknight,1,0.00041,241042,99.55271,242125
1827,ApsOps,1,0.00041,241043,99.55312,242125
1828,arahansen,1,0.00041,241044,99.55354,242125
1829,araslanov,1,0.00041,241045,99.55395,242125
1830,Arhell,1,0.00041,241046,99.55436,242125
1831,aroget,1,0.00041,241047,99.55478,242125
1832,arosh,1,0.00041,241048,99.55519,242125
1833,arouel,1,0.00041,241049,99.55560,242125
1834,arthurschreiber,1,0.00041,241050,99.55601,242125
1835,arthurvr,1,0.00041,241051,99.55643,242125
1836,ArtsiomCh,1,0.00041,241052,99.55684,242125
1837,artywhite,1,0.00041,241053,99.55725,242125
1838,ashishpatelcs,1,0.00041,241054,99.55767,242125
1839,Asthetic,1,0.00041,241055,99.55808,242125
1840,AstraSerg,1,0.00041,241056,99.55849,242125
1841,atifaziz,1,0.00041,241057,99.55891,242125
1842,A-Tokyo,1,0.00041,241058,99.55932,242125
1843,atom-morgan,1,0.00041,241059,99.55973,242125
1844,attilah,1,0.00041,241060,99.56014,242125
1845,autowp,1,0.00041,241061,99.56056,242125
1846,avnersorek,1,0.00041,241062,99.56097,242125
1847,AVVS,1,0.00041,241063,99.56138,242125
1848,awiddersheim,1,0.00041,241064,99.56180,242125
1849,Awk34,1,0.00041,241065,99.56221,242125
1850,awlayton,1,0.00041,241066,99.56262,242125
1851,aymericbouzy,1,0.00041,241067,99.56304,242125
1852,Azert-Mark,1,0.00041,241068,99.56345,242125
1853,azhao12345,1,0.00041,241069,99.56386,242125
1854,baboquivari,1,0.00041,241070,99.56427,242125
1855,bakape,1,0.00041,241071,99.56469,242125
1856,bakorer,1,0.00041,241072,99.56510,242125
1857,balduncle,1,0.00041,241073,99.56551,242125
1858,bargemb,1,0.00041,241074,99.56593,242125
1859,baronswindle,1,0.00041,241075,99.56634,242125
1860,barrymichaeldoyle,1,0.00041,241076,99.56675,242125
1861,Baschdl,1,0.00041,241077,99.56717,242125
1862,bbodenmiller,1,0.00041,241078,99.56758,242125
1863,bdmason,1,0.00041,241079,99.56799,242125
1864,beldmit,1,0.00041,241080,99.56840,242125
1865,belugabehr,1,0.00041,241081,99.56882,242125
1866,benjaminhoffman,1,0.00041,241082,99.56923,242125
1867,benjamminj,1,0.00041,241083,99.56964,242125
1868,ben-manes,1,0.00041,241084,99.57006,242125
1869,benmccann,1,0.00041,241085,99.57047,242125
1870,benmoss,1,0.00041,241086,99.57088,242125
1871,bernard-leech,1,0.00041,241087,99.57130,242125
1872,BigAB,1,0.00041,241088,99.57171,242125
1873,biglovisa,1,0.00041,241089,99.57212,242125
1874,billytrend,1,0.00041,241090,99.57253,242125
1875,bisguzar,1,0.00041,241091,99.57295,242125
1876,blainesch,1,0.00041,241092,99.57336,242125
1877,blair,1,0.00041,241093,99.57377,242125
1878,Blaisorblade,1,0.00041,241094,99.57419,242125
1879,BloodShura,1,0.00041,241095,99.57460,242125
1880,bmwiedemann,1,0.00041,241096,99.57501,242125
1881,bnb,1,0.00041,241097,99.57543,242125
1882,bnorm,1,0.00041,241098,99.57584,242125
1883,bobintornado,1,0.00041,241099,99.57625,242125
1884,bodgit,1,0.00041,241100,99.57666,242125
1885,BoLaMN,1,0.00041,241101,99.57708,242125
1886,bontibon,1,0.00041,241102,99.57749,242125
1887,BookOfGreg,1,0.00041,241103,99.57790,242125
1888,BorodinDK,1,0.00041,241104,99.57832,242125
1889,botaberg,1,0.00041,241105,99.57873,242125
1890,bouk,1,0.00041,241106,99.57914,242125
1891,bpetex,1,0.00041,241107,99.57956,242125
1892,bploetz,1,0.00041,241108,99.57997,242125
1893,brandon-pereira,1,0.00041,241109,99.58038,242125
1894,brismuth,1,0.00041,241110,99.58080,242125
1895,brodybits,1,0.00041,241111,99.58121,242125
1896,bryanar,1,0.00041,241112,99.58162,242125
1897,brycecr,1,0.00041,241113,99.58203,242125
1898,bshannon,1,0.00041,241114,99.58245,242125
1899,btd,1,0.00041,241115,99.58286,242125
1900,buerkle,1,0.00041,241116,99.58327,242125
1901,bugknightyyp,1,0.00041,241117,99.58369,242125
1902,bugtype,1,0.00041,241118,99.58410,242125
1903,byr-gdp,1,0.00041,241119,99.58451,242125
1904,bz2,1,0.00041,241120,99.58493,242125
1905,C45tr0,1,0.00041,241121,99.58534,242125
1906,capaj,1,0.00041,241122,99.58575,242125
1907,Caravus,1,0.00041,241123,99.58616,242125
1908,cardamon,1,0.00041,241124,99.58658,242125
1909,carkod,1,0.00041,241125,99.58699,242125
1910,carolinacmoravia,1,0.00041,241126,99.58740,242125
1911,carterkozak,1,0.00041,241127,99.58782,242125
1912,caub,1,0.00041,241128,99.58823,242125
1913,cb372,1,0.00041,241129,99.58864,242125
1914,cbrianso,1,0.00041,241130,99.58906,242125
1915,cburroughs,1,0.00041,241131,99.58947,242125
1916,cconroy,1,0.00041,241132,99.58988,242125
1917,cemeyer,1,0.00041,241133,99.59029,242125
1918,ceph3us,1,0.00041,241134,99.59071,242125
1919,cesarandreu,1,0.00041,241135,99.59112,242125
1920,cesarbs,1,0.00041,241136,99.59153,242125
1921,c-geek,1,0.00041,241137,99.59195,242125
1922,ChaitanyaPramod,1,0.00041,241138,99.59236,242125
1923,chaseadamsio,1,0.00041,241139,99.59277,242125
1924,Chen-Gang,1,0.00041,241140,99.59319,242125
1925,chengkungui,1,0.00041,241141,99.59360,242125
1926,chengluyu,1,0.00041,241142,99.59401,242125
1927,chienkira,1,0.00041,241143,99.59442,242125
1928,chinhodado,1,0.00041,241144,99.59484,242125
1929,chmelevskij,1,0.00041,241145,99.59525,242125
1930,chris13524,1,0.00041,241146,99.59566,242125
1931,chrisalbrecht,1,0.00041,241147,99.59608,242125
1932,Chrisboh,1,0.00041,241148,99.59649,242125
1933,chrisbolin,1,0.00041,241149,99.59690,242125
1934,chriscartlidge,1,0.00041,241150,99.59732,242125
1935,chrisgavin,1,0.00041,241151,99.59773,242125
1936,chrisprice,1,0.00041,241152,99.59814,242125
1937,chrisrpatterson,1,0.00041,241153,99.59855,242125
1938,ChristianSchwarz,1,0.00041,241154,99.59897,242125
1939,ChristopherDavenport,1,0.00041,241155,99.59938,242125
1940,christophetd,1,0.00041,241156,99.59979,242125
1941,chtseac,1,0.00041,241157,99.60021,242125
1942,chulkilee,1,0.00041,241158,99.60062,242125
1943,ciceropablo,1,0.00041,241159,99.60103,242125
1944,cjpillsbury,1,0.00041,241160,99.60145,242125
1945,ckuhn,1,0.00041,241161,99.60186,242125
1946,clamp03,1,0.00041,241162,99.60227,242125
1947,claylo,1,0.00041,241163,99.60268,242125
1948,cleitonmendonca,1,0.00041,241164,99.60310,242125
1949,cloojure,1,0.00041,241165,99.60351,242125
1950,cmatheson,1,0.00041,241166,99.60392,242125
1951,codef0rmer,1,0.00041,241167,99.60434,242125
1952,coderbyheart,1,0.00041,241168,99.60475,242125
1953,CodingFabian,1,0.00041,241169,99.60516,242125
1954,codingsince1985,1,0.00041,241170,99.60558,242125
1955,codyj110,1,0.00041,241171,99.60599,242125
1956,colltoaction,1,0.00041,241172,99.60640,242125
1957,compulim,1,0.00041,241173,99.60681,242125
1958,conartist6,1,0.00041,241174,99.60723,242125
1959,ConnorMcF,1,0.00041,241175,99.60764,242125
1960,ConradIrwin,1,0.00041,241176,99.60805,242125
1961,CoolCoderTony,1,0.00041,241177,99.60847,242125
1962,coreh,1,0.00041,241178,99.60888,242125
1963,cortopy,1,0.00041,241179,99.60929,242125
1964,coryasilva,1,0.00041,241180,99.60971,242125
1965,cowwoc,1,0.00041,241181,99.61012,242125
1966,cpereida,1,0.00041,241182,99.61053,242125
1967,cpillsbury,1,0.00041,241183,99.61094,242125
1968,cravler,1,0.00041,241184,99.61136,242125
1969,CRC-Mismatch,1,0.00041,241185,99.61177,242125
1970,crhistianramirez,1,0.00041,241186,99.61218,242125
1971,csimplestring,1,0.00041,241187,99.61260,242125
1972,Cslove,1,0.00041,241188,99.61301,242125
1973,culmat,1,0.00041,241189,99.61342,242125
1974,CWSpear,1,0.00041,241190,99.61384,242125
1975,daevidpreis,1,0.00041,241191,99.61425,242125
1976,dahim2006,1,0.00041,241192,99.61466,242125
1977,daniel347x,1,0.00041,241193,99.61507,242125
1978,danielmachado,1,0.00041,241194,99.61549,242125
1979,DanielMSchmidt,1,0.00041,241195,99.61590,242125
1980,danielnorberg,1,0.00041,241196,99.61631,242125
1981,danielpowell4,1,0.00041,241197,99.61673,242125
1982,das-peter,1,0.00041,241198,99.61714,242125
1983,davidfurlong,1,0.00041,241199,99.61755,242125
1984,DavidHe1127,1,0.00041,241200,99.61797,242125
1985,davidpatrick,1,0.00041,241201,99.61838,242125
1986,DavidTPate,1,0.00041,241202,99.61879,242125
1987,davlloyd,1,0.00041,241203,99.61920,242125
1988,dbkr,1,0.00041,241204,99.61962,242125
1989,dbrugne,1,0.00041,241205,99.62003,242125
1990,dcbrwn,1,0.00041,241206,99.62044,242125
1991,dcworldwide,1,0.00041,241207,99.62086,242125
1992,DDRBoxman,1,0.00041,241208,99.62127,242125
1993,debajitr,1,0.00041,241209,99.62168,242125
1994,debudda,1,0.00041,241210,99.62210,242125
1995,deepakpathania,1,0.00041,241211,99.62251,242125
1996,delmyers,1,0.00041,241212,99.62292,242125
1997,demoneaux,1,0.00041,241213,99.62334,242125
1998,den314,1,0.00041,241214,99.62375,242125
1999,d-e-s-o,1,0.00041,241215,99.62416,242125
2000,devknoll,1,0.00041,241216,99.62457,242125
2001,devlance,1,0.00041,241217,99.62499,242125
2002,devonharvey,1,0.00041,241218,99.62540,242125
2003,deyboy90,1,0.00041,241219,99.62581,242125
2004,dgrcode,1,0.00041,241220,99.62623,242125
2005,diamondo25,1,0.00041,241221,99.62664,242125
2006,dimas,1,0.00041,241222,99.62705,242125
2007,divjotsinghnanda,1,0.00041,241223,99.62747,242125
2008,djchie,1,0.00041,241224,99.62788,242125
2009,djulien,1,0.00041,241225,99.62829,242125
2010,dlazerka,1,0.00041,241226,99.62870,242125
2011,dlindenkreuz,1,0.00041,241227,99.62912,242125
2012,dmap,1,0.00041,241228,99.62953,242125
2013,dmin,1,0.00041,241229,99.62994,242125
2014,domenic,1,0.00041,241230,99.63036,242125
2015,dominicbarnes,1,0.00041,241231,99.63077,242125
2016,donaldchai,1,0.00041,241232,99.63118,242125
2017,donroyco,1,0.00041,241233,99.63160,242125
2018,dotchev,1,0.00041,241234,99.63201,242125
2019,dperezde,1,0.00041,241235,99.63242,242125
2020,dprotaso,1,0.00041,241236,99.63283,242125
2021,dpursehouse,1,0.00041,241237,99.63325,242125
2022,drajakumar,1,0.00041,241238,99.63366,242125
2023,drcapulet,1,0.00041,241239,99.63407,242125
2024,DreaminginCodeZH,1,0.00041,241240,99.63449,242125
2025,drew-moore,1,0.00041,241241,99.63490,242125
2026,drichard,1,0.00041,241242,99.63531,242125
2027,driverpt,1,0.00041,241243,99.63573,242125
2028,ds300,1,0.00041,241244,99.63614,242125
2029,dtgoitia,1,0.00041,241245,99.63655,242125
2030,dtothefp,1,0.00041,241246,99.63696,242125
2031,dtslvr,1,0.00041,241247,99.63738,242125
2032,dunglas,1,0.00041,241248,99.63779,242125
2033,DustinCampbell,1,0.00041,241249,99.63820,242125
2034,DWand,1,0.00041,241250,99.63862,242125
2035,echesakovMSFT,1,0.00041,241251,99.63903,242125
2036,ecki,1,0.00041,241252,99.63944,242125
2037,eclipsewebmaster,1,0.00041,241253,99.63986,242125
2038,EddyVerbruggen,1,0.00041,241254,99.64027,242125
2039,edi9999,1,0.00041,241255,99.64068,242125
2040,edify42,1,0.00041,241256,99.64109,242125
2041,edmBernard,1,0.00041,241257,99.64151,242125
2042,edorivai,1,0.00041,241258,99.64192,242125
2043,eduardbadillo,1,0.00041,241259,99.64233,242125
2044,edusperoni,1,0.00041,241260,99.64275,242125
2045,EgidioCaprino,1,0.00041,241261,99.64316,242125
2046,ehtb,1,0.00041,241262,99.64357,242125
2047,ekevoo,1,0.00041,241263,99.64399,242125
2048,ekmartin,1,0.00041,241264,99.64440,242125
2049,eleumik,1,0.00041,241265,99.64481,242125
2050,ElForastero,1,0.00041,241266,99.64522,242125
2051,elliott-davis,1,0.00041,241267,99.64564,242125
2052,elliottsj,1,0.00041,241268,99.64605,242125
2053,emmanuelbernard,1,0.00041,241269,99.64646,242125
2054,enaqx,1,0.00041,241270,99.64688,242125
2055,Eomm,1,0.00041,241271,99.64729,242125
2056,epelc,1,0.00041,241272,99.64770,242125
2057,epicfaace,1,0.00041,241273,99.64812,242125
2058,er1c,1,0.00041,241274,99.64853,242125
2059,erf,1,0.00041,241275,99.64894,242125
2060,ericyang89,1,0.00041,241276,99.64935,242125
2061,erikbern,1,0.00041,241277,99.64977,242125
2062,esiegel,1,0.00041,241278,99.65018,242125
2063,estaub,1,0.00041,241279,99.65059,242125
2064,estrada9166,1,0.00041,241280,99.65101,242125
2065,eugeneotto,1,0.00041,241281,99.65142,242125
2066,evanlucas,1,0.00041,241282,99.65183,242125
2067,evanshortiss,1,0.00041,241283,99.65225,242125
2068,eventualbuddha,1,0.00041,241284,99.65266,242125
2069,evolvah,1,0.00041,241285,99.65307,242125
2070,fabdouglas,1,0.00041,241286,99.65348,242125
2071,faridfor,1,0.00041,241287,99.65390,242125
2072,farnabaz,1,0.00041,241288,99.65431,242125
2073,farrago,1,0.00041,241289,99.65472,242125
2074,fearphage,1,0.00041,241290,99.65514,242125
2075,felixbuenemann,1,0.00041,241291,99.65555,242125
2076,felixfbecker,1,0.00041,241292,99.65596,242125
2077,finnigantime,1,0.00041,241293,99.65638,242125
2078,fiznool,1,0.00041,241294,99.65679,242125
2079,fkgozali,1,0.00041,241295,99.65720,242125
2080,flotwig,1,0.00041,241296,99.65761,242125
2081,flozano,1,0.00041,241297,99.65803,242125
2082,flut1,1,0.00041,241298,99.65844,242125
2083,forresst,1,0.00041,241299,99.65885,242125
2084,forsberg,1,0.00041,241300,99.65927,242125
2085,fourcube,1,0.00041,241301,99.65968,242125
2086,FourwingsY,1,0.00041,241302,99.66009,242125
2087,frangio,1,0.00041,241303,99.66051,242125
2088,frankier,1,0.00041,241304,99.66092,242125
2089,FrankPeschel-Gallee,1,0.00041,241305,99.66133,242125
2090,frederikbosch,1,0.00041,241306,99.66174,242125
2091,fregante,1,0.00041,241307,99.66216,242125
2092,frewsxcv,1,0.00041,241308,99.66257,242125
2093,fritx,1,0.00041,241309,99.66298,242125
2094,frob,1,0.00041,241310,99.66340,242125
2095,frystpingvin,1,0.00041,241311,99.66381,242125
2096,fureweb-com,1,0.00041,241312,99.66422,242125
2097,gabegorelick,1,0.00041,241313,99.66464,242125
2098,gabelevi,1,0.00041,241314,99.66505,242125
2099,gaplo917,1,0.00041,241315,99.66546,242125
2100,garrypolley,1,0.00041,241316,99.66588,242125
2101,garthk,1,0.00041,241317,99.66629,242125
2102,garyiwu,1,0.00041,241318,99.66670,242125
2103,Gary-Zh,1,0.00041,241319,99.66711,242125
2104,gcangussu,1,0.00041,241320,99.66753,242125
2105,geek,1,0.00041,241321,99.66794,242125
2106,gentoo90,1,0.00041,241322,99.66835,242125
2107,geobde,1,0.00041,241323,99.66877,242125
2108,ge-o-rg,1,0.00041,241324,99.66918,242125
2109,GeorgeGkas,1,0.00041,241325,99.66959,242125
2110,george-ranjan,1,0.00041,241326,99.67001,242125
2111,geraldolsribeiro,1,0.00041,241327,99.67042,242125
2112,gesellix,1,0.00041,241328,99.67083,242125
2113,getkey,1,0.00041,241329,99.67124,242125
2114,gfx,1,0.00041,241330,99.67166,242125
2115,ghandhikus,1,0.00041,241331,99.67207,242125
2116,GianlucaGuarini,1,0.00041,241332,99.67248,242125
2117,gildean,1,0.00041,241333,99.67290,242125
2118,gitlabbin,1,0.00041,241334,99.67331,242125
2119,gj,1,0.00041,241335,99.67372,242125
2120,Glavin001,1,0.00041,241336,99.67414,242125
2121,glena,1,0.00041,241337,99.67455,242125
2122,glensc,1,0.00041,241338,99.67496,242125
2123,Globegitter,1,0.00041,241339,99.67537,242125
2124,golear91,1,0.00041,241340,99.67579,242125
2125,goleary,1,0.00041,241341,99.67620,242125
2126,Gommorach,1,0.00041,241342,99.67661,242125
2127,gonzojive,1,0.00041,241343,99.67703,242125
2128,gouch,1,0.00041,241344,99.67744,242125
2129,grantcarthew,1,0.00041,241345,99.67785,242125
2130,greatjack1,1,0.00041,241346,99.67827,242125
2131,grooverdan,1,0.00041,241347,99.67868,242125
2132,gugu,1,0.00041,241348,99.67909,242125
2133,guptasourabh,1,0.00041,241349,99.67950,242125
2134,gustavomazzoni,1,0.00041,241350,99.67992,242125
2135,gutsytechster,1,0.00041,241351,99.68033,242125
2136,gwhenne,1,0.00041,241352,99.68074,242125
2137,gyandeeps,1,0.00041,241353,99.68116,242125
2138,GyrosGeier,1,0.00041,241354,99.68157,242125
2139,haf,1,0.00041,241355,99.68198,242125
2140,HakurouKen,1,0.00041,241356,99.68240,242125
2141,handrews,1,0.00041,241357,99.68281,242125
2142,harriha,1,0.00041,241358,99.68322,242125
2143,haskellcamargo,1,0.00041,241359,99.68363,242125
2144,Hawkeye1909,1,0.00041,241360,99.68405,242125
2145,hayawata3626,1,0.00041,241361,99.68446,242125
2146,hboutemy,1,0.00041,241362,99.68487,242125
2147,h-des,1,0.00041,241363,99.68529,242125
2148,hedgepigdaniel,1,0.00041,241364,99.68570,242125
2149,heidid,1,0.00041,241365,99.68611,242125
2150,hekike,1,0.00041,241366,99.68653,242125
2151,heloflier,1,0.00041,241367,99.68694,242125
2152,hessmjr,1,0.00041,241368,99.68735,242125
2153,heyamykate,1,0.00041,241369,99.68776,242125
2154,heygrady,1,0.00041,241370,99.68818,242125
2155,hiyosi,1,0.00041,241371,99.68859,242125
2156,hmarr,1,0.00041,241372,99.68900,242125
2157,hmble,1,0.00041,241373,99.68942,242125
2158,holm,1,0.00041,241374,99.68983,242125
2159,hoobdeebla,1,0.00041,241375,99.69024,242125
2160,Hookyns,1,0.00041,241376,99.69066,242125
2161,hoyMS,1,0.00041,241377,99.69107,242125
2162,hozefaj,1,0.00041,241378,99.69148,242125
2163,hqzxzwb,1,0.00041,241379,99.69189,242125
2164,Huachao,1,0.00041,241380,99.69231,242125
2165,HurricaneJames,1,0.00041,241381,99.69272,242125
2166,huxi,1,0.00041,241382,99.69313,242125
2167,Hypercubed,1,0.00041,241383,99.69355,242125
2168,iamakulov,1,0.00041,241384,99.69396,242125
2169,iam-merlin,1,0.00041,241385,99.69437,242125
2170,iamplugged,1,0.00041,241386,99.69479,242125
2171,ianstormtaylor,1,0.00041,241387,99.69520,242125
2172,iarna,1,0.00041,241388,99.69561,242125
2173,ibrahimpg,1,0.00041,241389,99.69602,242125
2174,idangozlan,1,0.00041,241390,99.69644,242125
2175,iDemonix,1,0.00041,241391,99.69685,242125
2176,idirouhab,1,0.00041,241392,99.69726,242125
2177,idmontie,1,0.00041,241393,99.69768,242125
2178,ignacioiglesias,1,0.00041,241394,99.69809,242125
2179,igncp,1,0.00041,241395,99.69850,242125
2180,IgorMiller,1,0.00041,241396,99.69892,242125
2181,igor-savin-ht,1,0.00041,241397,99.69933,242125
2182,ilgrosso,1,0.00041,241398,99.69974,242125
2183,ilyapx,1,0.00041,241399,99.70015,242125
2184,imdevin567,1,0.00041,241400,99.70057,242125
2185,imysak,1,0.00041,241401,99.70098,242125
2186,infused,1,0.00041,241402,99.70139,242125
2187,Iniesta8,1,0.00041,241403,99.70181,242125
2188,inikulin,1,0.00041,241404,99.70222,242125
2189,insfrag,1,0.00041,241405,99.70263,242125
2190,inversion,1,0.00041,241406,99.70305,242125
2191,io7m,1,0.00041,241407,99.70346,242125
2192,ipolevoy,1,0.00041,241408,99.70387,242125
2193,isabellatea,1,0.00041,241409,99.70428,242125
2194,ismamz,1,0.00041,241410,99.70470,242125
2195,isTravis,1,0.00041,241411,99.70511,242125
2196,ITonyLi,1,0.00041,241412,99.70552,242125
2197,IvanGoncharov,1,0.00041,241413,99.70594,242125
2198,Ivan-Kalatchev,1,0.00041,241414,99.70635,242125
2199,IvanVergiliev,1,0.00041,241415,99.70676,242125
2200,IVLIU,1,0.00041,241416,99.70718,242125
2201,ixalon,1,0.00041,241417,99.70759,242125
2202,j14s,1,0.00041,241418,99.70800,242125
2203,jack4it,1,0.00041,241419,99.70842,242125
2204,jackspaniel,1,0.00041,241420,99.70883,242125
2205,JackuB,1,0.00041,241421,99.70924,242125
2206,jackwanders,1,0.00041,241422,99.70965,242125
2207,jacopofar,1,0.00041,241423,99.71007,242125
2208,jakemingolla,1,0.00041,241424,99.71048,242125
2209,jakepetroules,1,0.00041,241425,99.71089,242125
2210,JaKXz,1,0.00041,241426,99.71131,242125
2211,jamesevickery,1,0.00041,241427,99.71172,242125
2212,jamesr73,1,0.00041,241428,99.71213,242125
2213,jamiebuilds,1,0.00041,241429,99.71255,242125
2214,jamischarles,1,0.00041,241430,99.71296,242125
2215,janaagaard75,1,0.00041,241431,99.71337,242125
2216,janderudder,1,0.00041,241432,99.71378,242125
2217,jankal,1,0.00041,241433,99.71420,242125
2218,Janpot,1,0.00041,241434,99.71461,242125
2219,japgolly,1,0.00041,241435,99.71502,242125
2220,jardilio,1,0.00041,241436,99.71544,242125
2221,jaredcnance,1,0.00041,241437,99.71585,242125
2222,Jared-Dev,1,0.00041,241438,99.71626,242125
2223,jaredsuttles,1,0.00041,241439,99.71668,242125
2224,jareware,1,0.00041,241440,99.71709,242125
2225,jasonclinx,1,0.00041,241441,99.71750,242125
2226,jaspermdegroot,1,0.00041,241442,99.71791,242125
2227,jaubourg,1,0.00041,241443,99.71833,242125
2228,javabrett,1,0.00041,241444,99.71874,242125
2229,javespi,1,0.00041,241445,99.71915,242125
2230,jawn,1,0.00041,241446,99.71957,242125
2231,JaysonRaymond,1,0.00041,241447,99.71998,242125
2232,jbleduigou,1,0.00041,241448,99.72039,242125
2233,jbonta,1,0.00041,241449,99.72081,242125
2234,jcdickinson,1,0.00041,241450,99.72122,242125
2235,jcruz2us,1,0.00041,241451,99.72163,242125
2236,jde1,1,0.00041,241452,99.72204,242125
2237,jden,1,0.00041,241453,99.72246,242125
2238,jdreesen,1,0.00041,241454,99.72287,242125
2239,jdspugh,1,0.00041,241455,99.72328,242125
2240,jeffbski,1,0.00041,241456,99.72370,242125
2241,jeffmahoney,1,0.00041,241457,99.72411,242125
2242,jeffrey4l,1,0.00041,241458,99.72452,242125
2243,jehadja,1,0.00041,241459,99.72494,242125
2244,jennifer-shehane,1,0.00041,241460,99.72535,242125
2245,jensenbox,1,0.00041,241461,99.72576,242125
2246,jeremy-w,1,0.00041,241462,99.72617,242125
2247,jessica-dl,1,0.00041,241463,99.72659,242125
2248,jf17,1,0.00041,241464,99.72700,242125
2249,jfairbank,1,0.00041,241465,99.72741,242125
2250,jharris4,1,0.00041,241466,99.72783,242125
2251,jhickson,1,0.00041,241467,99.72824,242125
2252,jimbrowne,1,0.00041,241468,99.72865,242125
2253,jiria,1,0.00041,241469,99.72907,242125
2254,JitixPhotobox,1,0.00041,241470,99.72948,242125
2255,jldec,1,0.00041,241471,99.72989,242125
2256,jlongster,1,0.00041,241472,99.73030,242125
2257,jmg87,1,0.00041,241473,99.73072,242125
2258,jmsv,1,0.00041,241474,99.73113,242125
2259,jmthibault79,1,0.00041,241475,99.73154,242125
2260,jmventura,1,0.00041,241476,99.73196,242125
2261,joefraley,1,0.00041,241477,99.73237,242125
2262,joelgallant,1,0.00041,241478,99.73278,242125
2263,joelittlejohn,1,0.00041,241479,99.73320,242125
2264,joepie91,1,0.00041,241480,99.73361,242125
2265,joestein,1,0.00041,241481,99.73402,242125
2266,JoeZheng2015,1,0.00041,241482,99.73443,242125
2267,johanneswuerbach,1,0.00041,241483,99.73485,242125
2268,JohnAlbin,1,0.00041,241484,99.73526,242125
2269,johnjelinek,1,0.00041,241485,99.73567,242125
2270,johnlinp,1,0.00041,241486,99.73609,242125
2271,Jokero,1,0.00041,241487,99.73650,242125
2272,jomeier,1,0.00041,241488,99.73691,242125
2273,jondubois,1,0.00041,241489,99.73733,242125
2274,jonekdahl,1,0.00041,241490,99.73774,242125
2275,jonganc,1,0.00041,241491,99.73815,242125
2276,JonnyIncognito,1,0.00041,241492,99.73856,242125
2277,joordas,1,0.00041,241493,99.73898,242125
2278,jordanhendricks,1,0.00041,241494,99.73939,242125
2279,joschi,1,0.00041,241495,99.73980,242125
2280,Jose-CF,1,0.00041,241496,99.74022,242125
2281,josecolella,1,0.00041,241497,99.74063,242125
2282,JosephAmalfitanoSSA,1,0.00041,241498,99.74104,242125
2283,josephlbarnett,1,0.00041,241499,99.74146,242125
2284,joshk,1,0.00041,241500,99.74187,242125
2285,joshuago,1,0.00041,241501,99.74228,242125
2286,joshunger,1,0.00041,241502,99.74269,242125
2287,joshushua,1,0.00041,241503,99.74311,242125
2288,josiasmontag,1,0.00041,241504,99.74352,242125
2289,joymufeng,1,0.00041,241505,99.74393,242125
2290,jparise,1,0.00041,241506,99.74435,242125
2291,jpaugh,1,0.00041,241507,99.74476,242125
2292,jpiccari,1,0.00041,241508,99.74517,242125
2293,jpierson,1,0.00041,241509,99.74559,242125
2294,jpoon,1,0.00041,241510,99.74600,242125
2295,jramosf,1,0.00041,241511,99.74641,242125
2296,jrtom,1,0.00041,241512,99.74682,242125
2297,jsamr,1,0.00041,241513,99.74724,242125
2298,jsdevel,1,0.00041,241514,99.74765,242125
2299,jsha,1,0.00041,241515,99.74806,242125
2300,jsonmaur,1,0.00041,241516,99.74848,242125
2301,jstoja,1,0.00041,241517,99.74889,242125
2302,jstrutz,1,0.00041,241518,99.74930,242125
2303,jsumners,1,0.00041,241519,99.74972,242125
2304,jtattermusch,1,0.00041,241520,99.75013,242125
2305,JuanjoSalvador,1,0.00041,241521,99.75054,242125
2306,juanpablo-santos,1,0.00041,241522,99.75096,242125
2307,junajan,1,0.00041,241523,99.75137,242125
2308,junosuarez,1,0.00041,241524,99.75178,242125
2309,justinmchase,1,0.00041,241525,99.75219,242125
2310,JustinRChou,1,0.00041,241526,99.75261,242125
2311,JustinTRoss,1,0.00041,241527,99.75302,242125
2312,jvican,1,0.00041,241528,99.75343,242125
2313,jviotti,1,0.00041,241529,99.75385,242125
2314,jwcarman,1,0.00041,241530,99.75426,242125
2315,jwKimo,1,0.00041,241531,99.75467,242125
2316,jysoo,1,0.00041,241532,99.75509,242125
2317,jyterencekim,1,0.00041,241533,99.75550,242125
2318,jzischkau,1,0.00041,241534,99.75591,242125
2319,Kamshak,1,0.00041,241535,99.75632,242125
2320,kandros,1,0.00041,241536,99.75674,242125
2321,karataev,1,0.00041,241537,99.75715,242125
2322,kassens,1,0.00041,241538,99.75756,242125
2323,kasunt84,1,0.00041,241539,99.75798,242125
2324,kazssym,1,0.00041,241540,99.75839,242125
2325,kazuki229,1,0.00041,241541,99.75880,242125
2326,kbariotis,1,0.00041,241542,99.75922,242125
2327,keinkonzept,1,0.00041,241543,99.75963,242125
2328,kellyrmilligan,1,0.00041,241544,99.76004,242125
2329,kenperkins,1,0.00041,241545,99.76045,242125
2330,kevinmost,1,0.00041,241546,99.76087,242125
2331,keyten,1,0.00041,241547,99.76128,242125
2332,kilianc,1,0.00041,241548,99.76169,242125
2333,KillWolfVlad,1,0.00041,241549,99.76211,242125
2334,KindDragon,1,0.00041,241550,99.76252,242125
2335,kira1928,1,0.00041,241551,99.76293,242125
2336,kjivan,1,0.00041,241552,99.76335,242125
2337,klamping,1,0.00041,241553,99.76376,242125
2338,klausbayrhammer,1,0.00041,241554,99.76417,242125
2339,klippx,1,0.00041,241555,99.76458,242125
2340,Kmaschta,1,0.00041,241556,99.76500,242125
2341,knjk04,1,0.00041,241557,99.76541,242125
2342,knpwrs,1,0.00041,241558,99.76582,242125
2343,kobayashi,1,0.00041,241559,99.76624,242125
2344,koistya,1,0.00041,241560,99.76665,242125
2345,KonstaL,1,0.00041,241561,99.76706,242125
2346,kopylovvlad,1,0.00041,241562,99.76748,242125
2347,koto,1,0.00041,241563,99.76789,242125
2348,krenor,1,0.00041,241564,99.76830,242125
2349,KristofMorva,1,0.00041,241565,99.76871,242125
2350,kroeckx,1,0.00041,241566,99.76913,242125
2351,krotscheck,1,0.00041,241567,99.76954,242125
2352,krzywiecki,1,0.00041,241568,99.76995,242125
2353,kshetline,1,0.00041,241569,99.77037,242125
2354,KSXGitHub,1,0.00041,241570,99.77078,242125
2355,kukat,1,0.00041,241571,99.77119,242125
2356,Kundan28,1,0.00041,241572,99.77161,242125
2357,kusold,1,0.00041,241573,99.77202,242125
2358,laggingreflex,1,0.00041,241574,99.77243,242125
2359,lamby,1,0.00041,241575,99.77284,242125
2360,Lange,1,0.00041,241576,99.77326,242125
2361,larrywest42,1,0.00041,241577,99.77367,242125
2362,laurentgoudet,1,0.00041,241578,99.77408,242125
2363,laurio,1,0.00041,241579,99.77450,242125
2364,lbogdan,1,0.00041,241580,99.77491,242125
2365,lehni,1,0.00041,241581,99.77532,242125
2366,lenisha,1,0.00041,241582,99.77574,242125
2367,lenovouser,1,0.00041,241583,99.77615,242125
2368,LeoColomb,1,0.00041,241584,99.77656,242125
2369,lersek,1,0.00041,241585,99.77697,242125
2370,leventov,1,0.00041,241586,99.77739,242125
2371,levibotelho,1,0.00041,241587,99.77780,242125
2372,lewurm,1,0.00041,241588,99.77821,242125
2373,lfaraone,1,0.00041,241589,99.77863,242125
2374,lionello,1,0.00041,241590,99.77904,242125
2375,liuhelen10,1,0.00041,241591,99.77945,242125
2376,LKI,1,0.00041,241592,99.77987,242125
2377,lm1,1,0.00041,241593,99.78028,242125
2378,loilo,1,0.00041,241594,99.78069,242125
2379,Lokua,1,0.00041,241595,99.78110,242125
2380,lopezcjf,1,0.00041,241596,99.78152,242125
2381,lorenzph,1,0.00041,241597,99.78193,242125
2382,lrlna,1,0.00041,241598,99.78234,242125
2383,ls-guillaume-rebesche,1,0.00041,241599,99.78276,242125
2384,LTMenezes,1,0.00041,241600,99.78317,242125
2385,lucalas,1,0.00041,241601,99.78358,242125
2386,luciferous,1,0.00041,241602,99.78400,242125
2387,luhenry,1,0.00041,241603,99.78441,242125
2388,lukecwik,1,0.00041,241604,99.78482,242125
2389,luohao-brian,1,0.00041,241605,99.78523,242125
2390,lusarz,1,0.00041,241606,99.78565,242125
2391,Lusitaniae,1,0.00041,241607,99.78606,242125
2392,lydell,1,0.00041,241608,99.78647,242125
2393,lyzahn2,1,0.00041,241609,99.78689,242125
2394,m1guelpf,1,0.00041,241610,99.78730,242125
2395,m59peacemaker,1,0.00041,241611,99.78771,242125
2396,magicdawn,1,0.00041,241612,99.78813,242125
2397,magro,1,0.00041,241613,99.78854,242125
2398,maks-rafalko,1,0.00041,241614,99.78895,242125
2399,malthejorgensen,1,0.00041,241615,99.78936,242125
2400,malud,1,0.00041,241616,99.78978,242125
2401,Mamboleoo,1,0.00041,241617,99.79019,242125
2402,ManoelLobo,1,0.00041,241618,99.79060,242125
2403,manospasj,1,0.00041,241619,99.79102,242125
2404,manrueda,1,0.00041,241620,99.79143,242125
2405,manuelkollus,1,0.00041,241621,99.79184,242125
2406,marado,1,0.00041,241622,99.79226,242125
2407,MarcelGerber,1,0.00041,241623,99.79267,242125
2408,marceloverdijk,1,0.00041,241624,99.79308,242125
2409,marciovicente,1,0.00041,241625,99.79350,242125
2410,marclipovsky,1,0.00041,241626,99.79391,242125
2411,Marcono1234,1,0.00041,241627,99.79432,242125
2412,marcust,1,0.00041,241628,99.79473,242125
2413,marcuswhybrow,1,0.00041,241629,99.79515,242125
2414,marcysutton,1,0.00041,241630,99.79556,242125
2415,marklagendijk,1,0.00041,241631,99.79597,242125
2416,mark-rushakoff,1,0.00041,241632,99.79639,242125
2417,marlon360,1,0.00041,241633,99.79680,242125
2418,marshall007,1,0.00041,241634,99.79721,242125
2419,MartinKamenov,1,0.00041,241635,99.79763,242125
2420,Maskedman99,1,0.00041,241636,99.79804,242125
2421,masterots,1,0.00041,241637,99.79845,242125
2422,matanlurey,1,0.00041,241638,99.79886,242125
2423,mattbdean,1,0.00041,241639,99.79928,242125
2424,matthauck,1,0.00041,241640,99.79969,242125
2425,matthewayne,1,0.00041,241641,99.80010,242125
2426,matthewcm,1,0.00041,241642,99.80052,242125
2427,matthewloring,1,0.00041,241643,99.80093,242125
2428,MattMcFarland,1,0.00041,241644,99.80134,242125
2429,mattnelson,1,0.00041,241645,99.80176,242125
2430,maxd,1,0.00041,241646,99.80217,242125
2431,MaximRouiller,1,0.00041,241647,99.80258,242125
2432,Mazuh,1,0.00041,241648,99.80299,242125
2433,mbeaudru,1,0.00041,241649,99.80341,242125
2434,mborst,1,0.00041,241650,99.80382,242125
2435,MCAxiaz,1,0.00041,241651,99.80423,242125
2436,mciezadlo,1,0.00041,241652,99.80465,242125
2437,mdonoughe,1,0.00041,241653,99.80506,242125
2438,mduu,1,0.00041,241654,99.80547,242125
2439,meatlewis,1,0.00041,241655,99.80589,242125
2440,medikoo,1,0.00041,241656,99.80630,242125
2441,melquiadess,1,0.00041,241657,99.80671,242125
2442,mesaugat,1,0.00041,241658,99.80712,242125
2443,mgorabbani,1,0.00041,241659,99.80754,242125
2444,mhils,1,0.00041,241660,99.80795,242125
2445,micha149,1,0.00041,241661,99.80836,242125
2446,michaelbjames,1,0.00041,241662,99.80878,242125
2447,michaeljota,1,0.00041,241663,99.80919,242125
2448,michaelsavich,1,0.00041,241664,99.80960,242125
2449,MichaHoffmann,1,0.00041,241665,99.81002,242125
2450,Mickael-van-der-Beek,1,0.00041,241666,99.81043,242125
2451,micmro,1,0.00041,241667,99.81084,242125
2452,Micua,1,0.00041,241668,99.81125,242125
2453,migueldeicaza,1,0.00041,241669,99.81167,242125
2454,migueloller,1,0.00041,241670,99.81208,242125
2455,Miha-x64,1,0.00041,241671,99.81249,242125
2456,mikemaccana,1,0.00041,241672,99.81291,242125
2457,mike-marcacci,1,0.00041,241673,99.81332,242125
2458,mikhailshilkov,1,0.00041,241674,99.81373,242125
2459,mirroredge,1,0.00041,241675,99.81415,242125
2460,mjw56,1,0.00041,241676,99.81456,242125
2461,mkantor,1,0.00041,241677,99.81497,242125
2462,mklement0,1,0.00041,241678,99.81538,242125
2463,mleibman,1,0.00041,241679,99.81580,242125
2464,mmedal,1,0.00041,241680,99.81621,242125
2465,mnpenner,1,0.00041,241681,99.81662,242125
2466,mofr,1,0.00041,241682,99.81704,242125
2467,mohamed-ismat,1,0.00041,241683,99.81745,242125
2468,moismat,1,0.00041,241684,99.81786,242125
2469,monkeym4ster,1,0.00041,241685,99.81828,242125
2470,mook-as,1,0.00041,241686,99.81869,242125
2471,morissette,1,0.00041,241687,99.81910,242125
2472,morningmemo,1,0.00041,241688,99.81951,242125
2473,motet-a,1,0.00041,241689,99.81993,242125
2474,motlin,1,0.00041,241690,99.82034,242125
2475,Mozilla-GitHub-Standards,1,0.00041,241691,99.82075,242125
2476,mpccolorado,1,0.00041,241692,99.82117,242125
2477,mperham,1,0.00041,241693,99.82158,242125
2478,mrblackus,1,0.00041,241694,99.82199,242125
2479,MrDesjardins,1,0.00041,241695,99.82241,242125
2480,mrjgreen,1,0.00041,241696,99.82282,242125
2481,mrmlnc,1,0.00041,241697,99.82323,242125
2482,mr-yamraj,1,0.00041,241698,99.82364,242125
2483,msabramo,1,0.00041,241699,99.82406,242125
2484,msebire,1,0.00041,241700,99.82447,242125
2485,msemtd,1,0.00041,241701,99.82488,242125
2486,msrb,1,0.00041,241702,99.82530,242125
2487,mtotoWamkwe,1,0.00041,241703,99.82571,242125
2488,munificent,1,0.00041,241704,99.82612,242125
2489,mureinik,1,0.00041,241705,99.82654,242125
2490,mwindle,1,0.00041,241706,99.82695,242125
2491,mxstbr,1,0.00041,241707,99.82736,242125
2492,mydea,1,0.00041,241708,99.82777,242125
2493,myungjoo,1,0.00041,241709,99.82819,242125
2494,mzabriskie,1,0.00041,241710,99.82860,242125
2495,mzeddd,1,0.00041,241711,99.82901,242125
2496,Naddiseo,1,0.00041,241712,99.82943,242125
2497,nanonyme,1,0.00041,241713,99.82984,242125
2498,Nargonath,1,0.00041,241714,99.83025,242125
2499,nasht00,1,0.00041,241715,99.83067,242125
2500,Natim,1,0.00041,241716,99.83108,242125
2501,nazrhyn,1,0.00041,241717,99.83149,242125
2502,nbarbettini,1,0.00041,241718,99.83191,242125
2503,nbaztec,1,0.00041,241719,99.83232,242125
2504,nbeckman,1,0.00041,241720,99.83273,242125
2505,ncoghlan,1,0.00041,241721,99.83314,242125
2506,Neaox,1,0.00041,241722,99.83356,242125
2507,Nepomuceno,1,0.00041,241723,99.83397,242125
2508,Nettsentrisk,1,0.00041,241724,99.83438,242125
2509,neu5,1,0.00041,241725,99.83480,242125
2510,NeuralSandwich,1,0.00041,241726,99.83521,242125
2511,newyork-anthonyng,1,0.00041,241727,99.83562,242125
2512,Nicholas-Eng,1,0.00041,241728,99.83604,242125
2513,nikai3d,1,0.00041,241729,99.83645,242125
2514,nikolay-fedotov,1,0.00041,241730,99.83686,242125
2515,nimerritt,1,0.00041,241731,99.83727,242125
2516,nishp1,1,0.00041,241732,99.83769,242125
2517,niustephanie,1,0.00041,241733,99.83810,242125
2518,nivs,1,0.00041,241734,99.83851,242125
2519,njsubedi,1,0.00041,241735,99.83893,242125
2520,nkollar,1,0.00041,241736,99.83934,242125
2521,nkzawa,1,0.00041,241737,99.83975,242125
2522,nLight,1,0.00041,241738,99.84017,242125
2523,nmn,1,0.00041,241739,99.84058,242125
2524,nmschulte,1,0.00041,241740,99.84099,242125
2525,Nolanus,1,0.00041,241741,99.84140,242125
2526,noodleswww,1,0.00041,241742,99.84182,242125
2527,nornagon,1,0.00041,241743,99.84223,242125
2528,notslang,1,0.00041,241744,99.84264,242125
2529,nottrobin,1,0.00041,241745,99.84306,242125
2530,noyesa,1,0.00041,241746,99.84347,242125
2531,nsoranzo,1,0.00041,241747,99.84388,242125
2532,nthcircle,1,0.00041,241748,99.84430,242125
2533,ntherning,1,0.00041,241749,99.84471,242125
2534,nurkiewicz,1,0.00041,241750,99.84512,242125
2535,nwoltman,1,0.00041,241751,99.84553,242125
2536,nykolaslima,1,0.00041,241752,99.84595,242125
2537,nyurik,1,0.00041,241753,99.84636,242125
2538,oconn,1,0.00041,241754,99.84677,242125
2539,odysseuscm,1,0.00041,241755,99.84719,242125
2540,ogix,1,0.00041,241756,99.84760,242125
2541,Oire,1,0.00041,241757,99.84801,242125
2542,okdistribute,1,0.00041,241758,99.84843,242125
2543,oldj,1,0.00041,241759,99.84884,242125
2544,olivierlemasle,1,0.00041,241760,99.84925,242125
2545,omerson,1,0.00041,241761,99.84966,242125
2546,omerzach,1,0.00041,241762,99.85008,242125
2547,ompraash,1,0.00041,241763,99.85049,242125
2548,oporko,1,0.00041,241764,99.85090,242125
2549,Opticsponge,1,0.00041,241765,99.85132,242125
2550,oreissig,1,0.00041,241766,99.85173,242125
2551,Oseenix,1,0.00041,241767,99.85214,242125
2552,ossdev07,1,0.00041,241768,99.85256,242125
2553,oughter,1,0.00041,241769,99.85297,242125
2554,outofgamut,1,0.00041,241770,99.85338,242125
2555,Parcley,1,0.00041,241771,99.85379,242125
2556,pascalim,1,0.00041,241772,99.85421,242125
2557,pataar,1,0.00041,241773,99.85462,242125
2558,pauldraper,1,0.00041,241774,99.85503,242125
2559,paulkass,1,0.00041,241775,99.85545,242125
2560,paulmelnikow,1,0.00041,241776,99.85586,242125
2561,paulradzkov,1,0.00041,241777,99.85627,242125
2562,paustria,1,0.00041,241778,99.85669,242125
2563,pavolloffay,1,0.00041,241779,99.85710,242125
2564,pcornelissen,1,0.00041,241780,99.85751,242125
2565,PedroMiguelSS,1,0.00041,241781,99.85792,242125
2566,pedroprado010,1,0.00041,241782,99.85834,242125
2567,peitek,1,0.00041,241783,99.85875,242125
2568,PeteGillin,1,0.00041,241784,99.85916,242125
2569,peterlenagh,1,0.00041,241785,99.85958,242125
2570,petermbenjamin,1,0.00041,241786,99.85999,242125
2571,petermikitsh,1,0.00041,241787,99.86040,242125
2572,pfsmorigo,1,0.00041,241788,99.86082,242125
2573,Philipp91,1,0.00041,241789,99.86123,242125
2574,philippgille,1,0.00041,241790,99.86164,242125
2575,phillipj,1,0.00041,241791,99.86205,242125
2576,Piccirello,1,0.00041,241792,99.86247,242125
2577,PiDelport,1,0.00041,241793,99.86288,242125
2578,pietvandongen,1,0.00041,241794,99.86329,242125
2579,pjhjohn,1,0.00041,241795,99.86371,242125
2580,pkallos,1,0.00041,241796,99.86412,242125
2581,PKief,1,0.00041,241797,99.86453,242125
2582,plaes,1,0.00041,241798,99.86495,242125
2583,platinumazure,1,0.00041,241799,99.86536,242125
2584,plokhotnyuk,1,0.00041,241800,99.86577,242125
2585,pmeerw,1,0.00041,241801,99.86618,242125
2586,poison,1,0.00041,241802,99.86660,242125
2587,PolinaRodimova,1,0.00041,241803,99.86701,242125
2588,portolucas,1,0.00041,241804,99.86742,242125
2589,praveenn-vbi,1,0.00041,241805,99.86784,242125
2590,prempalsingh,1,0.00041,241806,99.86825,242125
2591,pRizz,1,0.00041,241807,99.86866,242125
2592,protyposis,1,0.00041,241808,99.86908,242125
2593,psteitz,1,0.00041,241809,99.86949,242125
2594,ptrain,1,0.00041,241810,99.86990,242125
2595,puku0x,1,0.00041,241811,99.87031,242125
2596,puradox,1,0.00041,241812,99.87073,242125
2597,pvanderlinden,1,0.00041,241813,99.87114,242125
2598,pvoisin,1,0.00041,241814,99.87155,242125
2599,qerub,1,0.00041,241815,99.87197,242125
2600,qinix,1,0.00041,241816,99.87238,242125
2601,qix,1,0.00041,241817,99.87279,242125
2602,qqbuby,1,0.00041,241818,99.87321,242125
2603,qw-in,1,0.00041,241819,99.87362,242125
2604,Qw-in,1,0.00041,241820,99.87403,242125
2605,qwwdfsad,1,0.00041,241821,99.87445,242125
2606,radarhere,1,0.00041,241822,99.87486,242125
2607,radiovisual,1,0.00041,241823,99.87527,242125
2608,rafrex,1,0.00041,241824,99.87568,242125
2609,Raghavan1993,1,0.00041,241825,99.87610,242125
2610,rah-gupta,1,0.00041,241826,99.87651,242125
2611,rahulkotecha,1,0.00041,241827,99.87692,242125
2612,Rantanen,1,0.00041,241828,99.87734,242125
2613,redeyes2015,1,0.00041,241829,99.87775,242125
2614,reedfeng,1,0.00041,241830,99.87816,242125
2615,rellect,1,0.00041,241831,99.87858,242125
2616,remcowesterhoud,1,0.00041,241832,99.87899,242125
2617,remko,1,0.00041,241833,99.87940,242125
2618,renanpvaz,1,0.00041,241834,99.87981,242125
2619,renewooller,1,0.00041,241835,99.88023,242125
2620,reviewher,1,0.00041,241836,99.88064,242125
2621,revington,1,0.00041,241837,99.88105,242125
2622,rexxars,1,0.00041,241838,99.88147,242125
2623,rgeraldporter,1,0.00041,241839,99.88188,242125
2624,rgraffbrd,1,0.00041,241840,99.88229,242125
2625,rhelms,1,0.00041,241841,99.88271,242125
2626,rhmoller,1,0.00041,241842,99.88312,242125
2627,rhysmccaig,1,0.00041,241843,99.88353,242125
2628,ricardogama,1,0.00041,241844,99.88394,242125
2629,richardfearn,1,0.00041,241845,99.88436,242125
2630,RichardLitt,1,0.00041,241846,99.88477,242125
2631,rickyvetter,1,0.00041,241847,99.88518,242125
2632,ricokahler,1,0.00041,241848,99.88560,242125
2633,rike422,1,0.00041,241849,99.88601,242125
2634,rivertam,1,0.00041,241850,99.88642,242125
2635,rjackson-dev-ops,1,0.00041,241851,99.88684,242125
2636,rjamet,1,0.00041,241852,99.88725,242125
2637,rjruizes,1,0.00041,241853,99.88766,242125
2638,rmariuzzo,1,0.00041,241854,99.88807,242125
2639,rmg,1,0.00041,241855,99.88849,242125
2640,rmharrison,1,0.00041,241856,99.88890,242125
2641,RobDesideri,1,0.00041,241857,99.88931,242125
2642,robinkanters,1,0.00041,241858,99.88973,242125
2643,RoboBurned,1,0.00041,241859,99.89014,242125
2644,roboshoes,1,0.00041,241860,99.89055,242125
2645,RochesterinNYC,1,0.00041,241861,99.89097,242125
2646,rockymeza,1,0.00041,241862,99.89138,242125
2647,rodrigobdz,1,0.00041,241863,99.89179,242125
2648,roman01la,1,0.00041,241864,99.89220,242125
2649,RomanGotsiy,1,0.00041,241865,99.89262,242125
2650,roman-mazur,1,0.00041,241866,99.89303,242125
2651,romeovs,1,0.00041,241867,99.89344,242125
2652,roncain,1,0.00041,241868,99.89386,242125
2653,rootsher,1,0.00041,241869,99.89427,242125
2654,rouanw,1,0.00041,241870,99.89468,242125
2655,roymiloh,1,0.00041,241871,99.89510,242125
2656,rszalski,1,0.00041,241872,99.89551,242125
2657,rtfpessoa,1,0.00041,241873,99.89592,242125
2658,rtsao,1,0.00041,241874,99.89633,242125
2659,rubycut,1,0.00041,241875,99.89675,242125
2660,RudarDaman,1,0.00041,241876,99.89716,242125
2661,rudolfolah,1,0.00041,241877,99.89757,242125
2662,Runrioter,1,0.00041,241878,99.89799,242125
2663,ruphin,1,0.00041,241879,99.89840,242125
2664,russellpwirtz,1,0.00041,241880,99.89881,242125
2665,russgray,1,0.00041,241881,99.89923,242125
2666,rwaldron,1,0.00041,241882,99.89964,242125
2667,rwieruch,1,0.00041,241883,99.90005,242125
2668,ryancyq,1,0.00041,241884,99.90046,242125
2669,ryan-williams,1,0.00041,241885,99.90088,242125
2670,rybon,1,0.00041,241886,99.90129,242125
2671,ryouaki,1,0.00041,241887,99.90170,242125
2672,S2-,1,0.00041,241888,99.90212,242125
2673,saadq,1,0.00041,241889,99.90253,242125
2674,saadtazi,1,0.00041,241890,99.90294,242125
2675,SaeedPrez,1,0.00041,241891,99.90336,242125
2676,sam09,1,0.00041,241892,99.90377,242125
2677,samccone,1,0.00041,241893,99.90418,242125
2678,samdenty99,1,0.00041,241894,99.90459,242125
2679,samerbuna,1,0.00041,241895,99.90501,242125
2680,samliebow,1,0.00041,241896,99.90542,242125
2681,samuelkarp,1,0.00041,241897,99.90583,242125
2682,sandwichsudo,1,0.00041,241898,99.90625,242125
2683,Sanjo,1,0.00041,241899,99.90666,242125
2684,sanniassin,1,0.00041,241900,99.90707,242125
2685,santiagoaguiar,1,0.00041,241901,99.90749,242125
2686,sarangjo,1,0.00041,241902,99.90790,242125
2687,satansk,1,0.00041,241903,99.90831,242125
2688,satta,1,0.00041,241904,99.90872,242125
2689,sbley,1,0.00041,241905,99.90914,242125
2690,sbomer,1,0.00041,241906,99.90955,242125
2691,sbrl,1,0.00041,241907,99.90996,242125
2692,schwigri,1,0.00041,241908,99.91038,242125
2693,scjody,1,0.00041,241909,99.91079,242125
2694,scottmarlow,1,0.00041,241910,99.91120,242125
2695,ScottyBauer,1,0.00041,241911,99.91162,242125
2696,ScriptSmith,1,0.00041,241912,99.91203,242125
2697,seawatts,1,0.00041,241913,99.91244,242125
2698,sehrope,1,0.00041,241914,99.91285,242125
2699,seiyria,1,0.00041,241915,99.91327,242125
2700,sendilkumarn,1,0.00041,241916,99.91368,242125
2701,seratch,1,0.00041,241917,99.91409,242125
2702,serchavalos,1,0.00041,241918,99.91451,242125
2703,sergei-zelinsky,1,0.00041,241919,99.91492,242125
2704,sergiopantoja,1,0.00041,241920,99.91533,242125
2705,shaggygi,1,0.00041,241921,99.91575,242125
2706,shahmeet999,1,0.00041,241922,99.91616,242125
2707,shawninder,1,0.00041,241923,99.91657,242125
2708,sheerun,1,0.00041,241924,99.91699,242125
2709,shlomif,1,0.00041,241925,99.91740,242125
2710,siamak,1,0.00041,241926,99.91781,242125
2711,sibelius,1,0.00041,241927,99.91822,242125
2712,sibiraj-s,1,0.00041,241928,99.91864,242125
2713,sidps,1,0.00041,241929,99.91905,242125
2714,Sieabah,1,0.00041,241930,99.91946,242125
2715,sigmundch,1,0.00041,241931,99.91988,242125
2716,silvermanj7,1,0.00041,241932,99.92029,242125
2717,simeg,1,0.00041,241933,99.92070,242125
2718,sinkingpoint,1,0.00041,241934,99.92112,242125
2719,sjrd,1,0.00041,241935,99.92153,242125
2720,skjolber,1,0.00041,241936,99.92194,242125
2721,skotniczny,1,0.00041,241937,99.92235,242125
2722,Sky161,1,0.00041,241938,99.92277,242125
2723,skyline-123,1,0.00041,241939,99.92318,242125
2724,skyzyx,1,0.00041,241940,99.92359,242125
2725,slandelle,1,0.00041,241941,99.92401,242125
2726,slang800,1,0.00041,241942,99.92442,242125
2727,slavanga,1,0.00041,241943,99.92483,242125
2728,sliceofbytes,1,0.00041,241944,99.92525,242125
2729,slintes,1,0.00041,241945,99.92566,242125
2730,SomeoneWeird,1,0.00041,241946,99.92607,242125
2731,sondrele,1,0.00041,241947,99.92648,242125
2732,sonnemaf,1,0.00041,241948,99.92690,242125
2733,sothawo,1,0.00041,241949,99.92731,242125
2734,southpolesteve,1,0.00041,241950,99.92772,242125
2735,spegelref,1,0.00041,241951,99.92814,242125
2736,sprockow,1,0.00041,241952,99.92855,242125
2737,spshant,1,0.00041,241953,99.92896,242125
2738,sputnik13,1,0.00041,241954,99.92938,242125
2739,sqrthree,1,0.00041,241955,99.92979,242125
2740,Sridhar-MS,1,0.00041,241956,99.93020,242125
2741,srn,1,0.00041,241957,99.93061,242125
2742,sschuberth,1,0.00041,241958,99.93103,242125
2743,Standard8,1,0.00041,241959,99.93144,242125
2744,StefMa,1,0.00041,241960,99.93185,242125
2745,StephenBonikowsky,1,0.00041,241961,99.93227,242125
2746,stephengroat,1,0.00041,241962,99.93268,242125
2747,StephenMolloy,1,0.00041,241963,99.93309,242125
2748,stephlag,1,0.00041,241964,99.93351,242125
2749,steveklabnik,1,0.00041,241965,99.93392,242125
2750,SteveL-MSFT,1,0.00041,241966,99.93433,242125
2751,stevenbenitez,1,0.00041,241967,99.93474,242125
2752,stevenschlansker,1,0.00041,241968,99.93516,242125
2753,steve-taylor,1,0.00041,241969,99.93557,242125
2754,stonexer,1,0.00041,241970,99.93598,242125
2755,stovocor,1,0.00041,241971,99.93640,242125
2756,sttk,1,0.00041,241972,99.93681,242125
2757,sumanvyj,1,0.00041,241973,99.93722,242125
2758,sunorry,1,0.00041,241974,99.93764,242125
2759,svetlyak40wt,1,0.00041,241975,99.93805,242125
2760,sweiss-google,1,0.00041,241976,99.93846,242125
2761,sYnfo,1,0.00041,241977,99.93887,242125
2762,Syrok,1,0.00041,241978,99.93929,242125
2763,szepeviktor,1,0.00041,241979,99.93970,242125
2764,Tahler,1,0.00041,241980,99.94011,242125
2765,tanyabrassie,1,0.00041,241981,99.94053,242125
2766,TATDK,1,0.00041,241982,99.94094,242125
2767,taylorhutchison,1,0.00041,241983,99.94135,242125
2768,tbartley,1,0.00041,241984,99.94177,242125
2769,tbroyer,1,0.00041,241985,99.94218,242125
2770,tdg5,1,0.00041,241986,99.94259,242125
2771,tdhooper,1,0.00041,241987,99.94300,242125
2772,teameh,1,0.00041,241988,99.94342,242125
2773,TechDimension,1,0.00041,241989,99.94383,242125
2774,teeram,1,0.00041,241990,99.94424,242125
2775,testcenter,1,0.00041,241991,99.94466,242125
2776,tgallacher,1,0.00041,241992,99.94507,242125
2777,tgriesser,1,0.00041,241993,99.94548,242125
2778,ThaddeusJiang,1,0.00041,241994,99.94590,242125
2779,tharunjose,1,0.00041,241995,99.94631,242125
2780,thatJavaNerd,1,0.00041,241996,99.94672,242125
2781,thebergamo,1,0.00041,241997,99.94713,242125
2782,TheBusCantSwim,1,0.00041,241998,99.94755,242125
2783,theganyo,1,0.00041,241999,99.94796,242125
2784,TheInnerParty,1,0.00041,242000,99.94837,242125
2785,themez,1,0.00041,242001,99.94879,242125
2786,theromis,1,0.00041,242002,99.94920,242125
2787,TheSharpieOne,1,0.00041,242003,99.94961,242125
2788,the-vampiire,1,0.00041,242004,99.95003,242125
2789,thibautRe,1,0.00041,242005,99.95044,242125
2790,thomasdarimont,1,0.00041,242006,99.95085,242125
2791,ThomasSimoens,1,0.00041,242007,99.95126,242125
2792,thommymo,1,0.00041,242008,99.95168,242125
2793,tiangolo,1,0.00041,242009,99.95209,242125
2794,Timer,1,0.00041,242010,99.95250,242125
2795,timkindberg,1,0.00041,242011,99.95292,242125
2796,Timokasse,1,0.00041,242012,99.95333,242125
2797,TimonVS,1,0.00041,242013,99.95374,242125
2798,tj,1,0.00041,242014,99.95416,242125
2799,tjmehta,1,0.00041,242015,99.95457,242125
2800,tlantz,1,0.00041,242016,99.95498,242125
2801,tnunes,1,0.00041,242017,99.95539,242125
2802,TomK32,1,0.00041,242018,99.95581,242125
2803,tommagnusson,1,0.00041,242019,99.95622,242125
2804,TomyJaya,1,0.00041,242020,99.95663,242125
2805,tonybaloney,1,0.00041,242021,99.95705,242125
2806,Treora,1,0.00041,242022,99.95746,242125
2807,trierra,1,0.00041,242023,99.95787,242125
2808,trodrigues,1,0.00041,242024,99.95829,242125
2809,truelixin,1,0.00041,242025,99.95870,242125
2810,ttulka,1,0.00041,242026,99.95911,242125
2811,tugrul,1,0.00041,242027,99.95953,242125
2812,TundraFizz,1,0.00041,242028,99.95994,242125
2813,tvillaluz,1,0.00041,242029,99.96035,242125
2814,twillouer,1,0.00041,242030,99.96076,242125
2815,twk-b,1,0.00041,242031,99.96118,242125
2816,twlkyao,1,0.00041,242032,99.96159,242125
2817,tycho,1,0.00041,242033,99.96200,242125
2818,tyrsius,1,0.00041,242034,99.96242,242125
2819,ulope,1,0.00041,242035,99.96283,242125
2820,unlimitedsola,1,0.00041,242036,99.96324,242125
2821,user890104,1,0.00041,242037,99.96366,242125
2822,uweschaefer,1,0.00041,242038,99.96407,242125
2823,ValentinTrinque,1,0.00041,242039,99.96448,242125
2824,Vampire,1,0.00041,242040,99.96489,242125
2825,vanbujm,1,0.00041,242041,99.96531,242125
2826,vanta,1,0.00041,242042,99.96572,242125
2827,vanthome,1,0.00041,242043,99.96613,242125
2828,vbauer,1,0.00041,242044,99.96655,242125
2829,vcsjones,1,0.00041,242045,99.96696,242125
2830,vdukhovni,1,0.00041,242046,99.96737,242125
2831,vegetableman,1,0.00041,242047,99.96779,242125
2832,vernondegoede,1,0.00041,242048,99.96820,242125
2833,victorwangyang,1,0.00041,242049,99.96861,242125
2834,vinaydate,1,0.00041,242050,99.96902,242125
2835,vincentbernat,1,0.00041,242051,99.96944,242125
2836,viniciusls,1,0.00041,242052,99.96985,242125
2837,vitaliy-bobrov,1,0.00041,242053,99.97026,242125
2838,vkhv,1,0.00041,242054,99.97068,242125
2839,vladgolubev,1,0.00041,242055,99.97109,242125
2840,vmalloc,1,0.00041,242056,99.97150,242125
2841,vmosyaykin,1,0.00041,242057,99.97192,242125
2842,vovkvlad,1,0.00041,242058,99.97233,242125
2843,vstinner,1,0.00041,242059,99.97274,242125
2844,wallali,1,0.00041,242060,99.97315,242125
2845,Wang-Sen,1,0.00041,242061,99.97357,242125
2846,warapitiya,1,0.00041,242062,99.97398,242125
2847,warrenseymour,1,0.00041,242063,99.97439,242125
2848,webprofusion-chrisc,1,0.00041,242064,99.97481,242125
2849,weiluntong,1,0.00041,242065,99.97522,242125
2850,weswigham,1,0.00041,242066,99.97563,242125
2851,willbeaufoy,1,0.00041,242067,99.97605,242125
2852,willfarrell,1,0.00041,242068,99.97646,242125
2853,williamdes,1,0.00041,242069,99.97687,242125
2854,william-lohan,1,0.00041,242070,99.97728,242125
2855,Willv19,1,0.00041,242071,99.97770,242125
2856,wizawu,1,0.00041,242072,99.97811,242125
2857,wla80,1,0.00041,242073,99.97852,242125
2858,WLun001,1,0.00041,242074,99.97894,242125
2859,wojtekmaj,1,0.00041,242075,99.97935,242125
2860,woloski,1,0.00041,242076,99.97976,242125
2861,worldsense-tms,1,0.00041,242077,99.98018,242125
2862,WORMSS,1,0.00041,242078,99.98059,242125
2863,worthy7,1,0.00041,242079,99.98100,242125
2864,WouterG,1,0.00041,242080,99.98141,242125
2865,Wykks,1,0.00041,242081,99.98183,242125
2866,xdumaine,1,0.00041,242082,99.98224,242125
2867,xeno-by,1,0.00041,242083,99.98265,242125
2868,xfh,1,0.00041,242084,99.98307,242125
2869,xied75,1,0.00041,242085,99.98348,242125
2870,xobotyi,1,0.00041,242086,99.98389,242125
2871,Xorlev,1,0.00041,242087,99.98431,242125
2872,Xuanwo,1,0.00041,242088,99.98472,242125
2873,XZ-X,1,0.00041,242089,99.98513,242125
2874,YairHalberstadt,1,0.00041,242090,99.98554,242125
2875,yang-xia,1,0.00041,242091,99.98596,242125
2876,yanick,1,0.00041,242092,99.98637,242125
2877,yankouskia,1,0.00041,242093,99.98678,242125
2878,yanxyz,1,0.00041,242094,99.98720,242125
2879,yaodingyd,1,0.00041,242095,99.98761,242125
2880,Yasumoto,1,0.00041,242096,99.98802,242125
2881,yavorski,1,0.00041,242097,99.98844,242125
2882,yaziza,1,0.00041,242098,99.98885,242125
2883,yehezkielbs,1,0.00041,242099,99.98926,242125
2884,yjcxy12,1,0.00041,242100,99.98967,242125
2885,yochem,1,0.00041,242101,99.99009,242125
2886,yorkie,1,0.00041,242102,99.99050,242125
2887,yrodiere,1,0.00041,242103,99.99091,242125
2888,ytan29,1,0.00041,242104,99.99133,242125
2889,ytRino,1,0.00041,242105,99.99174,242125
2890,yuj,1,0.00041,242106,99.99215,242125
2891,yume-chan,1,0.00041,242107,99.99257,242125
2892,yurrriq,1,0.00041,242108,99.99298,242125
2893,yvele,1,0.00041,242109,99.99339,242125
2894,yxl,1,0.00041,242110,99.99380,242125
2895,zackify,1,0.00041,242111,99.99422,242125
2896,zakhenry,1,0.00041,242112,99.99463,242125
2897,zakness,1,0.00041,242113,99.99504,242125
2898,zce,1,0.00041,242114,99.99546,242125
2899,zcwang,1,0.00041,242115,99.99587,242125
2900,zdroid,1,0.00041,242116,99.99628,242125
2901,zeke,1,0.00041,242117,99.99670,242125
2902,zerok,1,0.00041,242118,99.99711,242125
2903,zhaosiyang,1,0.00041,242119,99.99752,242125
2904,zhengjunxin,1,0.00041,242120,99.99793,242125
2905,zhiliangxu,1,0.00041,242121,99.99835,242125
2906,ZhitongLei,1,0.00041,242122,99.99876,242125
2907,zsmb13,1,0.00041,242123,99.99917,242125
2908,zuohuadong,1,0.00041,242124,99.99959,242125
2909,zxqfox,1,0.00041,242125,100.00000,242125
