rank_number,actor,commits,percent,cumulative_sum,cumulative_percent,all_commits
1,mhevery,23009,8.41009,23009,8.41009,273588
2,IgorMinar,12727,4.65189,35736,13.06198,273588
3,AndrewKushnir,9580,3.50162,45316,16.56359,273588
4,levitte,9229,3.37332,54545,19.93691,273588
5,stephentoub,8754,3.19970,63299,23.13661,273588
6,vicb,8029,2.93470,71328,26.07132,273588
7,matsko,6940,2.53666,78268,28.60798,273588
8,XhmikosR,6283,2.29652,84551,30.90450,273588
9,alxhub,5324,1.94599,89875,32.85049,273588
10,petebacondarwin,5219,1.90761,95094,34.75810,273588
11,cowtowncoder,4817,1.76068,99911,36.51878,273588
12,kara,4680,1.71060,104591,38.22938,273588
13,alexeagle,4614,1.68648,109205,39.91586,273588
14,dougwilson,4309,1.57500,113514,41.49085,273588
15,jdalton,3757,1.37323,117271,42.86409,273588
16,mdo,3450,1.26102,120721,44.12511,273588
17,jasonaden,3267,1.19413,123988,45.31924,273588
18,chuckjaz,2611,0.95435,126599,46.27359,273588
19,blesh,2576,0.94156,129175,47.21516,273588
20,gkalpak,2556,0.93425,131731,48.14941,273588
21,tbosch,2179,0.79645,133910,48.94586,273588
22,gaearon,2163,0.79060,136073,49.73647,273588
23,Johann-S,2026,0.74053,138099,50.47699,273588
24,zloirock,2021,0.73870,140120,51.21570,273588
25,mattcaswell,1998,0.73030,142118,51.94599,273588
26,vsavkin,1687,0.61662,143805,52.56261,273588
27,richsalz,1622,0.59286,145427,53.15547,273588
28,crisbeto,1525,0.55741,146952,53.71288,273588
29,benlesh,1466,0.53584,148418,54.24872,273588
30,cvrebert,1466,0.53584,149884,54.78457,273588
31,MartijnCuppens,1383,0.50550,151267,55.29007,273588
32,epoberezkin,1343,0.49088,152610,55.78096,273588
33,bgrainger,1333,0.48723,153943,56.26818,273588
34,danmosemsft,1309,0.47846,155252,56.74664,273588
35,cpovirk,1272,0.46493,156524,57.21157,273588
36,vikerman,1268,0.46347,157792,57.67504,273588
37,pkozlowski-opensource,1236,0.45177,159028,58.12682,273588
38,cgdecker,1233,0.45068,160261,58.57750,273588
39,lrytz,1212,0.44300,161473,59.02050,273588
40,Narretz,1197,0.43752,162670,59.45802,273588
41,safern,1126,0.41157,163796,59.86958,273588
42,LutzJaenicke,1116,0.40791,164912,60.27750,273588
43,atscott,1102,0.40280,166014,60.68029,273588
44,hansl,1070,0.39110,167084,61.07139,273588
45,CharliePoole,993,0.36295,168077,61.43435,273588
46,jkotas,968,0.35382,169045,61.78816,273588
47,zpao,963,0.35199,170008,62.14015,273588
48,ViktorHofer,941,0.34395,170949,62.48410,273588
49,adriaanm,925,0.33810,171874,62.82220,273588
50,dot-asm,896,0.32750,172770,63.14970,273588
51,rprouse,895,0.32713,173665,63.47683,273588
52,retronym,886,0.32384,174551,63.80068,273588
53,JamesNK,865,0.31617,175416,64.11685,273588
54,bcoe,849,0.31032,176265,64.42717,273588
55,timdorr,844,0.30849,177109,64.73566,273588
56,snhenson,800,0.29241,177909,65.02807,273588
57,devversion,796,0.29095,178705,65.31902,273588
58,weshaggard,772,0.28218,179477,65.60120,273588
59,patrickhlauke,765,0.27962,180242,65.88081,273588
60,christopherthielen,746,0.27267,180988,66.15349,273588
61,jeffbcross,726,0.26536,181714,66.41885,273588
62,ceki,725,0.26500,182439,66.68385,273588
63,patrickkettner,722,0.26390,183161,66.94775,273588
64,ericstj,698,0.25513,183859,67.20287,273588
65,xzyfer,692,0.25294,184551,67.45581,273588
66,spicyj,674,0.24636,185225,67.70217,273588
67,SethTisue,664,0.24270,185889,67.94487,273588
68,sindresorhus,664,0.24270,186553,68.18757,273588
69,hughbe,638,0.23320,187191,68.42076,273588
70,sophiebits,627,0.22918,187818,68.64994,273588
71,bvaughn,626,0.22881,188444,68.87875,273588
72,JonHanna,622,0.22735,189066,69.10610,273588
73,bartonjs,614,0.22443,189680,69.33053,273588
74,jnm2,612,0.22369,190292,69.55422,273588
75,garydgregory,567,0.20725,190859,69.76147,273588
76,fellows3,561,0.20505,191420,69.96652,273588
77,aearly,550,0.20103,191970,70.16755,273588
78,davidsh,538,0.19665,192508,70.36420,273588
79,acdlite,535,0.19555,193043,70.55975,273588
80,mellinoe,517,0.18897,193560,70.74872,273588
81,mprobst,508,0.18568,194068,70.93440,273588
82,petkaantonov,487,0.17800,194555,71.11240,273588
83,rkirov,483,0.17654,195038,71.28895,273588
84,ichernev,473,0.17289,195511,71.46183,273588
85,jelbourn,471,0.17216,195982,71.63399,273588
86,mjackson,471,0.17216,196453,71.80615,273588
87,ahsonkhan,461,0.16850,196914,71.97465,273588
88,ariya,447,0.16338,197361,72.13803,273588
89,indexzero,429,0.15681,197790,72.29484,273588
90,mgol,424,0.15498,198214,72.44982,273588
91,kennethreitz,419,0.15315,198633,72.60297,273588
92,bernd-edlinger,414,0.15132,199047,72.75429,273588
93,jimfb,410,0.14986,199457,72.90415,273588
94,VSadov,408,0.14913,199865,73.05328,273588
95,filipesilva,404,0.14767,200269,73.20094,273588
96,maxokorokov,401,0.14657,200670,73.34752,273588
97,ellismg,397,0.14511,201067,73.49262,273588
98,joperezr,397,0.14511,201464,73.63773,273588
99,tarekgh,397,0.14511,201861,73.78284,273588
100,isaacs,396,0.14474,202257,73.92758,273588
101,sebmarkbage,381,0.13926,202638,74.06685,273588
102,btford,380,0.13889,203018,74.20574,273588
103,megawac,379,0.13853,203397,74.34427,273588
104,paulidale,377,0.13780,203774,74.48207,273588
105,PascalSchumacher,372,0.13597,204146,74.61804,273588
106,ocombe,371,0.13561,204517,74.75364,273588
107,knalli,363,0.13268,204880,74.88633,273588
108,rzwitserloot,358,0.13085,205238,75.01718,273588
109,JeremyKuhne,355,0.12976,205593,75.14694,273588
110,som-snytt,348,0.12720,205941,75.27413,273588
111,karelz,339,0.12391,206280,75.39804,273588
112,kyliau,332,0.12135,206612,75.51939,273588
113,wtgodbe,331,0.12098,206943,75.64038,273588
114,ianhays,325,0.11879,207268,75.75917,273588
115,Priya91,319,0.11660,207587,75.87577,273588
116,davegandy,316,0.11550,207903,75.99127,273588
117,hueniverse,315,0.11514,208218,76.10641,273588
118,mzgol,307,0.11221,208525,76.21862,273588
119,timmywil,307,0.11221,208832,76.33083,273588
120,mlaval,302,0.11038,209134,76.44122,273588
121,marclaval,300,0.10965,209434,76.55087,273588
122,simov,300,0.10965,209734,76.66053,273588
123,yjbanov,294,0.10746,210028,76.76799,273588
124,Anipik,293,0.10710,210321,76.87508,273588
125,Lukasa,287,0.10490,210608,76.97998,273588
126,evmar,286,0.10454,210894,77.08452,273588
127,nhunzaker,285,0.10417,211179,77.18869,273588
128,calvinmetcalf,282,0.10307,211461,77.29177,273588
129,JiaLiPassion,282,0.10307,211743,77.39484,273588
130,ok2c,282,0.10307,212025,77.49792,273588
131,szeiger,279,0.10198,212304,77.59989,273588
132,rejas,275,0.10052,212579,77.70041,273588
133,jbogarthyde,272,0.09942,212851,77.79983,273588
134,PaulGap,271,0.09905,213122,77.89888,273588
135,scottgonzalez,271,0.09905,213393,77.99794,273588
136,juliemr,270,0.09869,213663,78.09663,273588
137,trueadm,268,0.09796,213931,78.19458,273588
138,kegluneq,267,0.09759,214198,78.29218,273588
139,inder123,265,0.09686,214463,78.38904,273588
140,lgalfaso,263,0.09613,214726,78.48517,273588
141,andresgalante,257,0.09394,214983,78.57910,273588
142,kroeckx,252,0.09211,215235,78.67121,273588
143,krwq,252,0.09211,215487,78.76332,273588
144,ljharb,247,0.09028,215734,78.85360,273588
145,markerikson,246,0.08992,215980,78.94352,273588
146,mary-poppins,245,0.08955,216225,79.03307,273588
147,wardbell,238,0.08699,216463,79.12006,273588
148,ChrisMaddock,236,0.08626,216699,79.20632,273588
149,gregmagolan,232,0.08480,216931,79.29112,273588
150,kapunahelewong,229,0.08370,217160,79.37483,273588
151,mmitche,228,0.08334,217388,79.45816,273588
152,jonschlinkert,227,0.08297,217615,79.54113,273588
153,rspilker,227,0.08297,217842,79.62411,273588
154,mspncp,224,0.08187,218066,79.70598,273588
155,josephperrott,220,0.08041,218286,79.78639,273588
156,broofa,219,0.08005,218505,79.86644,273588
157,ekasper,219,0.08005,218724,79.94649,273588
158,tannergooding,218,0.07968,218942,80.02617,273588
159,britter,217,0.07932,219159,80.10549,273588
160,chcosta,217,0.07932,219376,80.18480,273588
161,mde,216,0.07895,219592,80.26375,273588
162,mmalerba,216,0.07895,219808,80.34271,273588
163,wfurt,214,0.07822,220022,80.42092,273588
164,alan-agius4,209,0.07639,220231,80.49732,273588
165,jbedard,206,0.07530,220437,80.57261,273588
166,GrabYourPitchforks,205,0.07493,220642,80.64754,273588
167,nguerrera,202,0.07383,220844,80.72138,273588
168,coliff,201,0.07347,221045,80.79484,273588
169,aweary,195,0.07128,221240,80.86612,273588
170,bartdesmet,193,0.07054,221433,80.93666,273588
171,shmao,193,0.07054,221626,81.00721,273588
172,steveharter,193,0.07054,221819,81.07775,273588
173,justinvp,191,0.06981,222010,81.14756,273588
174,lowasser,190,0.06945,222200,81.21701,273588
175,bardiharborow,188,0.06872,222388,81.28573,273588
176,chenkie,187,0.06835,222575,81.35408,273588
177,saurabh500,182,0.06652,222757,81.42060,273588
178,MattGal,180,0.06579,222937,81.48640,273588
179,sebbASF,179,0.06543,223116,81.55182,273588
180,benjamingr,171,0.06250,223287,81.61433,273588
181,andrewseguin,167,0.06104,223454,81.67537,273588
182,JoostK,167,0.06104,223621,81.73641,273588
183,mcollina,167,0.06104,223788,81.79745,273588
184,DataTables,164,0.05994,223952,81.85739,273588
185,sameb,162,0.05921,224114,81.91660,273588
186,bep,161,0.05885,224275,81.97545,273588
187,sjtrimble,161,0.05885,224436,82.03430,273588
188,TimothyGu,161,0.05885,224597,82.09315,273588
189,marwahaha,158,0.05775,224755,82.15090,273588
190,FdaSilvaYY,157,0.05739,224912,82.20828,273588
191,maryamariyan,157,0.05739,225069,82.26567,273588
192,Foxandxss,156,0.05702,225225,82.32269,273588
193,kluever,153,0.05592,225378,82.37861,273588
194,tmat,153,0.05592,225531,82.43454,273588
195,flarnie,151,0.05519,225682,82.48973,273588
196,jonathantneal,151,0.05519,225833,82.54492,273588
197,ronshapiro,151,0.05519,225984,82.60011,273588
198,xuwei-k,151,0.05519,226135,82.65531,273588
199,tagliala,150,0.05483,226285,82.71013,273588
200,caitp,147,0.05373,226432,82.76386,273588
201,cexbrayat,147,0.05373,226579,82.81759,273588
202,davidfowl,147,0.05373,226726,82.87132,273588
203,AtsushiKan,146,0.05336,226872,82.92469,273588
204,twbs-grunt,145,0.05300,227017,82.97769,273588
205,markelog,144,0.05263,227161,83.03032,273588
206,joshfree,141,0.05154,227302,83.08186,273588
207,Qix-,141,0.05154,227443,83.13340,273588
208,feross,138,0.05044,227581,83.18384,273588
209,kaduk,138,0.05044,227719,83.23428,273588
210,corivera,135,0.04934,227854,83.28362,273588
211,eiriktsarpalis,134,0.04898,227988,83.33260,273588
212,gibson042,133,0.04861,228121,83.38122,273588
213,eerhardt,132,0.04825,228253,83.42946,273588
214,chirayuk,131,0.04788,228384,83.47735,273588
215,Bezier89,130,0.04752,228514,83.52486,273588
216,jamesqo,130,0.04752,228644,83.57238,273588
217,marijnh,130,0.04752,228774,83.61990,273588
218,mikkelbu,128,0.04679,228902,83.66668,273588
219,diesalbla,127,0.04642,229029,83.71310,273588
220,mikeal,123,0.04496,229152,83.75806,273588
221,ryanflorence,123,0.04496,229275,83.80302,273588
222,am11,120,0.04386,229395,83.84688,273588
223,benaadams,120,0.04386,229515,83.89074,273588
224,nschonni,120,0.04386,229635,83.93460,273588
225,vancem,119,0.04350,229754,83.97810,273588
226,dwijnand,117,0.04277,229871,84.02086,273588
227,phated,117,0.04277,229988,84.06363,273588
228,dagood,116,0.04240,230104,84.10603,273588
229,pat270,115,0.04203,230219,84.14806,273588
230,slontis,113,0.04130,230332,84.18937,273588
231,vsn4ik,113,0.04130,230445,84.23067,273588
232,jnizet,111,0.04057,230556,84.27124,273588
233,tmshort,111,0.04057,230667,84.31181,273588
234,ysds,111,0.04057,230778,84.35238,273588
235,janekdb,109,0.03984,230887,84.39222,273588
236,naomiblack,109,0.03984,230996,84.43207,273588
237,captbaritone,108,0.03948,231104,84.47154,273588
238,geoffkizer,108,0.03948,231212,84.51102,273588
239,vjeux,108,0.03948,231320,84.55049,273588
240,jteplitz602,107,0.03911,231427,84.58960,273588
241,pshrmn,107,0.03911,231534,84.62871,273588
242,robertmesserle,106,0.03874,231640,84.66746,273588
243,sigmavirus24,106,0.03874,231746,84.70620,273588
244,marek-safar,105,0.03838,231851,84.74458,273588
245,tmds,104,0.03801,231955,84.78259,273588
246,ericeil,103,0.03765,232058,84.82024,273588
247,gijsbotje,103,0.03765,232161,84.85789,273588
248,kouvel,103,0.03765,232264,84.89554,273588
249,jzaefferer,102,0.03728,232366,84.93282,273588
250,m5o,102,0.03728,232468,84.97010,273588
251,necolas,102,0.03728,232570,85.00738,273588
252,gotwarlost,101,0.03692,232671,85.04430,273588
253,ayazhafiz,100,0.03655,232771,85.08085,273588
254,filipnavara,100,0.03655,232871,85.11740,273588
255,netomi,100,0.03655,232971,85.15395,273588
256,pjanotti,100,0.03655,233071,85.19051,273588
257,DABH,99,0.03619,233170,85.22669,273588
258,trotyl,99,0.03619,233269,85.26288,273588
259,oznetmaster,98,0.03582,233367,85.29870,273588
260,saper,98,0.03582,233465,85.33452,273588
261,hrhino,97,0.03545,233562,85.36997,273588
262,talbs,97,0.03545,233659,85.40543,273588
263,jashkenas,96,0.03509,233755,85.44052,273588
264,julienrf,96,0.03509,233851,85.47561,273588
265,MarcoRossignoli,93,0.03399,233944,85.50960,273588
266,InfoHunter,92,0.03363,234036,85.54323,273588
267,ryanseddon,92,0.03363,234128,85.57685,273588
268,sepidehkh,92,0.03363,234220,85.61048,273588
269,ziluvatar,92,0.03363,234312,85.64411,273588
270,analog-nico,91,0.03326,234403,85.67737,273588
271,dmethvin,91,0.03326,234494,85.71063,273588
272,huanwu,91,0.03326,234585,85.74389,273588
273,robwormald,91,0.03326,234676,85.77715,273588
274,fitzgen,90,0.03290,234766,85.81005,273588
275,jridgewell,90,0.03290,234856,85.84295,273588
276,maxrimue,90,0.03290,234946,85.87584,273588
277,nexdrew,90,0.03290,235036,85.90874,273588
278,swankjesse,90,0.03290,235126,85.94163,273588
279,wesleycho,90,0.03290,235216,85.97453,273588
280,CIPop,89,0.03253,235305,86.00706,273588
281,mj1856,89,0.03253,235394,86.03959,273588
282,benouat,88,0.03217,235482,86.07176,273588
283,brandonroberts,88,0.03217,235570,86.10392,273588
284,JedWatson,87,0.03180,235657,86.13572,273588
285,que-etc,87,0.03180,235744,86.16752,273588
286,jfromaniello,86,0.03143,235830,86.19896,273588
287,MichalStrehovsky,86,0.03143,235916,86.23039,273588
288,davidben,85,0.03107,236001,86.26146,273588
289,pallavit,85,0.03107,236086,86.29253,273588
290,khdang,84,0.03070,236170,86.32323,273588
291,nateabele,84,0.03070,236254,86.35393,273588
292,tinayuangao,83,0.03034,236337,86.38427,273588
293,jaredhanson,82,0.02997,236419,86.41424,273588
294,maxbeatty,82,0.02997,236501,86.44422,273588
295,stash-sfdc,82,0.02997,236583,86.47419,273588
296,abetomo,81,0.02961,236664,86.50379,273588
297,Maxwe11,81,0.02961,236745,86.53340,273588
298,gunnarmorling,80,0.02924,236825,86.56264,273588
299,shadowspawn,80,0.02924,236905,86.59188,273588
300,gsmet,79,0.02888,236984,86.62076,273588
301,PatrickJS,78,0.02851,237062,86.64927,273588
302,pauli-oracle,78,0.02851,237140,86.67778,273588
303,AlexGhiondea,77,0.02814,237217,86.70592,273588
304,ashtuchkin,77,0.02814,237294,86.73407,273588
305,caleblloyd,77,0.02814,237371,86.76221,273588
306,rmkerr,76,0.02778,237447,86.78999,273588
307,alexperovich,75,0.02741,237522,86.81740,273588
308,janvorli,75,0.02741,237597,86.84482,273588
309,juliangruber,75,0.02741,237672,86.87223,273588
310,kevinb9n,75,0.02741,237747,86.89964,273588
311,chembu,74,0.02705,237821,86.92669,273588
312,ellenaua,74,0.02705,237895,86.95374,273588
313,hnrch02,74,0.02705,237969,86.98079,273588
314,koba04,74,0.02705,238043,87.00784,273588
315,zalog,74,0.02705,238117,87.03488,273588
316,Aweary,73,0.02668,238190,87.06157,273588
317,robmadole,73,0.02668,238263,87.08825,273588
318,pgavlin,72,0.02632,238335,87.11457,273588
319,joshlemer,71,0.02595,238406,87.14052,273588
320,romen,71,0.02595,238477,87.16647,273588
321,jenniferfell,70,0.02559,238547,87.19206,273588
322,lukesandberg,70,0.02559,238617,87.21764,273588
323,sepidehMS,70,0.02559,238687,87.24323,273588
324,timrwood,70,0.02559,238757,87.26881,273588
325,gkhanna79,69,0.02522,238826,87.29403,273588
326,jhendrixMSFT,69,0.02522,238895,87.31925,273588
327,alexindigo,68,0.02485,238963,87.34411,273588
328,kkirsche,68,0.02485,239031,87.36896,273588
329,mkarg,68,0.02485,239099,87.39382,273588
330,supergibbs,68,0.02485,239167,87.41867,273588
331,lmolkova,67,0.02449,239234,87.44316,273588
332,mgechev,67,0.02449,239301,87.46765,273588
333,blakeembrey,66,0.02412,239367,87.49178,273588
334,falsyvalues,66,0.02412,239433,87.51590,273588
335,gdi2290,66,0.02412,239499,87.54002,273588
336,Herst,66,0.02412,239565,87.56415,273588
337,Lausselloic,66,0.02412,239631,87.58827,273588
338,thorn0,66,0.02412,239697,87.61240,273588
339,nlf,65,0.02376,239762,87.63615,273588
340,hargasinski,64,0.02339,239826,87.65955,273588
341,nateprewitt,64,0.02339,239890,87.68294,273588
342,Clockwork-Muse,63,0.02303,239953,87.70597,273588
343,kevmoo,63,0.02303,240016,87.72899,273588
344,NthPortal,62,0.02266,240078,87.75166,273588
345,satazor,61,0.02230,240139,87.77395,273588
346,AlexRadch,60,0.02193,240199,87.79588,273588
347,goto-bus-stop,60,0.02193,240259,87.81781,273588
348,JakeWharton,60,0.02193,240319,87.83974,273588
349,t8m,60,0.02193,240379,87.86168,273588
350,Wraith2,60,0.02193,240439,87.88361,273588
351,arb,59,0.02157,240498,87.90517,273588
352,RyanZim,58,0.02120,240556,87.92637,273588
353,akre54,57,0.02083,240613,87.94721,273588
354,benlaurie,57,0.02083,240670,87.96804,273588
355,PeEllAvaj,57,0.02083,240727,87.98887,273588
356,arekinath,56,0.02047,240783,88.00934,273588
357,jfmengels,56,0.02047,240839,88.02981,273588
358,madler,56,0.02047,240895,88.05028,273588
359,milessabin,56,0.02047,240951,88.07075,273588
360,p-steuer,56,0.02047,241007,88.09122,273588
361,chtompki,55,0.02010,241062,88.11132,273588
362,edevil,55,0.02010,241117,88.13142,273588
363,EgorBo,55,0.02010,241172,88.15153,273588
364,hackcraft,55,0.02010,241227,88.17163,273588
365,jsfb,55,0.02010,241282,88.19173,273588
366,KrzysztofCwalina,55,0.02010,241337,88.21184,273588
367,stevemao,55,0.02010,241392,88.23194,273588
368,buyaa-n,54,0.01974,241446,88.25168,273588
369,caesar1995,54,0.01974,241500,88.27142,273588
370,threepointone,54,0.01974,241554,88.29115,273588
371,Varunram,54,0.01974,241608,88.31089,273588
372,bershanskiy,53,0.01937,241661,88.33026,273588
373,brianrob,53,0.01937,241714,88.34964,273588
374,jquense,53,0.01937,241767,88.36901,273588
375,kwalrath,53,0.01937,241820,88.38838,273588
376,layomia,53,0.01937,241873,88.40775,273588
377,michaelficarra,53,0.01937,241926,88.42712,273588
378,Petermarcu,53,0.01937,241979,88.44650,273588
379,Ichoran,52,0.01901,242031,88.46550,273588
380,realityking,52,0.01901,242083,88.48451,273588
381,smile21prc,52,0.01901,242135,88.50352,273588
382,stash,52,0.01901,242187,88.52252,273588
383,dwmw2,51,0.01864,242238,88.54116,273588
384,ghedo,51,0.01864,242289,88.55981,273588
385,kinow,51,0.01864,242340,88.57845,273588
386,martine,51,0.01864,242391,88.59709,273588
387,zhiyelee,51,0.01864,242442,88.61573,273588
388,leo,50,0.01828,242492,88.63400,273588
389,OmarTawfik,50,0.01828,242542,88.65228,273588
390,qmfrederik,50,0.01828,242592,88.67056,273588
391,sdmaclea,50,0.01828,242642,88.68883,273588
392,shahata,50,0.01828,242692,88.70711,273588
393,vanesyan,50,0.01828,242742,88.72538,273588
394,ashawley,49,0.01791,242791,88.74329,273588
395,krosenvold,49,0.01791,242840,88.76120,273588
396,akoeplinger,48,0.01754,242888,88.77875,273588
397,emilyemorehouse,48,0.01754,242936,88.79629,273588
398,JohnTortugo,48,0.01754,242984,88.81384,273588
399,pieroxy,48,0.01754,243032,88.83138,273588
400,Splaktar,48,0.01754,243080,88.84893,273588
401,nylen,47,0.01718,243127,88.86611,273588
402,Arkni,46,0.01681,243173,88.88292,273588
403,astrahov,46,0.01681,243219,88.89973,273588
404,Brianmanden,46,0.01681,243265,88.91655,273588
405,chonton,46,0.01681,243311,88.93336,273588
406,jrtom,46,0.01681,243357,88.95017,273588
407,cellog,45,0.01645,243402,88.96662,273588
408,dcousens,45,0.01645,243447,88.98307,273588
409,paulirish,45,0.01645,243492,88.99952,273588
410,arschmitz,44,0.01608,243536,89.01560,273588
411,dimo414,44,0.01608,243580,89.03168,273588
412,eed3si9n,44,0.01608,243624,89.04777,273588
413,frederikprijck,44,0.01608,243668,89.06385,273588
414,jteplitz,44,0.01608,243712,89.07993,273588
415,mathiasbynens,44,0.01608,243756,89.09601,273588
416,staabm,44,0.01608,243800,89.11210,273588
417,terrajobst,44,0.01608,243844,89.12818,273588
418,wojtask9,44,0.01608,243888,89.14426,273588
419,bbbrumley,43,0.01572,243931,89.15998,273588
420,beldmit,43,0.01572,243974,89.17569,273588
421,d10,43,0.01572,244017,89.19141,273588
422,mkeskells,43,0.01572,244060,89.20713,273588
423,CaerusKaru,42,0.01535,244102,89.22248,273588
424,cpojer,42,0.01535,244144,89.23783,273588
425,iamandrewluca,42,0.01535,244186,89.25318,273588
426,maggiepint,42,0.01535,244228,89.26854,273588
427,mureinik,42,0.01535,244270,89.28389,273588
428,DzmitryShylovich,41,0.01499,244311,89.29887,273588
429,kapilash,41,0.01499,244352,89.31386,273588
430,motdotla,41,0.01499,244393,89.32884,273588
431,tijoytom,41,0.01499,244434,89.34383,273588
432,Toxicable,41,0.01499,244475,89.35882,273588
433,karajas,40,0.01462,244515,89.37344,273588
434,sywhang,40,0.01462,244555,89.38806,273588
435,amcdnl,39,0.01426,244594,89.40231,273588
436,evanvosberg,39,0.01426,244633,89.41657,273588
437,joyent-automation,39,0.01426,244672,89.43082,273588
438,pakrym,39,0.01426,244711,89.44508,273588
439,PascalPrecht,39,0.01426,244750,89.45933,273588
440,WilliamKoza,39,0.01426,244789,89.47359,273588
441,fbasso,38,0.01389,244827,89.48748,273588
442,florianlacreuse,38,0.01389,244865,89.50137,273588
443,kohei-takata,38,0.01389,244903,89.51526,273588
444,Philippus,38,0.01389,244941,89.52915,273588
445,santoshyadav198613,38,0.01389,244979,89.54304,273588
446,ScottSWu,38,0.01389,245017,89.55693,273588
447,elas7,37,0.01352,245054,89.57045,273588
448,joroKr21,37,0.01352,245091,89.58397,273588
449,nymanjens,37,0.01352,245128,89.59750,273588
450,OverZealous,37,0.01352,245165,89.61102,273588
451,AaronRobinsonMSFT,36,0.01316,245201,89.62418,273588
452,bassjobsen,36,0.01316,245237,89.63734,273588
453,coreyfarrell,36,0.01316,245273,89.65050,273588
454,cston,36,0.01316,245309,89.66365,273588
455,fiigii,36,0.01316,245345,89.67681,273588
456,jkoritzinsky,36,0.01316,245381,89.68997,273588
457,lacker,36,0.01316,245417,89.70313,273588
458,mafintosh,36,0.01316,245453,89.71629,273588
459,maririos,36,0.01316,245489,89.72945,273588
460,openssl-machine,36,0.01316,245525,89.74261,273588
461,pvorb,36,0.01316,245561,89.75576,273588
462,spion,36,0.01316,245597,89.76892,273588
463,twsouthwick,36,0.01316,245633,89.78208,273588
464,adrianheine,35,0.01279,245668,89.79487,273588
465,blikblum,35,0.01279,245703,89.80767,273588
466,pvdlg,35,0.01279,245738,89.82046,273588
467,venkat-raman251,35,0.01279,245773,89.83325,273588
468,dsgouda,34,0.01243,245807,89.84568,273588
469,geleems,34,0.01243,245841,89.85811,273588
470,nickuraltsev,34,0.01243,245875,89.87054,273588
471,RJPercival,34,0.01243,245909,89.88296,273588
472,bendrucker,33,0.01206,245942,89.89502,273588
473,cushon,33,0.01206,245975,89.90709,273588
474,icfantv,33,0.01206,246008,89.91915,273588
475,JohnRGee,33,0.01206,246041,89.93121,273588
476,keyz,33,0.01206,246074,89.94327,273588
477,seanstrom,33,0.01206,246107,89.95533,273588
478,SimenB,33,0.01206,246140,89.96740,273588
479,sokket,33,0.01206,246173,89.97946,273588
480,crummel,32,0.01170,246205,89.99115,273588
481,gkossakowski,32,0.01170,246237,90.00285,273588
482,glebm,32,0.01170,246269,90.01455,273588
483,martijnhoekstra,32,0.01170,246301,90.02624,273588
484,pose,32,0.01170,246333,90.03794,273588
485,Quy,32,0.01170,246365,90.04964,273588
486,VladUreche,32,0.01170,246397,90.06133,273588
487,adamsitnik,31,0.01133,246428,90.07266,273588
488,alekitto,31,0.01133,246459,90.08399,273588
489,ashsearle,31,0.01133,246490,90.09533,273588
490,hankduan,31,0.01133,246521,90.10666,273588
491,Marusyk,31,0.01133,246552,90.11799,273588
492,BendingBender,30,0.01097,246582,90.12895,273588
493,codecalm,30,0.01097,246612,90.13992,273588
494,hramos,30,0.01097,246642,90.15088,273588
495,pra85,30,0.01097,246672,90.16185,273588
496,StephenFluin,30,0.01097,246702,90.17281,273588
497,swseverance,30,0.01097,246732,90.18378,273588
498,WinCPP,30,0.01097,246762,90.19475,273588
499,divdavem,29,0.01060,246791,90.20535,273588
500,felipewmartins,29,0.01060,246820,90.21595,273588
501,GeoSot,29,0.01060,246849,90.22655,273588
502,luqunl,29,0.01060,246878,90.23714,273588
503,mleguen,29,0.01060,246907,90.24774,273588
504,netdpb,29,0.01060,246936,90.25834,273588
505,nglorioso,29,0.01060,246965,90.26894,273588
506,pgovind,29,0.01060,246994,90.27954,273588
507,soc,29,0.01060,247023,90.29014,273588
508,alfaproject,28,0.01023,247051,90.30038,273588
509,cironunes,28,0.01023,247079,90.31061,273588
510,davglass,28,0.01023,247107,90.32085,273588
511,fnagel,28,0.01023,247135,90.33108,273588
512,FrederikSchlemmer,28,0.01023,247163,90.34132,273588
513,morganbr,28,0.01023,247191,90.35155,273588
514,omajid,28,0.01023,247219,90.36178,273588
515,petetnt,28,0.01023,247247,90.37202,273588
516,rjamet,28,0.01023,247275,90.38225,273588
517,smarter,28,0.01023,247303,90.39249,273588
518,svick,28,0.01023,247331,90.40272,273588
519,Tratcher,28,0.01023,247359,90.41296,273588
520,willshowell,28,0.01023,247387,90.42319,273588
521,AfsanehR,27,0.00987,247414,90.43306,273588
522,ahasall,27,0.00987,247441,90.44293,273588
523,Dmitry-Me,27,0.00987,247468,90.45280,273588
524,joecritch,27,0.00987,247495,90.46267,273588
525,jon-oracle,27,0.00987,247522,90.47254,273588
526,LinusU,27,0.00987,247549,90.48240,273588
527,lucascono,27,0.00987,247576,90.49227,273588
528,m-amr,27,0.00987,247603,90.50214,273588
529,manekinekko,27,0.00987,247630,90.51201,273588
530,SedarG,27,0.00987,247657,90.52188,273588
531,sts-ryan-holton,27,0.00987,247684,90.53175,273588
532,tracyjordan,27,0.00987,247711,90.54162,273588
533,tspaeth,27,0.00987,247738,90.55149,273588
534,vanduynslagerp,27,0.00987,247765,90.56136,273588
535,vojtajina,27,0.00987,247792,90.57122,273588
536,wKoza,27,0.00987,247819,90.58109,273588
537,AArnott,26,0.00950,247845,90.59060,273588
538,carlossanlop,26,0.00950,247871,90.60010,273588
539,dariajung,26,0.00950,247897,90.60960,273588
540,dcherman,26,0.00950,247923,90.61911,273588
541,jakemac53,26,0.00950,247949,90.62861,273588
542,Jasper-M,26,0.00950,247975,90.63811,273588
543,jcrugzz,26,0.00950,248001,90.64762,273588
544,keyanzhang,26,0.00950,248027,90.65712,273588
545,Marsup,26,0.00950,248053,90.66662,273588
546,mattbishop,26,0.00950,248079,90.67613,273588
547,tromey,26,0.00950,248105,90.68563,273588
548,yujayee,26,0.00950,248131,90.69513,273588
549,chalin,25,0.00914,248156,90.70427,273588
550,ChrisAlderson,25,0.00914,248181,90.71341,273588
551,davidjb,25,0.00914,248206,90.72255,273588
552,dicko2,25,0.00914,248231,90.73168,273588
553,felixmulder,25,0.00914,248256,90.74082,273588
554,FredKSchott,25,0.00914,248281,90.74996,273588
555,goderbauer,25,0.00914,248306,90.75910,273588
556,Khaledgarbaya,25,0.00914,248331,90.76824,273588
557,stevemoser,25,0.00914,248356,90.77737,273588
558,tony19,25,0.00914,248381,90.78651,273588
559,zamont,25,0.00914,248406,90.79565,273588
560,DanielRuf,24,0.00877,248430,90.80442,273588
561,iamdustan,24,0.00877,248454,90.81319,273588
562,mikem8361,24,0.00877,248478,90.82197,273588
563,NE-SmallTown,24,0.00877,248502,90.83074,273588
564,peterblazejewicz,24,0.00877,248526,90.83951,273588
565,rahku,24,0.00877,248550,90.84828,273588
566,scalablecory,24,0.00877,248574,90.85706,273588
567,StevenBlack,24,0.00877,248598,90.86583,273588
568,tu4mo,24,0.00877,248622,90.87460,273588
569,chenglou,23,0.00841,248645,90.88301,273588
570,contra,23,0.00841,248668,90.89141,273588
571,danbev,23,0.00841,248691,90.89982,273588
572,DDvO,23,0.00841,248714,90.90823,273588
573,ivanzotov,23,0.00841,248737,90.91663,273588
574,juleskremer,23,0.00841,248760,90.92504,273588
575,kentcdodds,23,0.00841,248783,90.93345,273588
576,qizhanMS,23,0.00841,248806,90.94185,273588
577,reconbot,23,0.00841,248829,90.95026,273588
578,richlander,23,0.00841,248852,90.95867,273588
579,satano,23,0.00841,248875,90.96707,273588
580,TrySound,23,0.00841,248898,90.97548,273588
581,alfonso-presa,22,0.00804,248920,90.98352,273588
582,axelheer,22,0.00804,248942,90.99156,273588
583,chkal,22,0.00804,248964,90.99961,273588
584,jiayi11,22,0.00804,248986,91.00765,273588
585,JohnPostlethwait,22,0.00804,249008,91.01569,273588
586,mattez,22,0.00804,249030,91.02373,273588
587,mconnew,22,0.00804,249052,91.03177,273588
588,mhatvan,22,0.00804,249074,91.03981,273588
589,sarunint,22,0.00804,249096,91.04785,273588
590,stevenbrix,22,0.00804,249118,91.05589,273588
591,vcsjones,22,0.00804,249140,91.06394,273588
592,viktorklang,22,0.00804,249162,91.07198,273588
593,alex,21,0.00768,249183,91.07965,273588
594,baulig,21,0.00768,249204,91.08733,273588
595,chandanndeep,21,0.00768,249225,91.09500,273588
596,ericmartinezr,21,0.00768,249246,91.10268,273588
597,jcagme,21,0.00768,249267,91.11036,273588
598,krytarowski,21,0.00768,249288,91.11803,273588
599,philipp-spiess,21,0.00768,249309,91.12571,273588
600,Potapy4,21,0.00768,249330,91.13338,273588
601,SamVerschueren,21,0.00768,249351,91.14106,273588
602,SekibOmazic,21,0.00768,249372,91.14873,273588
603,spericas,21,0.00768,249393,91.15641,273588
604,sunn-e,21,0.00768,249414,91.16409,273588
605,TheSavior,21,0.00768,249435,91.17176,273588
606,timruffles,21,0.00768,249456,91.17944,273588
607,tmorehouse,21,0.00768,249477,91.18711,273588
608,xiaoyinl,21,0.00768,249498,91.19479,273588
609,yungsters,21,0.00768,249519,91.20247,273588
610,bbowyersmyth,20,0.00731,249539,91.20978,273588
611,chicoxyzzy,20,0.00731,249559,91.21709,273588
612,dariobraun,20,0.00731,249579,91.22440,273588
613,Drawaes,20,0.00731,249599,91.23171,273588
614,ericmdantas,20,0.00731,249619,91.23902,273588
615,hqueue,20,0.00731,249639,91.24633,273588
616,jcblw,20,0.00731,249659,91.25364,273588
617,neilhem,20,0.00731,249679,91.26095,273588
618,OmicronPersei,20,0.00731,249699,91.26826,273588
619,raphamorim,20,0.00731,249719,91.27557,273588
620,scotttrinh,20,0.00731,249739,91.28288,273588
621,sezeresen,20,0.00731,249759,91.29019,273588
622,shrutigarg,20,0.00731,249779,91.29750,273588
623,sjrd,20,0.00731,249799,91.30481,273588
624,supercodepoet,20,0.00731,249819,91.31212,273588
625,thomas-mcdonald,20,0.00731,249839,91.31943,273588
626,typicaljoe,20,0.00731,249859,91.32674,273588
627,willdean,20,0.00731,249879,91.33405,273588
628,719media,19,0.00694,249898,91.34099,273588
629,aickin,19,0.00694,249917,91.34794,273588
630,baooab,19,0.00694,249936,91.35488,273588
631,cebor,19,0.00694,249955,91.36183,273588
632,gionkunz,19,0.00694,249974,91.36877,273588
633,jsoref,19,0.00694,249993,91.37572,273588
634,jyoungyun,19,0.00694,250012,91.38266,273588
635,m-alzam,19,0.00694,250031,91.38961,273588
636,marcin-wosinek,19,0.00694,250050,91.39655,273588
637,MitMaro,19,0.00694,250069,91.40350,273588
638,niksy,19,0.00694,250088,91.41044,273588
639,pdehaan,19,0.00694,250107,91.41739,273588
640,pentp,19,0.00694,250126,91.42433,273588
641,rafaelss95,19,0.00694,250145,91.43128,273588
642,SomeKittens,19,0.00694,250164,91.43822,273588
643,substack,19,0.00694,250183,91.44517,273588
644,tomocchino,19,0.00694,250202,91.45211,273588
645,TrevorKarjanis,19,0.00694,250221,91.45906,273588
646,troygoode,19,0.00694,250240,91.46600,273588
647,ttowncompiled,19,0.00694,250259,91.47294,273588
648,ahmadnassri,18,0.00658,250277,91.47952,273588
649,alexwolfe,18,0.00658,250295,91.48610,273588
650,andreasschroth,18,0.00658,250313,91.49268,273588
651,caesar-chen,18,0.00658,250331,91.49926,273588
652,chlowell,18,0.00658,250349,91.50584,273588
653,garhbod,18,0.00658,250367,91.51242,273588
654,graingert,18,0.00658,250385,91.51900,273588
655,jaypinho,18,0.00658,250403,91.52558,273588
656,jeremyvii,18,0.00658,250421,91.53216,273588
657,JustinRChou,18,0.00658,250439,91.53874,273588
658,jvican,18,0.00658,250457,91.54532,273588
659,kadimi,18,0.00658,250475,91.55190,273588
660,kevva,18,0.00658,250493,91.55847,273588
661,kittenking,18,0.00658,250511,91.56505,273588
662,laskoviymishka,18,0.00658,250529,91.57163,273588
663,robrich,18,0.00658,250547,91.57821,273588
664,royklutman,18,0.00658,250565,91.58479,273588
665,sendilkumarn,18,0.00658,250583,91.59137,273588
666,amilajack,17,0.00621,250600,91.59758,273588
667,Andarist,17,0.00621,250617,91.60380,273588
668,AntonLapounov,17,0.00621,250634,91.61001,273588
669,clydin,17,0.00621,250651,91.61623,273588
670,dmjones,17,0.00621,250668,91.62244,273588
671,doowb,17,0.00621,250685,91.62865,273588
672,github-john-doe,17,0.00621,250702,91.63487,273588
673,helmutgranda,17,0.00621,250719,91.64108,273588
674,jarrodyellets,17,0.00621,250736,91.64729,273588
675,jbhensley,17,0.00621,250753,91.65351,273588
676,jbnicolai,17,0.00621,250770,91.65972,273588
677,jcouv,17,0.00621,250787,91.66594,273588
678,jorive,17,0.00621,250804,91.67215,273588
679,loganfsmyth,17,0.00621,250821,91.67836,273588
680,marocchino,17,0.00621,250838,91.68458,273588
681,matbech,17,0.00621,250855,91.69079,273588
682,mikesherov,17,0.00621,250872,91.69700,273588
683,ochafik,17,0.00621,250889,91.70322,273588
684,piperchester,17,0.00621,250906,91.70943,273588
685,rhenium,17,0.00621,250923,91.71565,273588
686,SGuyGe,17,0.00621,250940,91.72186,273588
687,shuhei,17,0.00621,250957,91.72807,273588
688,sjelin,17,0.00621,250974,91.73429,273588
689,stevermeister,17,0.00621,250991,91.74050,273588
690,syranide,17,0.00621,251008,91.74671,273588
691,tkesgar,17,0.00621,251025,91.75293,273588
692,valorkin,17,0.00621,251042,91.75914,273588
693,vijaykota,17,0.00621,251059,91.76536,273588
694,vszakats,17,0.00621,251076,91.77157,273588
695,wesleytodd,17,0.00621,251093,91.77778,273588
696,arjantijms,16,0.00585,251109,91.78363,273588
697,bastienmoulia,16,0.00585,251125,91.78948,273588
698,bradlygreen,16,0.00585,251141,91.79533,273588
699,chris-smith-zocdoc,16,0.00585,251157,91.80118,273588
700,damieng,16,0.00585,251173,91.80702,273588
701,dragos,16,0.00585,251189,91.81287,273588
702,erikvanderpoel,16,0.00585,251205,91.81872,273588
703,exoego,16,0.00585,251221,91.82457,273588
704,Goodwine,16,0.00585,251237,91.83042,273588
705,grant-d,16,0.00585,251253,91.83626,273588
706,hoyosjs,16,0.00585,251269,91.84211,273588
707,jackmu95,16,0.00585,251285,91.84796,273588
708,jasonLaster,16,0.00585,251301,91.85381,273588
709,jchawkins725,16,0.00585,251317,91.85966,273588
710,JoseIgor,16,0.00585,251333,91.86551,273588
711,kenneth-reitz,16,0.00585,251349,91.87135,273588
712,lunaruan,16,0.00585,251365,91.87720,273588
713,macjohnny,16,0.00585,251381,91.88305,273588
714,mmikowski,16,0.00585,251397,91.88890,273588
715,okazou,16,0.00585,251413,91.89475,273588
716,othiym23,16,0.00585,251429,91.90060,273588
717,pgilad,16,0.00585,251445,91.90644,273588
718,Puigcerber,16,0.00585,251461,91.91229,273588
719,rdarcy1,16,0.00585,251477,91.91814,273588
720,rvagg,16,0.00585,251493,91.92399,273588
721,rxaviers,16,0.00585,251509,91.92984,273588
722,shaneparsons,16,0.00585,251525,91.93568,273588
723,stevehobbsdev,16,0.00585,251541,91.94153,273588
724,TylerBrinkley,16,0.00585,251557,91.94738,273588
725,tylermcginnis,16,0.00585,251573,91.95323,273588
726,vatsan-madhavan,16,0.00585,251589,91.95908,273588
727,vivian-hu,16,0.00585,251605,91.96493,273588
728,wackerm,16,0.00585,251621,91.97077,273588
729,YingP99,16,0.00585,251637,91.97662,273588
730,ymeine,16,0.00585,251653,91.98247,273588
731,arvind0598,15,0.00548,251668,91.98795,273588
732,battaglr,15,0.00548,251683,91.99344,273588
733,billyjanitsch,15,0.00548,251698,91.99892,273588
734,cshung,15,0.00548,251713,92.00440,273588
735,danielsogl,15,0.00548,251728,92.00988,273588
736,devongovett,15,0.00548,251743,92.01537,273588
737,dherges,15,0.00548,251758,92.02085,273588
738,drpicox,15,0.00548,251773,92.02633,273588
739,gjungb,15,0.00548,251788,92.03181,273588
740,hseok-oh,15,0.00548,251803,92.03730,273588
741,jahanzaibsuleman07,15,0.00548,251818,92.04278,273588
742,johndoe31415,15,0.00548,251833,92.04826,273588
743,JustinBeckwith,15,0.00548,251848,92.05375,273588
744,kanongil,15,0.00548,251863,92.05923,273588
745,kutyel,15,0.00548,251878,92.06471,273588
746,kvlsrg,15,0.00548,251893,92.07019,273588
747,lacolaco,15,0.00548,251908,92.07568,273588
748,LittleHuba,15,0.00548,251923,92.08116,273588
749,malkomich,15,0.00548,251938,92.08664,273588
750,midzer,15,0.00548,251953,92.09212,273588
751,naamunds,15,0.00548,251968,92.09761,273588
752,rheh,15,0.00548,251983,92.10309,273588
753,Simek,15,0.00548,251998,92.10857,273588
754,spacebark,15,0.00548,252013,92.11405,273588
755,Starsam80,15,0.00548,252028,92.11954,273588
756,stevenaw,15,0.00548,252043,92.12502,273588
757,tomato42,15,0.00548,252058,92.13050,273588
758,vanillajonathan,15,0.00548,252073,92.13599,273588
759,wenzhixin,15,0.00548,252088,92.14147,273588
760,yuyokk,15,0.00548,252103,92.14695,273588
761,zertosh,15,0.00548,252118,92.15243,273588
762,Daniel15,14,0.00512,252132,92.15755,273588
763,defunctzombie,14,0.00512,252146,92.16267,273588
764,dota17,14,0.00512,252160,92.16779,273588
765,DrewScoggins,14,0.00512,252174,92.17290,273588
766,georgewilde,14,0.00512,252188,92.17802,273588
767,gourlaysama,14,0.00512,252202,92.18314,273588
768,hepin1989,14,0.00512,252216,92.18825,273588
769,JaZo,14,0.00512,252230,92.19337,273588
770,juergba,14,0.00512,252244,92.19849,273588
771,jvitela,14,0.00512,252258,92.20361,273588
772,KatherineGShaw,14,0.00512,252272,92.20872,273588
773,kukac7,14,0.00512,252286,92.21384,273588
774,leshasmp,14,0.00512,252300,92.21896,273588
775,LoicGoyet,14,0.00512,252314,92.22407,273588
776,mapleeit,14,0.00512,252328,92.22919,273588
777,michaelgeorgeattard,14,0.00512,252342,92.23431,273588
778,mschoudry,14,0.00512,252356,92.23943,273588
779,mspae,14,0.00512,252370,92.24454,273588
780,nchikanov,14,0.00512,252384,92.24966,273588
781,NikolayPianikov,14,0.00512,252398,92.25478,273588
782,ramarag,14,0.00512,252412,92.25989,273588
783,ruippeixotog,14,0.00512,252426,92.26501,273588
784,spencer1573,14,0.00512,252440,92.27013,273588
785,ssskip,14,0.00512,252454,92.27525,273588
786,vannitotaro,14,0.00512,252468,92.28036,273588
787,x64architecture,14,0.00512,252482,92.28548,273588
788,yangshun,14,0.00512,252496,92.29060,273588
789,yeiacatl,14,0.00512,252510,92.29571,273588
790,adeora,13,0.00475,252523,92.30047,273588
791,alfredmyers,13,0.00475,252536,92.30522,273588
792,andreialecu,13,0.00475,252549,92.30997,273588
793,aswaterman,13,0.00475,252562,92.31472,273588
794,atomiomi,13,0.00475,252575,92.31947,273588
795,benbraou,13,0.00475,252588,92.32422,273588
796,BobChao87,13,0.00475,252601,92.32898,273588
797,davidwrighton,13,0.00475,252614,92.33373,273588
798,EasySec,13,0.00475,252627,92.33848,273588
799,evocateur,13,0.00475,252640,92.34323,273588
800,gbalykov,13,0.00475,252653,92.34798,273588
801,grimreaper,13,0.00475,252666,92.35273,273588
802,guidovranken,13,0.00475,252679,92.35749,273588
803,isaacl,13,0.00475,252692,92.36224,273588
804,jamiekrug,13,0.00475,252705,92.36699,273588
805,jesselpalmer,13,0.00475,252718,92.37174,273588
806,jkotalik,13,0.00475,252731,92.37649,273588
807,JLHwung,13,0.00475,252744,92.38124,273588
808,Kikobeats,13,0.00475,252757,92.38600,273588
809,KostaVlev,13,0.00475,252770,92.39075,273588
810,Krinkle,13,0.00475,252783,92.39550,273588
811,kstanger,13,0.00475,252796,92.40025,273588
812,LeonardoBraga,13,0.00475,252809,92.40500,273588
813,michael-o,13,0.00475,252822,92.40975,273588
814,notrab,13,0.00475,252835,92.41451,273588
815,omsmith,13,0.00475,252848,92.41926,273588
816,paulmillr,13,0.00475,252861,92.42401,273588
817,PeteGillin,13,0.00475,252874,92.42876,273588
818,prateekgoel,13,0.00475,252887,92.43351,273588
819,roji,13,0.00475,252900,92.43826,273588
820,simonihmig,13,0.00475,252913,92.44302,273588
821,splincode,13,0.00475,252926,92.44777,273588
822,sreeramu,13,0.00475,252939,92.45252,273588
823,StringEpsilon,13,0.00475,252952,92.45727,273588
824,tamascsaba,13,0.00475,252965,92.46202,273588
825,TedSander,13,0.00475,252978,92.46677,273588
826,teropa,13,0.00475,252991,92.47153,273588
827,textbook,13,0.00475,253004,92.47628,273588
828,tjvantoll,13,0.00475,253017,92.48103,273588
829,vatsan-madhavan-msft,13,0.00475,253030,92.48578,273588
830,agnosticdev,12,0.00439,253042,92.49017,273588
831,agrandi,12,0.00439,253054,92.49455,273588
832,allanrenucci,12,0.00439,253066,92.49894,273588
833,asnowwolf,12,0.00439,253078,92.50333,273588
834,bgw,12,0.00439,253090,92.50771,273588
835,bnjmnt4n,12,0.00439,253102,92.51210,273588
836,brigand,12,0.00439,253114,92.51648,273588
837,butterflyhug,12,0.00439,253126,92.52087,273588
838,cgruber,12,0.00439,253138,92.52526,273588
839,clemmy,12,0.00439,253150,92.52964,273588
840,craigmichaelmartin,12,0.00439,253162,92.53403,273588
841,dannyskoog,12,0.00439,253174,92.53842,273588
842,davidmakepeace,12,0.00439,253186,92.54280,273588
843,dennisdietrich,12,0.00439,253198,92.54719,273588
844,dmytroyarmak,12,0.00439,253210,92.55157,273588
845,dorireuv,12,0.00439,253222,92.55596,273588
846,eamonnmcmanus,12,0.00439,253234,92.56035,273588
847,ericcarraway,12,0.00439,253246,92.56473,273588
848,escardin,12,0.00439,253258,92.56912,273588
849,FiveTimesTheFun,12,0.00439,253270,92.57350,273588
850,Haroenv,12,0.00439,253282,92.57789,273588
851,heikojansen,12,0.00439,253294,92.58228,273588
852,iamchenxin,12,0.00439,253306,92.58666,273588
853,ikarienator,12,0.00439,253318,92.59105,273588
854,janhenke,12,0.00439,253330,92.59544,273588
855,jrumandal,12,0.00439,253342,92.59982,273588
856,julianobrasil,12,0.00439,253354,92.60421,273588
857,juristr,12,0.00439,253366,92.60859,273588
858,makr,12,0.00439,253378,92.61298,273588
859,MrWolfZ,12,0.00439,253390,92.61737,273588
860,mscdex,12,0.00439,253402,92.62175,273588
861,nicolo-ribaudo,12,0.00439,253414,92.62614,273588
862,nslottow,12,0.00439,253426,92.63052,273588
863,pickfire,12,0.00439,253438,92.63491,273588
864,rajansingh10,12,0.00439,253450,92.63930,273588
865,romanlex,12,0.00439,253462,92.64368,273588
866,schnittstabil,12,0.00439,253474,92.64807,273588
867,StephenBonikowsky,12,0.00439,253486,92.65246,273588
868,tanmay21,12,0.00439,253498,92.65684,273588
869,Teamop,12,0.00439,253510,92.66123,273588
870,TechDavid,12,0.00439,253522,92.66561,273588
871,tiran,12,0.00439,253534,92.67000,273588
872,tojimjiang,12,0.00439,253546,92.67439,273588
873,vamsivarikuti,12,0.00439,253558,92.67877,273588
874,viktor17492,12,0.00439,253570,92.68316,273588
875,alrra,11,0.00402,253581,92.68718,273588
876,apechimp,11,0.00402,253592,92.69120,273588
877,BeastCode,11,0.00402,253603,92.69522,273588
878,beaugunderson,11,0.00402,253614,92.69924,273588
879,bowenni,11,0.00402,253625,92.70326,273588
880,brenuart,11,0.00402,253636,92.70728,273588
881,CaselIT,11,0.00402,253647,92.71130,273588
882,ChALkeR,11,0.00402,253658,92.71532,273588
883,chrismbarr,11,0.00402,253669,92.71934,273588
884,DaiMichael,11,0.00402,253680,92.72337,273588
885,danez,11,0.00402,253691,92.72739,273588
886,davepacheco,11,0.00402,253702,92.73141,273588
887,Diego-Perez-Botero,11,0.00402,253713,92.73543,273588
888,echesakovMSFT,11,0.00402,253724,92.73945,273588
889,ejpbruel,11,0.00402,253735,92.74347,273588
890,elidoran,11,0.00402,253746,92.74749,273588
891,escodel,11,0.00402,253757,92.75151,273588
892,gfoidl,11,0.00402,253768,92.75553,273588
893,gitter-badger,11,0.00402,253779,92.75955,273588
894,gregw,11,0.00402,253790,92.76357,273588
895,hazendaz,11,0.00402,253801,92.76759,273588
896,hughsk,11,0.00402,253812,92.77161,273588
897,hzoo,11,0.00402,253823,92.77563,273588
898,is2ei,11,0.00402,253834,92.77965,273588
899,Isthu,11,0.00402,253845,92.78367,273588
900,josalem,11,0.00402,253856,92.78770,273588
901,joshwand,11,0.00402,253867,92.79172,273588
902,Jozkee,11,0.00402,253878,92.79574,273588
903,justsml,11,0.00402,253889,92.79976,273588
904,jutaz,11,0.00402,253900,92.80378,273588
905,juthilo,11,0.00402,253911,92.80780,273588
906,kkurni,11,0.00402,253922,92.81182,273588
907,LucasSloan,11,0.00402,253933,92.81584,273588
908,matthewjh,11,0.00402,253944,92.81986,273588
909,maxogden,11,0.00402,253955,92.82388,273588
910,nesinervink,11,0.00402,253966,92.82790,273588
911,nicohvi,11,0.00402,253977,92.83192,273588
912,octref,11,0.00402,253988,92.83594,273588
913,pascal-cuoq,11,0.00402,253999,92.83996,273588
914,philippevk,11,0.00402,254010,92.84398,273588
915,PikadudeNo1,11,0.00402,254021,92.84801,273588
916,raja-ashok,11,0.00402,254032,92.85203,273588
917,rupl,11,0.00402,254043,92.85605,273588
918,shinnn,11,0.00402,254054,92.86007,273588
919,StanislavUshakov,11,0.00402,254065,92.86409,273588
920,stuartwdouglas,11,0.00402,254076,92.86811,273588
921,tbodt,11,0.00402,254087,92.87213,273588
922,wgao19,11,0.00402,254098,92.87615,273588
923,whawker,11,0.00402,254109,92.88017,273588
924,YourDeveloperFriend,11,0.00402,254120,92.88419,273588
925,AlekseyTs,10,0.00366,254130,92.88785,273588
926,alireza-mh,10,0.00366,254140,92.89150,273588
927,amZotti,10,0.00366,254150,92.89516,273588
928,aorinevo,10,0.00366,254160,92.89881,273588
929,atefBB,10,0.00366,254170,92.90247,273588
930,bbolli,10,0.00366,254180,92.90612,273588
931,bertyhell,10,0.00366,254190,92.90978,273588
932,bhamodi,10,0.00366,254200,92.91343,273588
933,bmarkov,10,0.00366,254210,92.91709,273588
934,Bugcheckers,10,0.00366,254220,92.92074,273588
935,catchsudheera,10,0.00366,254230,92.92440,273588
936,cody,10,0.00366,254240,92.92805,273588
937,cyrilletuzi,10,0.00366,254250,92.93171,273588
938,davkean,10,0.00366,254260,92.93536,273588
939,Degubi,10,0.00366,254270,92.93902,273588
940,Dreamescaper,10,0.00366,254280,92.94267,273588
941,drskullster,10,0.00366,254290,92.94633,273588
942,EdwardBetts,10,0.00366,254300,92.94998,273588
943,FireAlkazar,10,0.00366,254310,92.95364,273588
944,flyyang,10,0.00366,254320,92.95729,273588
945,fmalcher,10,0.00366,254330,92.96095,273588
946,graveto,10,0.00366,254340,92.96460,273588
947,jamiebuilds,10,0.00366,254350,92.96826,273588
948,jaredly,10,0.00366,254360,92.97191,273588
949,johanlef,10,0.00366,254370,92.97557,273588
950,JohannesHoppe,10,0.00366,254380,92.97922,273588
951,keertip,10,0.00366,254390,92.98288,273588
952,khellang,10,0.00366,254400,92.98653,273588
953,KKhurin,10,0.00366,254410,92.99019,273588
954,martinsik,10,0.00366,254420,92.99384,273588
955,max-b,10,0.00366,254430,92.99750,273588
956,MaximilianTews,10,0.00366,254440,93.00116,273588
957,MaximLipnin,10,0.00366,254450,93.00481,273588
958,meeque,10,0.00366,254460,93.00847,273588
959,mojavelinux,10,0.00366,254470,93.01212,273588
960,mpociecha,10,0.00366,254480,93.01578,273588
961,namiltd,10,0.00366,254490,93.01943,273588
962,nattress,10,0.00366,254500,93.02309,273588
963,nikolas,10,0.00366,254510,93.02674,273588
964,PavelKopyl,10,0.00366,254520,93.03040,273588
965,Pereida,10,0.00366,254530,93.03405,273588
966,pfmooney,10,0.00366,254540,93.03771,273588
967,piotrtomiak,10,0.00366,254550,93.04136,273588
968,PiPeep,10,0.00366,254560,93.04502,273588
969,riarenas,10,0.00366,254570,93.04867,273588
970,samjulien,10,0.00366,254580,93.05233,273588
971,simPod,10,0.00366,254590,93.05598,273588
972,srawlins,10,0.00366,254600,93.05964,273588
973,sumitbhagwani,10,0.00366,254610,93.06329,273588
974,the-dwyer,10,0.00366,254620,93.06695,273588
975,tunniclm,10,0.00366,254630,93.07060,273588
976,urish,10,0.00366,254640,93.07426,273588
977,valery1707,10,0.00366,254650,93.07791,273588
978,vanessanschmitt,10,0.00366,254660,93.08157,273588
979,vargaz,10,0.00366,254670,93.08522,273588
980,vweevers,10,0.00366,254680,93.08888,273588
981,WilliamCollishaw,10,0.00366,254690,93.09253,273588
982,xcatliu,10,0.00366,254700,93.09619,273588
983,aavmurphy,9,0.00329,254709,93.09948,273588
984,aisera-mikowski,9,0.00329,254718,93.10277,273588
985,AlmeroSteyn,9,0.00329,254727,93.10606,273588
986,AmazingJaze,9,0.00329,254736,93.10935,273588
987,Ana06,9,0.00329,254745,93.11264,273588
988,angelsanz,9,0.00329,254754,93.11593,273588
989,antonmoiseev,9,0.00329,254763,93.11922,273588
990,Atry,9,0.00329,254772,93.12251,273588
991,bkyarger,9,0.00329,254781,93.12579,273588
992,Borkason,9,0.00329,254790,93.12908,273588
993,boyter,9,0.00329,254799,93.13237,273588
994,bradwestfall,9,0.00329,254808,93.13566,273588
995,Brocco,9,0.00329,254817,93.13895,273588
996,caiquecastro,9,0.00329,254826,93.14224,273588
997,chrisblossom,9,0.00329,254835,93.14553,273588
998,Corbzilla,9,0.00329,254844,93.14882,273588
999,crandmck,9,0.00329,254853,93.15211,273588
1000,cscott,9,0.00329,254862,93.15540,273588
1001,Delagen,9,0.00329,254871,93.15869,273588
1002,denisx,9,0.00329,254880,93.16198,273588
1003,dercodercom,9,0.00329,254889,93.16527,273588
1004,dseefeld,9,0.00329,254898,93.16856,273588
1005,dulybon1,9,0.00329,254907,93.17185,273588
1006,eddiemonge,9,0.00329,254916,93.17514,273588
1007,ejball,9,0.00329,254925,93.17843,273588
1008,ericnakagawa,9,0.00329,254934,93.18172,273588
1009,evqna,9,0.00329,254943,93.18501,273588
1010,ExE-Boss,9,0.00329,254952,93.18830,273588
1011,EzyHow,9,0.00329,254961,93.19159,273588
1012,felixonmars,9,0.00329,254970,93.19488,273588
1013,FezVrasta,9,0.00329,254979,93.19817,273588
1014,florisverburg,9,0.00329,254988,93.20146,273588
1015,gabrielmaldi,9,0.00329,254997,93.20475,273588
1016,geoffbass,9,0.00329,255006,93.20804,273588
1017,gricey432,9,0.00329,255015,93.21133,273588
1018,hann013,9,0.00329,255024,93.21461,273588
1019,hannahhoward,9,0.00329,255033,93.21790,273588
1020,H--o-l,9,0.00329,255042,93.22119,273588
1021,howardcox,9,0.00329,255051,93.22448,273588
1022,hterkelsen,9,0.00329,255060,93.22777,273588
1023,ItaloBC,9,0.00329,255069,93.23106,273588
1024,jamesgeorge007,9,0.00329,255078,93.23435,273588
1025,jarstelfox,9,0.00329,255087,93.23764,273588
1026,jddxf,9,0.00329,255096,93.24093,273588
1027,JimboWei,9,0.00329,255105,93.24422,273588
1028,jipexu,9,0.00329,255114,93.24751,273588
1029,jmm,9,0.00329,255123,93.25080,273588
1030,jochenw,9,0.00329,255132,93.25409,273588
1031,jorrit,9,0.00329,255141,93.25738,273588
1032,josephsavona,9,0.00329,255150,93.26067,273588
1033,josguil,9,0.00329,255159,93.26396,273588
1034,julian-hecker,9,0.00329,255168,93.26725,273588
1035,jwilk,9,0.00329,255177,93.27054,273588
1036,kseamon,9,0.00329,255186,93.27383,273588
1037,KuraFire,9,0.00329,255195,93.27712,273588
1038,laggingreflex,9,0.00329,255204,93.28041,273588
1039,LayZeeDK,9,0.00329,255213,93.28370,273588
1040,LokeshN,9,0.00329,255222,93.28699,273588
1041,luhenry,9,0.00329,255231,93.29028,273588
1042,MartinKolarik,9,0.00329,255240,93.29357,273588
1043,MatiasPuhakka,9,0.00329,255249,93.29686,273588
1044,mbehrlich,9,0.00329,255258,93.30014,273588
1045,mysticatea,9,0.00329,255267,93.30343,273588
1046,nietras,9,0.00329,255276,93.30672,273588
1047,noloader,9,0.00329,255285,93.31001,273588
1048,oBusk,9,0.00329,255294,93.31330,273588
1049,pablocrivella,9,0.00329,255303,93.31659,273588
1050,palerdot,9,0.00329,255312,93.31988,273588
1051,parammittal16,9,0.00329,255321,93.32317,273588
1052,performantdata,9,0.00329,255330,93.32646,273588
1053,pixelastic,9,0.00329,255339,93.32975,273588
1054,PowerKiKi,9,0.00329,255348,93.33304,273588
1055,pravdomil,9,0.00329,255357,93.33633,273588
1056,ravimeda,9,0.00329,255366,93.33962,273588
1057,Raynos,9,0.00329,255375,93.34291,273588
1058,rickbeerendonk,9,0.00329,255384,93.34620,273588
1059,rorygraves,9,0.00329,255393,93.34949,273588
1060,Rychu-Pawel,9,0.00329,255402,93.35278,273588
1061,sabruss,9,0.00329,255411,93.35607,273588
1062,sam1013,9,0.00329,255420,93.35936,273588
1063,schwastek,9,0.00329,255429,93.36265,273588
1064,shiftylogic,9,0.00329,255438,93.36594,273588
1065,SpicyDwarf,9,0.00329,255447,93.36923,273588
1066,stakx,9,0.00329,255456,93.37252,273588
1067,steelsojka,9,0.00329,255465,93.37581,273588
1068,Suresh918,9,0.00329,255474,93.37910,273588
1069,thlorenz,9,0.00329,255483,93.38239,273588
1070,thymikee,9,0.00329,255492,93.38567,273588
1071,tomarak,9,0.00329,255501,93.38896,273588
1072,tommcdon,9,0.00329,255510,93.39225,273588
1073,triska,9,0.00329,255519,93.39554,273588
1074,troydemonbreun,9,0.00329,255528,93.39883,273588
1075,vokoshyv,9,0.00329,255537,93.40212,273588
1076,vsmenon,9,0.00329,255546,93.40541,273588
1077,wateret,9,0.00329,255555,93.40870,273588
1078,Yerkon,9,0.00329,255564,93.41199,273588
1079,yiminghe,9,0.00329,255573,93.41528,273588
1080,yorickhenning,9,0.00329,255582,93.41857,273588
1081,YuliaTsareva,9,0.00329,255591,93.42186,273588
1082,zackarychapple,9,0.00329,255600,93.42515,273588
1083,zgmnkv,9,0.00329,255609,93.42844,273588
1084,zkat,9,0.00329,255618,93.43173,273588
1085,abalad,8,0.00292,255626,93.43465,273588
1086,abhaynikam,8,0.00292,255634,93.43758,273588
1087,adiaaida,8,0.00292,255642,93.44050,273588
1088,aesopwolf,8,0.00292,255650,93.44343,273588
1089,agcolom,8,0.00292,255658,93.44635,273588
1090,ajcvickers,8,0.00292,255666,93.44927,273588
1091,AlbertWillemsen-Centric,8,0.00292,255674,93.45220,273588
1092,alcfeoh,8,0.00292,255682,93.45512,273588
1093,andrius-pra,8,0.00292,255690,93.45805,273588
1094,anenviousguest,8,0.00292,255698,93.46097,273588
1095,apetrosian,8,0.00292,255706,93.46389,273588
1096,arizzitano,8,0.00292,255714,93.46682,273588
1097,awiseman,8,0.00292,255722,93.46974,273588
1098,BBlackwo,8,0.00292,255730,93.47267,273588
1099,bernard-lin,8,0.00292,255738,93.47559,273588
1100,bjjones,8,0.00292,255746,93.47852,273588
1101,b-laporte,8,0.00292,255754,93.48144,273588
1102,blove,8,0.00292,255762,93.48436,273588
1103,brad,8,0.00292,255770,93.48729,273588
1104,campersau,8,0.00292,255778,93.49021,273588
1105,Chainhelen,8,0.00292,255786,93.49314,273588
1106,cheenamalhotra,8,0.00292,255794,93.49606,273588
1107,chrisjlee,8,0.00292,255802,93.49898,273588
1108,christophehurpeau,8,0.00292,255810,93.50191,273588
1109,copynpaste,8,0.00292,255818,93.50483,273588
1110,davidkaya,8,0.00292,255826,93.50776,273588
1111,david-lallement,8,0.00292,255834,93.51068,273588
1112,david-proctor,8,0.00292,255842,93.51360,273588
1113,davidreher,8,0.00292,255850,93.51653,273588
1114,davmason,8,0.00292,255858,93.51945,273588
1115,dekajp,8,0.00292,255866,93.52238,273588
1116,DnlHarvey,8,0.00292,255874,93.52530,273588
1117,dominykas,8,0.00292,255882,93.52822,273588
1118,dsblv,8,0.00292,255890,93.53115,273588
1119,ennru,8,0.00292,255898,93.53407,273588
1120,erozenfeld,8,0.00292,255906,93.53700,273588
1121,Fank,8,0.00292,255914,93.53992,273588
1122,FuzzySockets,8,0.00292,255922,93.54285,273588
1123,galczo5,8,0.00292,255930,93.54577,273588
1124,gareth,8,0.00292,255938,93.54869,273588
1125,github-cygwin,8,0.00292,255946,93.55162,273588
1126,gkdn,8,0.00292,255954,93.55454,273588
1127,Gnbrkm41,8,0.00292,255962,93.55747,273588
1128,gordonmzhu,8,0.00292,255970,93.56039,273588
1129,gregersrygg,8,0.00292,255978,93.56331,273588
1130,hkdobrev,8,0.00292,255986,93.56624,273588
1131,hpshelton,8,0.00292,255994,93.56916,273588
1132,ipuustin,8,0.00292,256002,93.57209,273588
1133,jacob314,8,0.00292,256010,93.57501,273588
1134,jainanuj0812,8,0.00292,256018,93.57793,273588
1135,janrieke,8,0.00292,256026,93.58086,273588
1136,janvanhelvoort,8,0.00292,256034,93.58378,273588
1137,jarrettmeyer,8,0.00292,256042,93.58671,273588
1138,JasonEtco,8,0.00292,256050,93.58963,273588
1139,javatutorials2016,8,0.00292,256058,93.59256,273588
1140,jbowtie,8,0.00292,256066,93.59548,273588
1141,JiangJi,8,0.00292,256074,93.59840,273588
1142,jisaacks,8,0.00292,256082,93.60133,273588
1143,josepot,8,0.00292,256090,93.60425,273588
1144,joshudson,8,0.00292,256098,93.60718,273588
1145,kchia,8,0.00292,256106,93.61010,273588
1146,kdinev,8,0.00292,256114,93.61302,273588
1147,keithamus,8,0.00292,256122,93.61595,273588
1148,kzys,8,0.00292,256130,93.61887,273588
1149,LaurentBarbareau,8,0.00292,256138,93.62180,273588
1150,lemmaa,8,0.00292,256146,93.62472,273588
1151,loganaden,8,0.00292,256154,93.62764,273588
1152,MaggieTsang,8,0.00292,256162,93.63057,273588
1153,mairaw,8,0.00292,256170,93.63349,273588
1154,marcysutton,8,0.00292,256178,93.63642,273588
1155,markt-asf,8,0.00292,256186,93.63934,273588
1156,matthewjohnston4,8,0.00292,256194,93.64227,273588
1157,mdewree,8,0.00292,256202,93.64519,273588
1158,Meligy,8,0.00292,256210,93.64811,273588
1159,mitermayer,8,0.00292,256218,93.65104,273588
1160,monkey-mas,8,0.00292,256226,93.65396,273588
1161,mvastola,8,0.00292,256234,93.65689,273588
1162,nakupanda,8,0.00292,256242,93.65981,273588
1163,NattyNarwhal,8,0.00292,256250,93.66273,273588
1164,null-reference,8,0.00292,256258,93.66566,273588
1165,obenbrahim,8,0.00292,256266,93.66858,273588
1166,odd,8,0.00292,256274,93.67151,273588
1167,Omnichronous,8,0.00292,256282,93.67443,273588
1168,operatino,8,0.00292,256290,93.67735,273588
1169,paplorinc,8,0.00292,256298,93.68028,273588
1170,parjong,8,0.00292,256306,93.68320,273588
1171,pgiraud,8,0.00292,256314,93.68613,273588
1172,Prithvirajbilla,8,0.00292,256322,93.68905,273588
1173,psimyn,8,0.00292,256330,93.69197,273588
1174,purezen,8,0.00292,256338,93.69490,273588
1175,raunofreiberg,8,0.00292,256346,93.69782,273588
1176,rickhanlonii,8,0.00292,256354,93.70075,273588
1177,RobiFerentz,8,0.00292,256362,93.70367,273588
1178,sjurba,8,0.00292,256370,93.70660,273588
1179,softchris,8,0.00292,256378,93.70952,273588
1180,spectre6000,8,0.00292,256386,93.71244,273588
1181,stevezhu,8,0.00292,256394,93.71537,273588
1182,sveinpg,8,0.00292,256402,93.71829,273588
1183,swgillespie,8,0.00292,256410,93.72122,273588
1184,thanhpd,8,0.00292,256418,93.72414,273588
1185,v-afrafi,8,0.00292,256426,93.72706,273588
1186,valexiev,8,0.00292,256434,93.72999,273588
1187,vdyckn,8,0.00292,256442,93.73291,273588
1188,voloda,8,0.00292,256450,93.73584,273588
1189,vvakame,8,0.00292,256458,93.73876,273588
1190,Xerkus,8,0.00292,256466,93.74168,273588
1191,a0viedo,7,0.00256,256473,93.74424,273588
1192,aaabramov,7,0.00256,256480,93.74680,273588
1193,acidrums4,7,0.00256,256487,93.74936,273588
1194,adamdbradley,7,0.00256,256494,93.75192,273588
1195,adityamandaleeka,7,0.00256,256501,93.75448,273588
1196,afholderman,7,0.00256,256508,93.75704,273588
1197,agocke,7,0.00256,256515,93.75959,273588
1198,akolinski,7,0.00256,256522,93.76215,273588
1199,alexischr,7,0.00256,256529,93.76471,273588
1200,alexzuza,7,0.00256,256536,93.76727,273588
1201,alirezamirian,7,0.00256,256543,93.76983,273588
1202,alisd23,7,0.00256,256550,93.77239,273588
1203,andyklimczak,7,0.00256,256557,93.77495,273588
1204,anjoshigor,7,0.00256,256564,93.77750,273588
1205,anurse,7,0.00256,256571,93.78006,273588
1206,bchavez,7,0.00256,256578,93.78262,273588
1207,benelliott,7,0.00256,256585,93.78518,273588
1208,bpschoch,7,0.00256,256592,93.78774,273588
1209,BrennanConroy,7,0.00256,256599,93.79030,273588
1210,chiraggmodi,7,0.00256,256606,93.79286,273588
1211,chocolateboy,7,0.00256,256613,93.79542,273588
1212,ChrissBott,7,0.00256,256620,93.79797,273588
1213,constructor-igor,7,0.00256,256627,93.80053,273588
1214,coolaj86,7,0.00256,256634,93.80309,273588
1215,dickwall,7,0.00256,256641,93.80565,273588
1216,diego-santacruz,7,0.00256,256648,93.80821,273588
1217,DominikTrenz,7,0.00256,256655,93.81077,273588
1218,dutchenkoOleg,7,0.00256,256662,93.81333,273588
1219,DWand,7,0.00256,256669,93.81588,273588
1220,edmorley,7,0.00256,256676,93.81844,273588
1221,elbywan,7,0.00256,256683,93.82100,273588
1222,elharo,7,0.00256,256690,93.82356,273588
1223,emilio-martinez,7,0.00256,256697,93.82612,273588
1224,endrih,7,0.00256,256704,93.82868,273588
1225,felixbuenemann,7,0.00256,256711,93.83124,273588
1226,felixrabe,7,0.00256,256718,93.83379,273588
1227,fpipita,7,0.00256,256725,93.83635,273588
1228,FrankiePo,7,0.00256,256732,93.83891,273588
1229,FrozenPandaz,7,0.00256,256739,93.84147,273588
1230,gbasler,7,0.00256,256746,93.84403,273588
1231,gcichosz,7,0.00256,256753,93.84659,273588
1232,gijsroge,7,0.00256,256760,93.84915,273588
1233,gmethvin,7,0.00256,256767,93.85170,273588
1234,graue,7,0.00256,256774,93.85426,273588
1235,gucong3000,7,0.00256,256781,93.85682,273588
1236,HamsterExAstris,7,0.00256,256788,93.85938,273588
1237,hannob,7,0.00256,256795,93.86194,273588
1238,Hibernate-CI,7,0.00256,256802,93.86450,273588
1239,hubot,7,0.00256,256809,93.86706,273588
1240,imcarolwang,7,0.00256,256816,93.86961,273588
1241,Ismaile7,7,0.00256,256823,93.87217,273588
1242,JaKXz,7,0.00256,256830,93.87473,273588
1243,jbduncan,7,0.00256,256837,93.87729,273588
1244,JCA122204,7,0.00256,256844,93.87985,273588
1245,jedmao,7,0.00256,256851,93.88241,273588
1246,jeffschwMSFT,7,0.00256,256858,93.88497,273588
1247,jerone,7,0.00256,256865,93.88752,273588
1248,jithil-kore,7,0.00256,256872,93.89008,273588
1249,jnordberg,7,0.00256,256879,93.89264,273588
1250,jodytate,7,0.00256,256886,93.89520,273588
1251,joneff,7,0.00256,256893,93.89776,273588
1252,jontewks,7,0.00256,256900,93.90032,273588
1253,JordyvanDortmont,7,0.00256,256907,93.90288,273588
1254,josteink,7,0.00256,256914,93.90543,273588
1255,kanielc,7,0.00256,256921,93.90799,273588
1256,kasiabulat,7,0.00256,256928,93.91055,273588
1257,KELiON,7,0.00256,256935,93.91311,273588
1258,Kerumen,7,0.00256,256942,93.91567,273588
1259,kevdotbadger,7,0.00256,256949,93.91823,273588
1260,KevinJannis,7,0.00256,256956,93.92079,273588
1261,kunalspathak,7,0.00256,256963,93.92334,273588
1262,laumair,7,0.00256,256970,93.92590,273588
1263,lauxjpn,7,0.00256,256977,93.92846,273588
1264,lrlna,7,0.00256,256984,93.93102,273588
1265,lukaszzdanikowski,7,0.00256,256991,93.93358,273588
1266,madmir,7,0.00256,256998,93.93614,273588
1267,markgoho,7,0.00256,257005,93.93870,273588
1268,MatheusRV,7,0.00256,257012,93.94125,273588
1269,matthewdunsdon,7,0.00256,257019,93.94381,273588
1270,maxiloc,7,0.00256,257026,93.94637,273588
1271,mbroadst,7,0.00256,257033,93.94893,273588
1272,michael-letcher,7,0.00256,257040,93.95149,273588
1273,Micua,7,0.00256,257047,93.95405,273588
1274,mihaerzen,7,0.00256,257054,93.95661,273588
1275,mreinstein,7,0.00256,257061,93.95916,273588
1276,mrmeku,7,0.00256,257068,93.96172,273588
1277,mrpre,7,0.00256,257075,93.96428,273588
1278,mxstbr,7,0.00256,257082,93.96684,273588
1279,nategraf,7,0.00256,257089,93.96940,273588
1280,ngyikp,7,0.00256,257096,93.97196,273588
1281,nicketson,7,0.00256,257103,93.97452,273588
1282,NiklasMehner,7,0.00256,257110,93.97708,273588
1283,noahfalk,7,0.00256,257117,93.97963,273588
1284,nunoarruda,7,0.00256,257124,93.98219,273588
1285,ofrobots,7,0.00256,257131,93.98475,273588
1286,overlookmotel,7,0.00256,257138,93.98731,273588
1287,panchenko,7,0.00256,257145,93.98987,273588
1288,PeterDaveHello,7,0.00256,257152,93.99243,273588
1289,pharring,7,0.00256,257159,93.99499,273588
1290,philippsimon,7,0.00256,257166,93.99754,273588
1291,pkaminski,7,0.00256,257173,94.00010,273588
1292,ppham27,7,0.00256,257180,94.00266,273588
1293,pwolaq,7,0.00256,257187,94.00522,273588
1294,raajtram,7,0.00256,257194,94.00778,273588
1295,ReadmeCritic,7,0.00256,257201,94.01034,273588
1296,renanmontebelo,7,0.00256,257208,94.01290,273588
1297,rikles,7,0.00256,257215,94.01545,273588
1298,rricard,7,0.00256,257222,94.01801,273588
1299,ruedap,7,0.00256,257229,94.02057,273588
1300,SamuelEnglard,7,0.00256,257236,94.02313,273588
1301,saucecontrol,7,0.00256,257243,94.02569,273588
1302,sean-gilliam,7,0.00256,257250,94.02825,273588
1303,sebkur,7,0.00256,257257,94.03081,273588
1304,shaedrich,7,0.00256,257264,94.03336,273588
1305,simonua,7,0.00256,257271,94.03592,273588
1306,skmedix,7,0.00256,257278,94.03848,273588
1307,steveluscher,7,0.00256,257285,94.04104,273588
1308,stone-li,7,0.00256,257292,94.04360,273588
1309,Stranger6667,7,0.00256,257299,94.04616,273588
1310,suguru03,7,0.00256,257306,94.04872,273588
1311,thelgevold,7,0.00256,257313,94.05127,273588
1312,tiesont,7,0.00256,257320,94.05383,273588
1313,tintoy,7,0.00256,257327,94.05639,273588
1314,unaccomplished,7,0.00256,257334,94.05895,273588
1315,vladak,7,0.00256,257341,94.06151,273588
1316,voithos,7,0.00256,257348,94.06407,273588
1317,watfordgnf,7,0.00256,257355,94.06663,273588
1318,williamboman,7,0.00256,257362,94.06918,273588
1319,wolfgangGoedel,7,0.00256,257369,94.07174,273588
1320,yui-knk,7,0.00256,257376,94.07430,273588
1321,zenorocha,7,0.00256,257383,94.07686,273588
1322,zetsnotdead,7,0.00256,257390,94.07942,273588
1323,aceofspades,6,0.00219,257396,94.08161,273588
1324,adboul,6,0.00219,257402,94.08380,273588
1325,addaleax,6,0.00219,257408,94.08600,273588
1326,ad-si,6,0.00219,257414,94.08819,273588
1327,aheckmann,6,0.00219,257420,94.09038,273588
1328,alexeyraspopov,6,0.00219,257426,94.09258,273588
1329,AndreasCag,6,0.00219,257432,94.09477,273588
1330,andrewaustin,6,0.00219,257438,94.09696,273588
1331,andrewpucci,6,0.00219,257444,94.09916,273588
1332,ankitml,6,0.00219,257450,94.10135,273588
1333,AnSavvides,6,0.00219,257456,94.10354,273588
1334,aravindfz,6,0.00219,257462,94.10574,273588
1335,arcanis,6,0.00219,257468,94.10793,273588
1336,arjunyel,6,0.00219,257474,94.11012,273588
1337,arthurvr,6,0.00219,257480,94.11231,273588
1338,asbjornu,6,0.00219,257486,94.11451,273588
1339,awaterma,6,0.00219,257492,94.11670,273588
1340,awerlang,6,0.00219,257498,94.11889,273588
1341,bampakoa,6,0.00219,257504,94.12109,273588
1342,blackdwarf,6,0.00219,257510,94.12328,273588
1343,boneskull,6,0.00219,257516,94.12547,273588
1344,Brooooooklyn,6,0.00219,257522,94.12767,273588
1345,Castaglia,6,0.00219,257528,94.12986,273588
1346,catenacyber,6,0.00219,257534,94.13205,273588
1347,ceedubs,6,0.00219,257540,94.13425,273588
1348,chentsulin,6,0.00219,257546,94.13644,273588
1349,chenyuzhcy,6,0.00219,257552,94.13863,273588
1350,chigix,6,0.00219,257558,94.14082,273588
1351,choeller,6,0.00219,257564,94.14302,273588
1352,ChrisDahmCS,6,0.00219,257570,94.14521,273588
1353,chunseoklee,6,0.00219,257576,94.14740,273588
1354,ciz,6,0.00219,257582,94.14960,273588
1355,Coeur,6,0.00219,257588,94.15179,273588
1356,croaky,6,0.00219,257594,94.15398,273588
1357,cscport,6,0.00219,257600,94.15618,273588
1358,ctavan,6,0.00219,257606,94.15837,273588
1359,Cuel,6,0.00219,257612,94.16056,273588
1360,danielrasmuson,6,0.00219,257618,94.16276,273588
1361,dejour,6,0.00219,257624,94.16495,273588
1362,denisname,6,0.00219,257630,94.16714,273588
1363,derekstraka,6,0.00219,257636,94.16933,273588
1364,dhoehna,6,0.00219,257642,94.17153,273588
1365,donroyco,6,0.00219,257648,94.17372,273588
1366,dsbos,6,0.00219,257654,94.17591,273588
1367,dustinsoftware,6,0.00219,257660,94.17811,273588
1368,eanova,6,0.00219,257666,94.18030,273588
1369,ebourg,6,0.00219,257672,94.18249,273588
1370,EdwinEngelen,6,0.00219,257678,94.18469,273588
1371,ekilah,6,0.00219,257684,94.18688,273588
1372,erikkemperman,6,0.00219,257690,94.18907,273588
1373,FantasticFiasco,6,0.00219,257696,94.19127,273588
1374,fiddur,6,0.00219,257702,94.19346,273588
1375,flexbox,6,0.00219,257708,94.19565,273588
1376,Flounn,6,0.00219,257714,94.19784,273588
1377,focusaurus,6,0.00219,257720,94.20004,273588
1378,forivall,6,0.00219,257726,94.20223,273588
1379,fredsa,6,0.00219,257732,94.20442,273588
1380,GantMan,6,0.00219,257738,94.20662,273588
1381,gary-b,6,0.00219,257744,94.20881,273588
1382,GCichosz,6,0.00219,257750,94.21100,273588
1383,ghetolay,6,0.00219,257756,94.21320,273588
1384,giampierobono,6,0.00219,257762,94.21539,273588
1385,Gillespie59,6,0.00219,257768,94.21758,273588
1386,gonzalo-roberto-diaz,6,0.00219,257774,94.21978,273588
1387,gperrow-SAP,6,0.00219,257780,94.22197,273588
1388,h7lin,6,0.00219,257786,94.22416,273588
1389,hanumanthan,6,0.00219,257792,94.22635,273588
1390,hartraft,6,0.00219,257798,94.22855,273588
1391,heathkit,6,0.00219,257804,94.23074,273588
1392,hendore,6,0.00219,257810,94.23293,273588
1393,henryw4k,6,0.00219,257816,94.23513,273588
1394,HNDeploys,6,0.00219,257822,94.23732,273588
1395,Hongbo-Miao,6,0.00219,257828,94.23951,273588
1396,HongGit,6,0.00219,257834,94.24171,273588
1397,hudochenkov,6,0.00219,257840,94.24390,273588
1398,IAfanasov,6,0.00219,257846,94.24609,273588
1399,iamam34,6,0.00219,257852,94.24829,273588
1400,iansu,6,0.00219,257858,94.25048,273588
1401,IAPark,6,0.00219,257864,94.25267,273588
1402,icambron,6,0.00219,257870,94.25486,273588
1403,ikopylov,6,0.00219,257876,94.25706,273588
1404,iSazonov,6,0.00219,257882,94.25925,273588
1405,Izhaki,6,0.00219,257888,94.26144,273588
1406,jabbrass,6,0.00219,257894,94.26364,273588
1407,jackson-huang,6,0.00219,257900,94.26583,273588
1408,Jakuje,6,0.00219,257906,94.26802,273588
1409,JamesMGreene,6,0.00219,257912,94.27022,273588
1410,jannickfahlbusch,6,0.00219,257918,94.27241,273588
1411,jasonhodges,6,0.00219,257924,94.27460,273588
1412,jfo84,6,0.00219,257930,94.27680,273588
1413,jfreyre,6,0.00219,257936,94.27899,273588
1414,jimcarley,6,0.00219,257942,94.28118,273588
1415,jnsencha,6,0.00219,257948,94.28338,273588
1416,joelmheim,6,0.00219,257954,94.28557,273588
1417,JonyD,6,0.00219,257960,94.28776,273588
1418,jordan-amman,6,0.00219,257966,94.28995,273588
1419,josephlin55555,6,0.00219,257972,94.29215,273588
1420,jugglinmike,6,0.00219,257978,94.29434,273588
1421,justindujardin,6,0.00219,257984,94.29653,273588
1422,KaoruToda,6,0.00219,257990,94.29873,273588
1423,kevinoid,6,0.00219,257996,94.30092,273588
1424,kgoldman,6,0.00219,258002,94.30311,273588
1425,kibertoad,6,0.00219,258008,94.30531,273588
1426,kristinavavrova,6,0.00219,258014,94.30750,273588
1427,ksvitkovsky,6,0.00219,258020,94.30969,273588
1428,kytart,6,0.00219,258026,94.31189,273588
1429,leecow,6,0.00219,258032,94.31408,273588
1430,lightningtgc,6,0.00219,258038,94.31627,273588
1431,liias,6,0.00219,258044,94.31846,273588
1432,lukeapage,6,0.00219,258050,94.32066,273588
1433,luqun,6,0.00219,258056,94.32285,273588
1434,lyip1992,6,0.00219,258062,94.32504,273588
1435,machineloop,6,0.00219,258068,94.32724,273588
1436,madeinfree,6,0.00219,258074,94.32943,273588
1437,magee,6,0.00219,258080,94.33162,273588
1438,makky3939,6,0.00219,258086,94.33382,273588
1439,maksimr,6,0.00219,258092,94.33601,273588
1440,manishbansal8843,6,0.00219,258098,94.33820,273588
1441,marcosfreitas,6,0.00219,258104,94.34040,273588
1442,marcuswarrenca,6,0.00219,258110,94.34259,273588
1443,marijaselakovic,6,0.00219,258116,94.34478,273588
1444,mattdesl,6,0.00219,258122,94.34697,273588
1445,mbrukman,6,0.00219,258128,94.34917,273588
1446,mckramer,6,0.00219,258134,94.35136,273588
1447,mcr,6,0.00219,258140,94.35355,273588
1448,meenie,6,0.00219,258146,94.35575,273588
1449,mernst,6,0.00219,258152,94.35794,273588
1450,mertkahyaoglu,6,0.00219,258158,94.36013,273588
1451,meteorcloudy,6,0.00219,258164,94.36233,273588
1452,mhartington,6,0.00219,258170,94.36452,273588
1453,MhdTlb,6,0.00219,258176,94.36671,273588
1454,mikec,6,0.00219,258182,94.36891,273588
1455,MisatoTremor,6,0.00219,258188,94.37110,273588
1456,MisinformedDNA,6,0.00219,258194,94.37329,273588
1457,mjomble,6,0.00219,258200,94.37548,273588
1458,monkindey,6,0.00219,258206,94.37768,273588
1459,monoblaine,6,0.00219,258212,94.37987,273588
1460,Morishiri,6,0.00219,258218,94.38206,273588
1461,morrissey-ingenious,6,0.00219,258224,94.38426,273588
1462,mr21,6,0.00219,258230,94.38645,273588
1463,Mr21,6,0.00219,258236,94.38864,273588
1464,mrscobbler,6,0.00219,258242,94.39084,273588
1465,MTechDE,6,0.00219,258248,94.39303,273588
1466,nali,6,0.00219,258254,94.39522,273588
1467,nicjansma,6,0.00219,258260,94.39742,273588
1468,nik72619c,6,0.00219,258266,94.39961,273588
1469,ning-github,6,0.00219,258272,94.40180,273588
1470,not-an-aardvark,6,0.00219,258278,94.40399,273588
1471,not-for-me,6,0.00219,258284,94.40619,273588
1472,NothingEverHappens,6,0.00219,258290,94.40838,273588
1473,novemberborn,6,0.00219,258296,94.41057,273588
1474,obinnangini,6,0.00219,258302,94.41277,273588
1475,oliversalzburg,6,0.00219,258308,94.41496,273588
1476,omeid,6,0.00219,258314,94.41715,273588
1477,panva,6,0.00219,258320,94.41935,273588
1478,pshields,6,0.00219,258326,94.42154,273588
1479,rainerjung,6,0.00219,258332,94.42373,273588
1480,raycoll,6,0.00219,258338,94.42593,273588
1481,reggi,6,0.00219,258344,94.42812,273588
1482,Richienb,6,0.00219,258350,94.43031,273588
1483,risan,6,0.00219,258356,94.43250,273588
1484,roblarsen,6,0.00219,258362,94.43470,273588
1485,robphoenix,6,0.00219,258368,94.43689,273588
1486,ronaldtse,6,0.00219,258374,94.43908,273588
1487,rriggin,6,0.00219,258380,94.44128,273588
1488,rtstewart,6,0.00219,258386,94.44347,273588
1489,sambitdash,6,0.00219,258392,94.44566,273588
1490,sandydoo,6,0.00219,258398,94.44786,273588
1491,satsukitv,6,0.00219,258404,94.45005,273588
1492,schen381,6,0.00219,258410,94.45224,273588
1493,SerayaEryn,6,0.00219,258416,94.45444,273588
1494,sharwell,6,0.00219,258422,94.45663,273588
1495,shefalisinha,6,0.00219,258428,94.45882,273588
1496,shime,6,0.00219,258434,94.46101,273588
1497,simo5,6,0.00219,258440,94.46321,273588
1498,sjbarker,6,0.00219,258446,94.46540,273588
1499,sjsinju,6,0.00219,258452,94.46759,273588
1500,skiritsis,6,0.00219,258458,94.46979,273588
1501,skreborn,6,0.00219,258464,94.47198,273588
1502,snout-o,6,0.00219,258470,94.47417,273588
1503,sqal,6,0.00219,258476,94.47637,273588
1504,Sridhar-MS,6,0.00219,258482,94.47856,273588
1505,stain,6,0.00219,258488,94.48075,273588
1506,SteveMarquess,6,0.00219,258494,94.48295,273588
1507,stevenyxu,6,0.00219,258500,94.48514,273588
1508,Suremaker,6,0.00219,258506,94.48733,273588
1509,Swardu,6,0.00219,258512,94.48952,273588
1510,swaroop-sridhar,6,0.00219,258518,94.49172,273588
1511,TanaseHagi,6,0.00219,258524,94.49391,273588
1512,tatsuhiro-t,6,0.00219,258530,94.49610,273588
1513,TehShrike,6,0.00219,258536,94.49830,273588
1514,thekiba,6,0.00219,258542,94.50049,273588
1515,thekondrashov,6,0.00219,258548,94.50268,273588
1516,theofidry,6,0.00219,258554,94.50488,273588
1517,think2011,6,0.00219,258560,94.50707,273588
1518,tieppt,6,0.00219,258566,94.50926,273588
1519,tjh-omc,6,0.00219,258572,94.51146,273588
1520,Tobbe,6,0.00219,258578,94.51365,273588
1521,tshinnic,6,0.00219,258584,94.51584,273588
1522,victor-homyakov,6,0.00219,258590,94.51803,273588
1523,vitek-karas,6,0.00219,258596,94.52023,273588
1524,vlazar,6,0.00219,258602,94.52242,273588
1525,vsalvis,6,0.00219,258608,94.52461,273588
1526,watson,6,0.00219,258614,94.52681,273588
1527,webmaxru,6,0.00219,258620,94.52900,273588
1528,wolfika,6,0.00219,258626,94.53119,273588
1529,wytesk133,6,0.00219,258632,94.53339,273588
1530,xphong,6,0.00219,258638,94.53558,273588
1531,yaakov-h,6,0.00219,258644,94.53777,273588
1532,YohDeadfall,6,0.00219,258650,94.53997,273588
1533,yursha,6,0.00219,258656,94.54216,273588
1534,zachleat,6,0.00219,258662,94.54435,273588
1535,zackhall,6,0.00219,258668,94.54654,273588
1536,zapashcanon,6,0.00219,258674,94.54874,273588
1537,Zizzamia,6,0.00219,258680,94.55093,273588
1538,A7xSV,5,0.00183,258685,94.55276,273588
1539,A-And,5,0.00183,258690,94.55459,273588
1540,aaronabramov,5,0.00183,258695,94.55641,273588
1541,aashishnagpal,5,0.00183,258700,94.55824,273588
1542,ababkov,5,0.00183,258705,94.56007,273588
1543,abitdodgy,5,0.00183,258710,94.56190,273588
1544,acheevbhagat,5,0.00183,258715,94.56372,273588
1545,Agrumas,5,0.00183,258720,94.56555,273588
1546,ajfranzoia,5,0.00183,258725,94.56738,273588
1547,alaatm,5,0.00183,258730,94.56921,273588
1548,alanorth,5,0.00183,258735,94.57103,273588
1549,alexandercastillo,5,0.00183,258740,94.57286,273588
1550,alexzherdev,5,0.00183,258745,94.57469,273588
1551,amitauras,5,0.00183,258750,94.57652,273588
1552,amogilev,5,0.00183,258755,94.57834,273588
1553,a-moses,5,0.00183,258760,94.58017,273588
1554,anantoghosh,5,0.00183,258765,94.58200,273588
1555,anatoliykmetyuk,5,0.00183,258770,94.58383,273588
1556,AndyAyersMS,5,0.00183,258775,94.58565,273588
1557,anthonylangsworth,5,0.00183,258780,94.58748,273588
1558,arechsteiner,5,0.00183,258785,94.58931,273588
1559,artem-smotrakov,5,0.00183,258790,94.59114,273588
1560,aTable,5,0.00183,258795,94.59296,273588
1561,avindra,5,0.00183,258800,94.59479,273588
1562,b0ri5,5,0.00183,258805,94.59662,273588
1563,bamnet,5,0.00183,258810,94.59845,273588
1564,bborowin,5,0.00183,258815,94.60027,273588
1565,bclinkinbeard,5,0.00183,258820,94.60210,273588
1566,beeman,5,0.00183,258825,94.60393,273588
1567,belugabehr,5,0.00183,258830,94.60576,273588
1568,benson-basis,5,0.00183,258835,94.60759,273588
1569,binki,5,0.00183,258840,94.60941,273588
1570,bmeurer,5,0.00183,258845,94.61124,273588
1571,BruceForstall,5,0.00183,258850,94.61307,273588
1572,bukka,5,0.00183,258855,94.61490,273588
1573,caleb,5,0.00183,258860,94.61672,273588
1574,CassanD,5,0.00183,258865,94.61855,273588
1575,CDAGaming,5,0.00183,258870,94.62038,273588
1576,cdberry-zz,5,0.00183,258875,94.62221,273588
1577,chrisguttandin,5,0.00183,258880,94.62403,273588
1578,Chrisui,5,0.00183,258885,94.62586,273588
1579,client9,5,0.00183,258890,94.62769,273588
1580,colinwren,5,0.00183,258895,94.62952,273588
1581,CompuIves,5,0.00183,258900,94.63134,273588
1582,connorwyatt,5,0.00183,258905,94.63317,273588
1583,cotequeiroz,5,0.00183,258910,94.63500,273588
1584,dancourse,5,0.00183,258915,94.63683,273588
1585,dantman,5,0.00183,258920,94.63865,273588
1586,dapperAuteur,5,0.00183,258925,94.64048,273588
1587,davidlormor,5,0.00183,258930,94.64231,273588
1588,dcorb,5,0.00183,258935,94.64414,273588
1589,demohi,5,0.00183,258940,94.64596,273588
1590,DenrizSusam,5,0.00183,258945,94.64779,273588
1591,dguzzo,5,0.00183,258950,94.64962,273588
1592,diegomura,5,0.00183,258955,94.65145,273588
1593,dkg,5,0.00183,258960,94.65327,273588
1594,Dmitri-Botcharnikov,5,0.00183,258965,94.65510,273588
1595,dmitriz,5,0.00183,258970,94.65693,273588
1596,douglasduteil,5,0.00183,258975,94.65876,273588
1597,DropsOfSerenity,5,0.00183,258980,94.66058,273588
1598,dschenkelman,5,0.00183,258985,94.66241,273588
1599,DylanPiercey,5,0.00183,258990,94.66424,273588
1600,ehasis,5,0.00183,258995,94.66607,273588
1601,epeli,5,0.00183,259000,94.66789,273588
1602,eps1lon,5,0.00183,259005,94.66972,273588
1603,EtaiG,5,0.00183,259010,94.67155,273588
1604,etsuo,5,0.00183,259015,94.67338,273588
1605,fat,5,0.00183,259020,94.67521,273588
1606,finnhakansson,5,0.00183,259025,94.67703,273588
1607,finnigantime,5,0.00183,259030,94.67886,273588
1608,fknop,5,0.00183,259035,94.68069,273588
1609,foolip,5,0.00183,259040,94.68252,273588
1610,froatsnook,5,0.00183,259045,94.68434,273588
1611,gabeio,5,0.00183,259050,94.68617,273588
1612,garthbjerk,5,0.00183,259055,94.68800,273588
1613,garysye,5,0.00183,259060,94.68983,273588
1614,ggam,5,0.00183,259065,94.69165,273588
1615,ghoti143,5,0.00183,259070,94.69348,273588
1616,gillyb,5,0.00183,259075,94.69531,273588
1617,gistic-guob,5,0.00183,259080,94.69714,273588
1618,gjsduarte,5,0.00183,259085,94.69896,273588
1619,gk5885,5,0.00183,259090,94.70079,273588
1620,glitchedmob,5,0.00183,259095,94.70262,273588
1621,gressus,5,0.00183,259100,94.70445,273588
1622,gscoppino,5,0.00183,259105,94.70627,273588
1623,Gupocca,5,0.00183,259110,94.70810,273588
1624,harunurhan,5,0.00183,259115,94.70993,273588
1625,haxorz,5,0.00183,259120,94.71176,273588
1626,hejld,5,0.00183,259125,94.71358,273588
1627,hiowenluke,5,0.00183,259130,94.71541,273588
1628,hkal,5,0.00183,259135,94.71724,273588
1629,howtonotwin,5,0.00183,259140,94.71907,273588
1630,hristo-kanchev,5,0.00183,259145,94.72089,273588
1631,iangreenleaf,5,0.00183,259150,94.72272,273588
1632,ioanacrant,5,0.00183,259155,94.72455,273588
1633,islemaster,5,0.00183,259160,94.72638,273588
1634,ivanseidel,5,0.00183,259165,94.72820,273588
1635,jahtalab,5,0.00183,259170,94.73003,273588
1636,jakubhonisek,5,0.00183,259175,94.73186,273588
1637,jaredpar,5,0.00183,259180,94.73369,273588
1638,jdanyow,5,0.00183,259185,94.73551,273588
1639,jeffmo,5,0.00183,259190,94.73734,273588
1640,jergason,5,0.00183,259195,94.73917,273588
1641,jfmercer,5,0.00183,259200,94.74100,273588
1642,jianlin,5,0.00183,259205,94.74282,273588
1643,jimdemis,5,0.00183,259210,94.74465,273588
1644,jimgong92,5,0.00183,259215,94.74648,273588
1645,jlavallee,5,0.00183,259220,94.74831,273588
1646,jlennox,5,0.00183,259225,94.75014,273588
1647,jmezach,5,0.00183,259230,94.75196,273588
1648,jodastephen,5,0.00183,259235,94.75379,273588
1649,JoeCortopassi,5,0.00183,259240,94.75562,273588
1650,JoyceBabu,5,0.00183,259245,94.75745,273588
1651,jp2masa,5,0.00183,259250,94.75927,273588
1652,jpekkala,5,0.00183,259255,94.76110,273588
1653,jrpool,5,0.00183,259260,94.76293,273588
1654,jswolf19,5,0.00183,259265,94.76476,273588
1655,jthoms1,5,0.00183,259270,94.76658,273588
1656,ju1ius,5,0.00183,259275,94.76841,273588
1657,kamilogorek,5,0.00183,259280,94.77024,273588
1658,Karql,5,0.00183,259285,94.77207,273588
1659,keeratsingh,5,0.00183,259290,94.77389,273588
1660,KellyMarchewa,5,0.00183,259295,94.77572,273588
1661,kevinburke,5,0.00183,259300,94.77755,273588
1662,Kirlovon,5,0.00183,259305,94.77938,273588
1663,kpdecker,5,0.00183,259310,94.78120,273588
1664,Kramb,5,0.00183,259315,94.78303,273588
1665,krambertech,5,0.00183,259320,94.78486,273588
1666,krzysztof-grzybek,5,0.00183,259325,94.78669,273588
1667,kt3k,5,0.00183,259330,94.78851,273588
1668,KwintenP,5,0.00183,259335,94.79034,273588
1669,kylewuolle,5,0.00183,259340,94.79217,273588
1670,lazarljubenovic,5,0.00183,259345,94.79400,273588
1671,lee101,5,0.00183,259350,94.79582,273588
1672,leemgs,5,0.00183,259355,94.79765,273588
1673,lgdean,5,0.00183,259360,94.79948,273588
1674,lharries,5,0.00183,259365,94.80131,273588
1675,LitoMore,5,0.00183,259370,94.80313,273588
1676,Lixire,5,0.00183,259375,94.80496,273588
1677,lnfnunes,5,0.00183,259380,94.80679,273588
1678,LongTengDao,5,0.00183,259385,94.80862,273588
1679,louy,5,0.00183,259390,94.81044,273588
1680,lyubomyr-shaydariv,5,0.00183,259395,94.81227,273588
1681,mancha1,5,0.00183,259400,94.81410,273588
1682,manughub,5,0.00183,259405,94.81593,273588
1683,marcuskrahl,5,0.00183,259410,94.81776,273588
1684,markstos,5,0.00183,259415,94.81958,273588
1685,marob,5,0.00183,259420,94.82141,273588
1686,mdedetrich,5,0.00183,259425,94.82324,273588
1687,metamatt,5,0.00183,259430,94.82507,273588
1688,mfairchild365,5,0.00183,259435,94.82689,273588
1689,mhoffmeyerDC,5,0.00183,259440,94.82872,273588
1690,miccarr,5,0.00183,259445,94.83055,273588
1691,MichaelSimons,5,0.00183,259450,94.83238,273588
1692,michal-franc,5,0.00183,259455,94.83420,273588
1693,middagj,5,0.00183,259460,94.83603,273588
1694,misoguy,5,0.00183,259465,94.83786,273588
1695,mmarkelov,5,0.00183,259470,94.83969,273588
1696,mohsen1,5,0.00183,259475,94.84151,273588
1697,monkeywithacupcake,5,0.00183,259480,94.84334,273588
1698,montogeek,5,0.00183,259485,94.84517,273588
1699,mouse07410,5,0.00183,259490,94.84700,273588
1700,msmeissn,5,0.00183,259495,94.84882,273588
1701,msmorgan,5,0.00183,259500,94.85065,273588
1702,Mutmatt,5,0.00183,259505,94.85248,273588
1703,Nazanin1369,5,0.00183,259510,94.85431,273588
1704,NextTurn,5,0.00183,259515,94.85613,273588
1705,NickManley,5,0.00183,259520,94.85796,273588
1706,nizhu,5,0.00183,259525,94.85979,273588
1707,nmathewson,5,0.00183,259530,94.86162,273588
1708,noscripter,5,0.00183,259535,94.86344,273588
1709,OberstK,5,0.00183,259540,94.86527,273588
1710,ODAVING,5,0.00183,259545,94.86710,273588
1711,odedniv,5,0.00183,259550,94.86893,273588
1712,omariom,5,0.00183,259555,94.87075,273588
1713,ORESoftware,5,0.00183,259560,94.87258,273588
1714,orta,5,0.00183,259565,94.87441,273588
1715,ovr,5,0.00183,259570,94.87624,273588
1716,owencraig,5,0.00183,259575,94.87806,273588
1717,pahdo,5,0.00183,259580,94.87989,273588
1718,paulceli,5,0.00183,259585,94.88172,273588
1719,planetoftheweb,5,0.00183,259590,94.88355,273588
1720,pluma,5,0.00183,259595,94.88538,273588
1721,pocketmax,5,0.00183,259600,94.88720,273588
1722,potato4d,5,0.00183,259605,94.88903,273588
1723,Pouja,5,0.00183,259610,94.89086,273588
1724,prakal,5,0.00183,259615,94.89269,273588
1725,preethamvishy,5,0.00183,259620,94.89451,273588
1726,Prelc,5,0.00183,259625,94.89634,273588
1727,Progdom,5,0.00183,259630,94.89817,273588
1728,prometheansacrifice,5,0.00183,259635,94.90000,273588
1729,prose100,5,0.00183,259640,94.90182,273588
1730,Pvanhesteren,5,0.00183,259645,94.90365,273588
1731,qsona,5,0.00183,259650,94.90548,273588
1732,raboof,5,0.00183,259655,94.90731,273588
1733,rahatarmanahmed,5,0.00183,259660,94.90913,273588
1734,rainabba,5,0.00183,259665,94.91096,273588
1735,randombit,5,0.00183,259670,94.91279,273588
1736,reaperhulk,5,0.00183,259675,94.91462,273588
1737,rec,5,0.00183,259680,94.91644,273588
1738,ReneFerwerda,5,0.00183,259685,94.91827,273588
1739,repinel,5,0.00183,259690,94.92010,273588
1740,Retroity,5,0.00183,259695,94.92193,273588
1741,rfoltyns,5,0.00183,259700,94.92375,273588
1742,rilut,5,0.00183,259705,94.92558,273588
1743,rkatka,5,0.00183,259710,94.92741,273588
1744,rkho,5,0.00183,259715,94.92924,273588
1745,rmzelle,5,0.00183,259720,94.93106,273588
1746,robert-scheck,5,0.00183,259725,94.93289,273588
1747,RobJohnston,5,0.00183,259730,94.93472,273588
1748,roderickhsiao,5,0.00183,259735,94.93655,273588
1749,rodyhaddad,5,0.00183,259740,94.93837,273588
1750,ro-savage,5,0.00183,259745,94.94020,273588
1751,rosskevin,5,0.00183,259750,94.94203,273588
1752,RReverser,5,0.00183,259755,94.94386,273588
1753,rschmitt,5,0.00183,259760,94.94568,273588
1754,rthor,5,0.00183,259765,94.94751,273588
1755,Rud5G,5,0.00183,259770,94.94934,273588
1756,rwaldron,5,0.00183,259775,94.95117,273588
1757,RyanCavanaugh,5,0.00183,259780,94.95300,273588
1758,sam-github,5,0.00183,259785,94.95482,273588
1759,samilamti,5,0.00183,259790,94.95665,273588
1760,santialbo,5,0.00183,259795,94.95848,273588
1761,sbomer,5,0.00183,259800,94.96031,273588
1762,scatcher,5,0.00183,259805,94.96213,273588
1763,scop,5,0.00183,259810,94.96396,273588
1764,sebastienros,5,0.00183,259815,94.96579,273588
1765,seppevs,5,0.00183,259820,94.96762,273588
1766,sergej2705,5,0.00183,259825,94.96944,273588
1767,sfuhrm,5,0.00183,259830,94.97127,273588
1768,s-gbz,5,0.00183,259835,94.97310,273588
1769,Shastel,5,0.00183,259840,94.97493,273588
1770,shigeki,5,0.00183,259845,94.97675,273588
1771,sholladay,5,0.00183,259850,94.97858,273588
1772,shrah,5,0.00183,259855,94.98041,273588
1773,Sibiraj-Codes,5,0.00183,259860,94.98224,273588
1774,sigmundch,5,0.00183,259865,94.98406,273588
1775,simon-p-r,5,0.00183,259870,94.98589,273588
1776,sis0k0,5,0.00183,259875,94.98772,273588
1777,skfd,5,0.00183,259880,94.98955,273588
1778,s-light,5,0.00183,259885,94.99137,273588
1779,socketpair,5,0.00183,259890,94.99320,273588
1780,solomax,5,0.00183,259895,94.99503,273588
1781,steji113,5,0.00183,259900,94.99686,273588
1782,stephenmichaelf,5,0.00183,259905,94.99868,273588
1783,stewx,5,0.00183,259910,95.00051,273588
1784,STRML,5,0.00183,259915,95.00234,273588
1785,stroncium,5,0.00183,259920,95.00417,273588
1786,suryasingh,5,0.00183,259925,95.00599,273588
1787,T1st3,5,0.00183,259930,95.00782,273588
1788,takayahilton,5,0.00183,259935,95.00965,273588
1789,tarikulsabbir,5,0.00183,259940,95.01148,273588
1790,taufek,5,0.00183,259945,95.01330,273588
1791,thefourtheye,5,0.00183,259950,95.01513,273588
1792,TheRealHaui,5,0.00183,259955,95.01696,273588
1793,theseyi,5,0.00183,259960,95.01879,273588
1794,tikotzky,5,0.00183,259965,95.02061,273588
1795,TimurM,5,0.00183,259970,95.02244,273588
1796,tjcelaya,5,0.00183,259975,95.02427,273588
1797,tmurakam,5,0.00183,259980,95.02610,273588
1798,tniessen,5,0.00183,259985,95.02793,273588
1799,tomByrer,5,0.00183,259990,95.02975,273588
1800,TomHoss,5,0.00183,259995,95.03158,273588
1801,tquerec,5,0.00183,260000,95.03341,273588
1802,trevorade,5,0.00183,260005,95.03524,273588
1803,Tydude4Christ,5,0.00183,260010,95.03706,273588
1804,underfin,5,0.00183,260015,95.03889,273588
1805,Utsav2,5,0.00183,260020,95.04072,273588
1806,venkateshwar,5,0.00183,260025,95.04255,273588
1807,Vibhuti,5,0.00183,260030,95.04437,273588
1808,vinagreti,5,0.00183,260035,95.04620,273588
1809,vjkoskela,5,0.00183,260040,95.04803,273588
1810,wangsai,5,0.00183,260045,95.04986,273588
1811,watadarkstar,5,0.00183,260050,95.05168,273588
1812,wesalvaro,5,0.00183,260055,95.05351,273588
1813,WikiDiscoverer,5,0.00183,260060,95.05534,273588
1814,wolfy1339,5,0.00183,260065,95.05717,273588
1815,wuct,5,0.00183,260070,95.05899,273588
1816,xeno-by,5,0.00183,260075,95.06082,273588
1817,yizhang82,5,0.00183,260080,95.06265,273588
1818,yjaaidi,5,0.00183,260085,95.06448,273588
1819,YonatanKra,5,0.00183,260090,95.06630,273588
1820,Youssef1313,5,0.00183,260095,95.06813,273588
1821,zbjornson,5,0.00183,260100,95.06996,273588
1822,15characterlimi,4,0.00146,260104,95.07142,273588
1823,2m,4,0.00146,260108,95.07288,273588
1824,304NotModified,4,0.00146,260112,95.07435,273588
1825,aaron-schmidt,4,0.00146,260116,95.07581,273588
1826,accordeiro,4,0.00146,260120,95.07727,273588
1827,aciccarello,4,0.00146,260124,95.07873,273588
1828,ackratos,4,0.00146,260128,95.08019,273588
1829,acr31,4,0.00146,260132,95.08166,273588
1830,adamzerner,4,0.00146,260136,95.08312,273588
1831,adob,4,0.00146,260140,95.08458,273588
1832,adrian-crum,4,0.00146,260144,95.08604,273588
1833,AdriVanHoudt,4,0.00146,260148,95.08750,273588
1834,agl,4,0.00146,260152,95.08897,273588
1835,Airblader,4,0.00146,260156,95.09043,273588
1836,ajmohan,4,0.00146,260160,95.09189,273588
1837,ajoslin,4,0.00146,260164,95.09335,273588
1838,alediaferia,4,0.00146,260168,95.09481,273588
1839,alexanderkozlenko,4,0.00146,260172,95.09628,273588
1840,alex-chuev,4,0.00146,260176,95.09774,273588
1841,alexeyr,4,0.00146,260180,95.09920,273588
1842,alexmckenley,4,0.00146,260184,95.10066,273588
1843,alfeg,4,0.00146,260188,95.10212,273588
1844,AlfredoMS,4,0.00146,260192,95.10359,273588
1845,alnikola,4,0.00146,260196,95.10505,273588
1846,altescape,4,0.00146,260200,95.10651,273588
1847,amasad,4,0.00146,260204,95.10797,273588
1848,ammills01,4,0.00146,260208,95.10943,273588
1849,ampgular,4,0.00146,260212,95.11090,273588
1850,anasqadrei,4,0.00146,260216,95.11236,273588
1851,andalm,4,0.00146,260220,95.11382,273588
1852,AndrusGerman,4,0.00146,260224,95.11528,273588
1853,andykuszyk,4,0.00146,260228,95.11674,273588
1854,andyrooger,4,0.00146,260232,95.11821,273588
1855,anmonteiro,4,0.00146,260236,95.11967,273588
1856,anyong,4,0.00146,260240,95.12113,273588
1857,aortyl,4,0.00146,260244,95.12259,273588
1858,aperala,4,0.00146,260248,95.12406,273588
1859,arkist,4,0.00146,260252,95.12552,273588
1860,aroben,4,0.00146,260256,95.12698,273588
1861,arosenberg01,4,0.00146,260260,95.12844,273588
1862,artkpv,4,0.00146,260264,95.12990,273588
1863,ArtskydJ,4,0.00146,260268,95.13137,273588
1864,ascorbic,4,0.00146,260272,95.13283,273588
1865,audionerd,4,0.00146,260276,95.13429,273588
1866,austinoneil,4,0.00146,260280,95.13575,273588
1867,AustinWise,4,0.00146,260284,95.13721,273588
1868,axe312ger,4,0.00146,260288,95.13868,273588
1869,b3vegan,4,0.00146,260292,95.14014,273588
1870,balbuf,4,0.00146,260296,95.14160,273588
1871,barney2k7,4,0.00146,260300,95.14306,273588
1872,bcran,4,0.00146,260304,95.14452,273588
1873,beatgammit,4,0.00146,260308,95.14599,273588
1874,bel3atar,4,0.00146,260312,95.14745,273588
1875,bembelimen,4,0.00146,260316,95.14891,273588
1876,benmosher,4,0.00146,260320,95.15037,273588
1877,bennetthardwick,4,0.00146,260324,95.15183,273588
1878,bfred-it,4,0.00146,260328,95.15330,273588
1879,bhovhannes,4,0.00146,260332,95.15476,273588
1880,BigGillyStyle,4,0.00146,260336,95.15622,273588
1881,bmeck,4,0.00146,260340,95.15768,273588
1882,Bobeta,4,0.00146,260344,95.15914,273588
1883,boenrobot,4,0.00146,260348,95.16061,273588
1884,booleanbetrayal,4,0.00146,260352,95.16207,273588
1885,Boshen,4,0.00146,260356,95.16353,273588
1886,bradleyprice,4,0.00146,260360,95.16499,273588
1887,brandonhorst,4,0.00146,260364,95.16645,273588
1888,brunocoelho,4,0.00146,260368,95.16792,273588
1889,bsonntag,4,0.00146,260372,95.16938,273588
1890,BTMPL,4,0.00146,260376,95.17084,273588
1891,ca136,4,0.00146,260380,95.17230,273588
1892,cakofony,4,0.00146,260384,95.17376,273588
1893,calamarico,4,0.00146,260388,95.17523,273588
1894,cameronbriar,4,0.00146,260392,95.17669,273588
1895,cameronhunter,4,0.00146,260396,95.17815,273588
1896,camilogiraldo,4,0.00146,260400,95.17961,273588
1897,camsong,4,0.00146,260404,95.18108,273588
1898,carltonf,4,0.00146,260408,95.18254,273588
1899,cassand,4,0.00146,260412,95.18400,273588
1900,cbrwizard,4,0.00146,260416,95.18546,273588
1901,cburroughs,4,0.00146,260420,95.18692,273588
1902,CDDelta,4,0.00146,260424,95.18839,273588
1903,ChadNedzlek,4,0.00146,260428,95.18985,273588
1904,chainhelen,4,0.00146,260432,95.19131,273588
1905,Charlie-Hua,4,0.00146,260436,95.19277,273588
1906,cheapsteak,4,0.00146,260440,95.19423,273588
1907,chillypepper,4,0.00146,260444,95.19570,273588
1908,chirag64,4,0.00146,260448,95.19716,273588
1909,chrisrowe,4,0.00146,260452,95.19862,273588
1910,christophercurrie,4,0.00146,260456,95.20008,273588
1911,chrootsu,4,0.00146,260460,95.20154,273588
1912,cjihrig,4,0.00146,260464,95.20301,273588
1913,clarkwinkelmann,4,0.00146,260468,95.20447,273588
1914,ClimbsRocks,4,0.00146,260472,95.20593,273588
1915,cloverharvest,4,0.00146,260476,95.20739,273588
1916,cmyers,4,0.00146,260480,95.20885,273588
1917,codeclown,4,0.00146,260484,95.21032,273588
1918,code-tree,4,0.00146,260488,95.21178,273588
1919,CoffeeFlux,4,0.00146,260492,95.21324,273588
1920,cooperka,4,0.00146,260496,95.21470,273588
1921,corsairmarks,4,0.00146,260500,95.21616,273588
1922,cpereida,4,0.00146,260504,95.21763,273588
1923,cRAN-cg,4,0.00146,260508,95.21909,273588
1924,ctaggart,4,0.00146,260512,95.22055,273588
1925,cyan33,4,0.00146,260516,95.22201,273588
1926,DamirAinullin,4,0.00146,260520,95.22347,273588
1927,danielmiller-nl,4,0.00146,260524,95.22494,273588
1928,daviskoh,4,0.00146,260528,95.22640,273588
1929,daztucker,4,0.00146,260532,95.22786,273588
1930,delgurth,4,0.00146,260536,95.22932,273588
1931,DenisIstomin,4,0.00146,260540,95.23078,273588
1932,dhyey35,4,0.00146,260544,95.23225,273588
1933,dimitrisli,4,0.00146,260548,95.23371,273588
1934,dimvar,4,0.00146,260552,95.23517,273588
1935,disjukr,4,0.00146,260556,95.23663,273588
1936,dittos,4,0.00146,260560,95.23810,273588
1937,dk14,4,0.00146,260564,95.23956,273588
1938,dkim-95112,4,0.00146,260568,95.24102,273588
1939,dkrugman,4,0.00146,260572,95.24248,273588
1940,dmatteo,4,0.00146,260576,95.24394,273588
1941,dnozay,4,0.00146,260580,95.24541,273588
1942,doggy8088,4,0.00146,260584,95.24687,273588
1943,donaldpipowitch,4,0.00146,260588,95.24833,273588
1944,don-vip,4,0.00146,260592,95.24979,273588
1945,dotku,4,0.00146,260596,95.25125,273588
1946,dotnetCarpenter,4,0.00146,260600,95.25272,273588
1947,Drake103,4,0.00146,260604,95.25418,273588
1948,dreddy-work,4,0.00146,260608,95.25564,273588
1949,drwetter,4,0.00146,260612,95.25710,273588
1950,dtritus,4,0.00146,260616,95.25856,273588
1951,dumb,4,0.00146,260620,95.26003,273588
1952,EddyP23,4,0.00146,260624,95.26149,273588
1953,edg2s,4,0.00146,260628,95.26295,273588
1954,edmundnoble,4,0.00146,260632,95.26441,273588
1955,edthedev,4,0.00146,260636,95.26587,273588
1956,e-hein,4,0.00146,260640,95.26734,273588
1957,eiriksm,4,0.00146,260644,95.26880,273588
1958,eirslett,4,0.00146,260648,95.27026,273588
1959,ejb,4,0.00146,260652,95.27172,273588
1960,ejmartin504,4,0.00146,260656,95.27318,273588
1961,ElanHasson,4,0.00146,260660,95.27465,273588
1962,ElephantRose,4,0.00146,260664,95.27611,273588
1963,elgalu,4,0.00146,260668,95.27757,273588
1964,ellamaolson,4,0.00146,260672,95.27903,273588
1965,elpintar,4,0.00146,260676,95.28049,273588
1966,elyoh,4,0.00146,260680,95.28196,273588
1967,emlun,4,0.00146,260684,95.28342,273588
1968,EmmanuelDemey,4,0.00146,260688,95.28488,273588
1969,Ephem,4,0.00146,260692,95.28634,273588
1970,erbridge,4,0.00146,260696,95.28781,273588
1971,ericelliott,4,0.00146,260700,95.28927,273588
1972,ErickXavier,4,0.00146,260704,95.29073,273588
1973,ericsakmar,4,0.00146,260708,95.29219,273588
1974,EricTsangX,4,0.00146,260712,95.29365,273588
1975,erik-krogh,4,0.00146,260716,95.29512,273588
1976,erweixin,4,0.00146,260720,95.29658,273588
1977,espiler,4,0.00146,260724,95.29804,273588
1978,EsrefDurna,4,0.00146,260728,95.29950,273588
1979,EvanCarroll,4,0.00146,260732,95.30096,273588
1980,ex1st,4,0.00146,260736,95.30243,273588
1981,exiadbq,4,0.00146,260740,95.30389,273588
1982,exige81,4,0.00146,260744,95.30535,273588
1983,eXon,4,0.00146,260748,95.30681,273588
1984,ExplodingCabbage,4,0.00146,260752,95.30827,273588
1985,ezubarev,4,0.00146,260756,95.30974,273588
1986,fanatid,4,0.00146,260760,95.31120,273588
1987,fbonzon,4,0.00146,260764,95.31266,273588
1988,fealaer,4,0.00146,260768,95.31412,273588
1989,feloy,4,0.00146,260772,95.31558,273588
1990,feyzo,4,0.00146,260776,95.31705,273588
1991,ffflorian,4,0.00146,260780,95.31851,273588
1992,fidian,4,0.00146,260784,95.31997,273588
1993,floatdrop,4,0.00146,260788,95.32143,273588
1994,flowersinthesand,4,0.00146,260792,95.32289,273588
1995,fscherwi,4,0.00146,260796,95.32436,273588
1996,furevor,4,0.00146,260800,95.32582,273588
1997,gabriellett,4,0.00146,260804,95.32728,273588
1998,gajus,4,0.00146,260808,95.32874,273588
1999,gberg1,4,0.00146,260812,95.33020,273588
2000,GerHobbelt,4,0.00146,260816,95.33167,273588
2001,get-trucked,4,0.00146,260820,95.33313,273588
2002,ghengeveld,4,0.00146,260824,95.33459,273588
2003,gianpaj,4,0.00146,260828,95.33605,273588
2004,gitanupam,4,0.00146,260832,95.33751,273588
2005,glenjamin,4,0.00146,260836,95.33898,273588
2006,glenr4,4,0.00146,260840,95.34044,273588
2007,gnarf,4,0.00146,260844,95.34190,273588
2008,gonengar,4,0.00146,260848,95.34336,273588
2009,gpolychronisAmadeus,4,0.00146,260852,95.34483,273588
2010,gre,4,0.00146,260856,95.34629,273588
2011,gtzinos,4,0.00146,260860,95.34775,273588
2012,guillaume-brialon,4,0.00146,260864,95.34921,273588
2013,guptasourabh04,4,0.00146,260868,95.35067,273588
2014,gustavohenke,4,0.00146,260872,95.35214,273588
2015,guybedford,4,0.00146,260876,95.35360,273588
2016,GuyMograbi,4,0.00146,260880,95.35506,273588
2017,hahla,4,0.00146,260884,95.35652,273588
2018,hamzaOp,4,0.00146,260888,95.35798,273588
2019,hartzis,4,0.00146,260892,95.35945,273588
2020,hereblur,4,0.00146,260896,95.36091,273588
2021,hildjj,4,0.00146,260900,95.36237,273588
2022,HolgerJeromin,4,0.00146,260904,95.36383,273588
2023,horprogs,4,0.00146,260908,95.36529,273588
2024,horus68,4,0.00146,260912,95.36676,273588
2025,hpawe01,4,0.00146,260916,95.36822,273588
2026,huangw5,4,0.00146,260920,95.36968,273588
2027,huang-x-h,4,0.00146,260924,95.37114,273588
2028,huphtur,4,0.00146,260928,95.37260,273588
2029,Hypnosphi,4,0.00146,260932,95.37407,273588
2030,ianwalter,4,0.00146,260936,95.37553,273588
2031,IdanCo,4,0.00146,260940,95.37699,273588
2032,idearat,4,0.00146,260944,95.37845,273588
2033,ijcheung,4,0.00146,260948,95.37991,273588
2034,iliesaithamouda,4,0.00146,260952,95.38138,273588
2035,IljaDaderko,4,0.00146,260956,95.38284,273588
2036,intellix,4,0.00146,260960,95.38430,273588
2037,istro,4,0.00146,260964,95.38576,273588
2038,itsfadnis,4,0.00146,260968,95.38722,273588
2039,jackcviers,4,0.00146,260972,95.38869,273588
2040,jacklaurencegaray,4,0.00146,260976,95.39015,273588
2041,Jakobo,4,0.00146,260980,95.39161,273588
2042,jalfonso,4,0.00146,260984,95.39307,273588
2043,jamestalmage,4,0.00146,260988,95.39453,273588
2044,janmaterne,4,0.00146,260992,95.39600,273588
2045,jaredpetersen,4,0.00146,260996,95.39746,273588
2046,jasonchoimtt,4,0.00146,261000,95.39892,273588
2047,jayaram-intel,4,0.00146,261004,95.40038,273588
2048,JayKan,4,0.00146,261008,95.40185,273588
2049,jayphelps,4,0.00146,261012,95.40331,273588
2050,jccarrillo,4,0.00146,261016,95.40477,273588
2051,jeffwesson,4,0.00146,261020,95.40623,273588
2052,jesstelford,4,0.00146,261024,95.40769,273588
2053,jharrilim,4,0.00146,261028,95.40916,273588
2054,jifeon,4,0.00146,261032,95.41062,273588
2055,jkjustjoshing,4,0.00146,261036,95.41208,273588
2056,JLammeer,4,0.00146,261040,95.41354,273588
2057,jmrog,4,0.00146,261044,95.41500,273588
2058,JoanClaret,4,0.00146,261048,95.41647,273588
2059,jodersky,4,0.00146,261052,95.41793,273588
2060,joelbraun,4,0.00146,261056,95.41939,273588
2061,JohnAlbin,4,0.00146,261060,95.42085,273588
2062,JohnAnthony,4,0.00146,261064,95.42231,273588
2063,johnstonbl01,4,0.00146,261068,95.42378,273588
2064,johnz133,4,0.00146,261072,95.42524,273588
2065,JonAbrams,4,0.00146,261076,95.42670,273588
2066,jonhester,4,0.00146,261080,95.42816,273588
2067,jordonias,4,0.00146,261084,95.42962,273588
2068,joshcanhelp,4,0.00146,261088,95.43109,273588
2069,josmaissan,4,0.00146,261092,95.43255,273588
2070,JPeer264,4,0.00146,261096,95.43401,273588
2071,jshen212,4,0.00146,261100,95.43547,273588
2072,jtcrowson,4,0.00146,261104,95.43693,273588
2073,jtorbicki,4,0.00146,261108,95.43840,273588
2074,jurko-gospodnetic,4,0.00146,261112,95.43986,273588
2075,just-boris,4,0.00146,261116,95.44132,273588
2076,justingrant,4,0.00146,261120,95.44278,273588
2077,jvandemo,4,0.00146,261124,95.44424,273588
2078,karanveersp,4,0.00146,261128,95.44571,273588
2079,karinazhou,4,0.00146,261132,95.44717,273588
2080,katryo,4,0.00146,261136,95.44863,273588
2081,kAworu,4,0.00146,261140,95.45009,273588
2082,kborchers,4,0.00146,261144,95.45155,273588
2083,keheliya,4,0.00146,261148,95.45302,273588
2084,KennySchank,4,0.00146,261152,95.45448,273588
2085,keropodium,4,0.00146,261156,95.45594,273588
2086,ketan-gote,4,0.00146,261160,95.45740,273588
2087,KevinBrogan,4,0.00146,261164,95.45887,273588
2088,kevingosse,4,0.00146,261168,95.46033,273588
2089,Kingwl,4,0.00146,261172,95.46179,273588
2090,kiritsuku,4,0.00146,261176,95.46325,273588
2091,kleinmrk,4,0.00146,261180,95.46471,273588
2092,KonstantinShemyak,4,0.00146,261184,95.46618,273588
2093,Kout,4,0.00146,261188,95.46764,273588
2094,Kovah,4,0.00146,261192,95.46910,273588
2095,koyner,4,0.00146,261196,95.47056,273588
2096,kranrao,4,0.00146,261200,95.47202,273588
2097,krinoid,4,0.00146,261204,95.47349,273588
2098,ktriek,4,0.00146,261208,95.47495,273588
2099,Laisky,4,0.00146,261212,95.47641,273588
2100,lajones,4,0.00146,261216,95.47787,273588
2101,Lekensteyn,4,0.00146,261220,95.47933,273588
2102,lencioni,4,0.00146,261224,95.48080,273588
2103,leppie,4,0.00146,261228,95.48226,273588
2104,lesleh,4,0.00146,261232,95.48372,273588
2105,lextiz,4,0.00146,261236,95.48518,273588
2106,lincolndbryant,4,0.00146,261240,95.48664,273588
2107,lipis,4,0.00146,261244,95.48811,273588
2108,lirantal,4,0.00146,261248,95.48957,273588
2109,livvielin,4,0.00146,261252,95.49103,273588
2110,LizaLemons,4,0.00146,261256,95.49249,273588
2111,lkts,4,0.00146,261260,95.49395,273588
2112,logeshpaul,4,0.00146,261264,95.49542,273588
2113,LoicMahieu,4,0.00146,261268,95.49688,273588
2114,lpage,4,0.00146,261272,95.49834,273588
2115,lucenticus,4,0.00146,261276,95.49980,273588
2116,luckylooke,4,0.00146,261280,95.50126,273588
2117,lugovsky,4,0.00146,261284,95.50273,273588
2118,luixaviles,4,0.00146,261288,95.50419,273588
2119,LukasDrgon,4,0.00146,261292,95.50565,273588
2120,lukaselmer,4,0.00146,261296,95.50711,273588
2121,lukasoppermann,4,0.00146,261300,95.50857,273588
2122,lundmikkel,4,0.00146,261304,95.51004,273588
2123,lvarayut,4,0.00146,261308,95.51150,273588
2124,m0mus,4,0.00146,261312,95.51296,273588
2125,maciej-ka,4,0.00146,261316,95.51442,273588
2126,maciej-kolodziejczak,4,0.00146,261320,95.51589,273588
2127,maisano,4,0.00146,261324,95.51735,273588
2128,marceljuenemann,4,0.00146,261328,95.51881,273588
2129,MarceloAlves,4,0.00146,261332,95.52027,273588
2130,marciovicente,4,0.00146,261336,95.52173,273588
2131,marclr,4,0.00146,261340,95.52320,273588
2132,marianoc84,4,0.00146,261344,95.52466,273588
2133,MarkDacek,4,0.00146,261348,95.52612,273588
2134,martin-frydl,4,0.00146,261352,95.52758,273588
2135,marvinhagemeister,4,0.00146,261356,95.52904,273588
2136,Mathou54,4,0.00146,261360,95.53051,273588
2137,matiassingers,4,0.00146,261364,95.53197,273588
2138,mattbrundage,4,0.00146,261368,95.53343,273588
2139,mattcollier,4,0.00146,261372,95.53489,273588
2140,mattlewis92,4,0.00146,261376,95.53635,273588
2141,mauricew,4,0.00146,261380,95.53782,273588
2142,maurya777,4,0.00146,261384,95.53928,273588
2143,maxdeviant,4,0.00146,261388,95.54074,273588
2144,mazong1123,4,0.00146,261392,95.54220,273588
2145,mbeaudru,4,0.00146,261396,95.54366,273588
2146,mcasasola,4,0.00146,261400,95.54513,273588
2147,mcculley,4,0.00146,261404,95.54659,273588
2148,mcknell,4,0.00146,261408,95.54805,273588
2149,mebigfatguy,4,0.00146,261412,95.54951,273588
2150,medinarkhov,4,0.00146,261416,95.55097,273588
2151,mfollett,4,0.00146,261420,95.55244,273588
2152,mfunkie,4,0.00146,261424,95.55390,273588
2153,mgiambalvo,4,0.00146,261428,95.55536,273588
2154,michaelchiche,4,0.00146,261432,95.55682,273588
2155,mikedn,4,0.00146,261436,95.55828,273588
2156,millermedeiros,4,0.00146,261440,95.55975,273588
2157,mingtaoy,4,0.00146,261444,95.56121,273588
2158,mirabilos,4,0.00146,261448,95.56267,273588
2159,miromannino,4,0.00146,261452,95.56413,273588
2160,mischkl,4,0.00146,261456,95.56559,273588
2161,mitchellwills,4,0.00146,261460,95.56706,273588
2162,mitenka,4,0.00146,261464,95.56852,273588
2163,mkroeders,4,0.00146,261468,95.56998,273588
2164,monkpit,4,0.00146,261472,95.57144,273588
2165,moozzyk,4,0.00146,261476,95.57291,273588
2166,morenoh149,4,0.00146,261480,95.57437,273588
2167,morrissinger,4,0.00146,261484,95.57583,273588
2168,mortonfox,4,0.00146,261488,95.57729,273588
2169,motiz88,4,0.00146,261492,95.57875,273588
2170,mpeyper,4,0.00146,261496,95.58022,273588
2171,mrcoles,4,0.00146,261500,95.58168,273588
2172,m-sp,4,0.00146,261504,95.58314,273588
2173,mucer,4,0.00146,261508,95.58460,273588
2174,myarcane,4,0.00146,261512,95.58606,273588
2175,MylesBorins,4,0.00146,261516,95.58753,273588
2176,nahakiole,4,0.00146,261520,95.58899,273588
2177,Nargonath,4,0.00146,261524,95.59045,273588
2178,nateq314,4,0.00146,261528,95.59191,273588
2179,nathanhammond,4,0.00146,261532,95.59337,273588
2180,nazieb,4,0.00146,261536,95.59484,273588
2181,nbauernfeind,4,0.00146,261540,95.59630,273588
2182,netman92,4,0.00146,261544,95.59776,273588
2183,nhashmi,4,0.00146,261548,95.59922,273588
2184,nickmccurdy,4,0.00146,261552,95.60068,273588
2185,nicktobolski,4,0.00146,261556,95.60215,273588
2186,nickvdyck,4,0.00146,261560,95.60361,273588
2187,nicmitchell,4,0.00146,261564,95.60507,273588
2188,nicolevy,4,0.00146,261568,95.60653,273588
2189,Nikita240,4,0.00146,261572,95.60799,273588
2190,nisha-kaushik,4,0.00146,261576,95.60946,273588
2191,niteshthakur,4,0.00146,261580,95.61092,273588
2192,noackjr,4,0.00146,261584,95.61238,273588
2193,nooks,4,0.00146,261588,95.61384,273588
2194,nording,4,0.00146,261592,95.61530,273588
2195,norek,4,0.00146,261596,95.61677,273588
2196,nowells,4,0.00146,261600,95.61823,273588
2197,nsfmc,4,0.00146,261604,95.61969,273588
2198,ntwb,4,0.00146,261608,95.62115,273588
2199,ntzm,4,0.00146,261612,95.62262,273588
2200,nwoltman,4,0.00146,261616,95.62408,273588
2201,odahcam,4,0.00146,261620,95.62554,273588
2202,oemmes,4,0.00146,261624,95.62700,273588
2203,oGsLP,4,0.00146,261628,95.62846,273588
2204,oheger,4,0.00146,261632,95.62993,273588
2205,oti,4,0.00146,261636,95.63139,273588
2206,OwnageIsMagic,4,0.00146,261640,95.63285,273588
2207,pandualuvala,4,0.00146,261644,95.63431,273588
2208,Parent5446,4,0.00146,261648,95.63577,273588
2209,pascalduez,4,0.00146,261652,95.63724,273588
2210,passcod,4,0.00146,261656,95.63870,273588
2211,patrixd,4,0.00146,261660,95.64016,273588
2212,paulfalgout,4,0.00146,261664,95.64162,273588
2213,paulmon,4,0.00146,261668,95.64308,273588
2214,pbr1111,4,0.00146,261672,95.64455,273588
2215,perrin4869,4,0.00146,261676,95.64601,273588
2216,petedmarsh,4,0.00146,261680,95.64747,273588
2217,peterneave,4,0.00146,261684,95.64893,273588
2218,petersalomonsen,4,0.00146,261688,95.65039,273588
2219,philBrown,4,0.00146,261692,95.65186,273588
2220,pholly,4,0.00146,261696,95.65332,273588
2221,pixelbandito,4,0.00146,261700,95.65478,273588
2222,poke,4,0.00146,261704,95.65624,273588
2223,pomber,4,0.00146,261708,95.65770,273588
2224,poxrud,4,0.00146,261712,95.65917,273588
2225,prog1dev,4,0.00146,261716,95.66063,273588
2226,qiuyuntao,4,0.00146,261720,95.66209,273588
2227,qiyigg,4,0.00146,261724,95.66355,273588
2228,Queeniebee,4,0.00146,261728,95.66501,273588
2229,QWp6t,4,0.00146,261732,95.66648,273588
2230,RaghavRamesh,4,0.00146,261736,95.66794,273588
2231,rahulkotecha,4,0.00146,261740,95.66940,273588
2232,RaphStein,4,0.00146,261744,95.67086,273588
2233,redbmk,4,0.00146,261748,95.67232,273588
2234,remal,4,0.00146,261752,95.67379,273588
2235,rgksugan,4,0.00146,261756,95.67525,273588
2236,RhinoLu,4,0.00146,261760,95.67671,273588
2237,rictorres,4,0.00146,261764,95.67817,273588
2238,riichard,4,0.00146,261768,95.67964,273588
2239,riren,4,0.00146,261772,95.68110,273588
2240,rishabhjain,4,0.00146,261776,95.68256,273588
2241,rlindner81,4,0.00146,261780,95.68402,273588
2242,rluba,4,0.00146,261784,95.68548,273588
2243,robinj,4,0.00146,261788,95.68695,273588
2244,robtimus,4,0.00146,261792,95.68841,273588
2245,rparrapy,4,0.00146,261796,95.68987,273588
2246,rphv,4,0.00146,261800,95.69133,273588
2247,rPraml,4,0.00146,261804,95.69279,273588
2248,rrsivabalan,4,0.00146,261808,95.69426,273588
2249,rtack,4,0.00146,261812,95.69572,273588
2250,RudarDaman,4,0.00146,261816,95.69718,273588
2251,ruoho,4,0.00146,261820,95.69864,273588
2252,rwg,4,0.00146,261824,95.70010,273588
2253,ryanhart2,4,0.00146,261828,95.70157,273588
2254,ryysud,4,0.00146,261832,95.70303,273588
2255,sahrens,4,0.00146,261836,95.70449,273588
2256,sajeetharan,4,0.00146,261840,95.70595,273588
2257,salamanderrex,4,0.00146,261844,95.70741,273588
2258,SanderElias,4,0.00146,261848,95.70888,273588
2259,SaptakS,4,0.00146,261852,95.71034,273588
2260,sathify,4,0.00146,261856,95.71180,273588
2261,scheglov,4,0.00146,261860,95.71326,273588
2262,scloudyy,4,0.00146,261864,95.71472,273588
2263,scottaddie,4,0.00146,261868,95.71619,273588
2264,scottpetrovic,4,0.00146,261872,95.71765,273588
2265,secrettriangle,4,0.00146,261876,95.71911,273588
2266,selbekk,4,0.00146,261880,95.72057,273588
2267,semenyakNik,4,0.00146,261884,95.72203,273588
2268,serima,4,0.00146,261888,95.72350,273588
2269,sevdog,4,0.00146,261892,95.72496,273588
2270,sh0hei,4,0.00146,261896,95.72642,273588
2271,shairez,4,0.00146,261900,95.72788,273588
2272,shlomiassaf,4,0.00146,261904,95.72934,273588
2273,Shrulik,4,0.00146,261908,95.73081,273588
2274,sijanmilan,4,0.00146,261912,95.73227,273588
2275,simon04,4,0.00146,261916,95.73373,273588
2276,simoneb,4,0.00146,261920,95.73519,273588
2277,sjsyrek,4,0.00146,261924,95.73666,273588
2278,Skasi,4,0.00146,261928,95.73812,273588
2279,SlimFoster,4,0.00146,261932,95.73958,273588
2280,snehalbaghel,4,0.00146,261936,95.74104,273588
2281,souvikbasu,4,0.00146,261940,95.74250,273588
2282,sp00m,4,0.00146,261944,95.74397,273588
2283,splendido,4,0.00146,261948,95.74543,273588
2284,spoonraker,4,0.00146,261952,95.74689,273588
2285,stefanpenner,4,0.00146,261956,95.74835,273588
2286,stephaniekendall,4,0.00146,261960,95.74981,273588
2287,stoeckmann,4,0.00146,261964,95.75128,273588
2288,Strikeskids,4,0.00146,261968,95.75274,273588
2289,strogonoff,4,0.00146,261972,95.75420,273588
2290,styfle,4,0.00146,261976,95.75566,273588
2291,svershin,4,0.00146,261980,95.75712,273588
2292,SyntaxRules,4,0.00146,261984,95.75859,273588
2293,tae-jun,4,0.00146,261988,95.76005,273588
2294,tagyoureit,4,0.00146,261992,95.76151,273588
2295,taion,4,0.00146,261996,95.76297,273588
2296,tako-black,4,0.00146,262000,95.76443,273588
2297,tama3bb,4,0.00146,262004,95.76590,273588
2298,tavianator,4,0.00146,262008,95.76736,273588
2299,tealtail,4,0.00146,262012,95.76882,273588
2300,tekwiz,4,0.00146,262016,95.77028,273588
2301,teppeis,4,0.00146,262020,95.77174,273588
2302,thatType,4,0.00146,262024,95.77321,273588
2303,thedeco,4,0.00146,262028,95.77467,273588
2304,TheRealMaxion,4,0.00146,262032,95.77613,273588
2305,Therzok,4,0.00146,262036,95.77759,273588
2306,thinegod,4,0.00146,262040,95.77905,273588
2307,thirdcreed,4,0.00146,262044,95.78052,273588
2308,thomaslevesque,4,0.00146,262048,95.78198,273588
2309,timandy,4,0.00146,262052,95.78344,273588
2310,timvdalen,4,0.00146,262056,95.78490,273588
2311,toastynerd,4,0.00146,262060,95.78636,273588
2312,tobiasschweizer,4,0.00146,262064,95.78783,273588
2313,toebu,4,0.00146,262068,95.78929,273588
2314,tolbertam,4,0.00146,262072,95.79075,273588
2315,TomasMikula,4,0.00146,262076,95.79221,273588
2316,tomastrajan,4,0.00146,262080,95.79368,273588
2317,tom-dudley,4,0.00146,262084,95.79514,273588
2318,tomlutzenberger,4,0.00146,262088,95.79660,273588
2319,tomscholz,4,0.00146,262092,95.79806,273588
2320,tonybaroneee,4,0.00146,262096,95.79952,273588
2321,tonyspb,4,0.00146,262100,95.80099,273588
2322,TornjV,4,0.00146,262104,95.80245,273588
2323,tpoulos,4,0.00146,262108,95.80391,273588
2324,trevhud,4,0.00146,262112,95.80537,273588
2325,TruePath,4,0.00146,262116,95.80683,273588
2326,tsriram,4,0.00146,262120,95.80830,273588
2327,tsuyoshizawa,4,0.00146,262124,95.80976,273588
2328,tupini07,4,0.00146,262128,95.81122,273588
2329,tvanro,4,0.00146,262132,95.81268,273588
2330,tycho01,4,0.00146,262136,95.81414,273588
2331,tyrasd,4,0.00146,262140,95.81561,273588
2332,UCIS,4,0.00146,262144,95.81707,273588
2333,ulitink,4,0.00146,262148,95.81853,273588
2334,Urigo,4,0.00146,262152,95.81999,273588
2335,verhas,4,0.00146,262156,95.82145,273588
2336,vincent4j,4,0.00146,262160,95.82292,273588
2337,VincentLanglet,4,0.00146,262164,95.82438,273588
2338,vincentriemer,4,0.00146,262168,95.82584,273588
2339,vincent-zurczak,4,0.00146,262172,95.82730,273588
2340,vipulnsward,4,0.00146,262176,95.82876,273588
2341,VishvajitP,4,0.00146,262180,95.83023,273588
2342,vovchik-manko,4,0.00146,262184,95.83169,273588
2343,vthinkxie,4,0.00146,262188,95.83315,273588
2344,v-yanbgu,4,0.00146,262192,95.83461,273588
2345,walrusfruitcake,4,0.00146,262196,95.83607,273588
2346,web-dave,4,0.00146,262200,95.83754,273588
2347,wibisono,4,0.00146,262204,95.83900,273588
2348,Wildhoney,4,0.00146,262208,95.84046,273588
2349,wiseleo,4,0.00146,262212,95.84192,273588
2350,WORMSS,4,0.00146,262216,95.84338,273588
2351,WreckItRalph,4,0.00146,262220,95.84485,273588
2352,wtgtybhertgeghgtwtg,4,0.00146,262224,95.84631,273588
2353,xemdetia,4,0.00146,262228,95.84777,273588
2354,xieranmaya,4,0.00146,262232,95.84923,273588
2355,xjlim,4,0.00146,262236,95.85070,273588
2356,xjose97x,4,0.00146,262240,95.85216,273588
2357,xkxx,4,0.00146,262244,95.85362,273588
2358,xp44mm,4,0.00146,262248,95.85508,273588
2359,xt0rted,4,0.00146,262252,95.85654,273588
2360,yankee42,4,0.00146,262256,95.85801,273588
2361,yasuf,4,0.00146,262260,95.85947,273588
2362,younesfkihi,4,0.00146,262264,95.86093,273588
2363,YoupHulsebos,4,0.00146,262268,95.86239,273588
2364,zacharywelch,4,0.00146,262272,95.86385,273588
2365,zainengineer,4,0.00146,262276,95.86532,273588
2366,zarenner,4,0.00146,262280,95.86678,273588
2367,zawiasam,4,0.00146,262284,95.86824,273588
2368,zaytsev-victor,4,0.00146,262288,95.86970,273588
2369,Zearin,4,0.00146,262292,95.87116,273588
2370,Zenexer,4,0.00146,262296,95.87263,273588
2371,zky829,4,0.00146,262300,95.87409,273588
2372,zoechi,4,0.00146,262304,95.87555,273588
2373,zuzusik,4,0.00146,262308,95.87701,273588
2374,102,3,0.00110,262311,95.87811,273588
2375,4creators,3,0.00110,262314,95.87921,273588
2376,9thQuadrant,3,0.00110,262317,95.88030,273588
2377,aarongarciah,3,0.00110,262320,95.88140,273588
2378,aaronhoffman,3,0.00110,262323,95.88249,273588
2379,AbhiAgarwal192,3,0.00110,262326,95.88359,273588
2380,abhisheksoni27,3,0.00110,262329,95.88469,273588
2381,adampoit,3,0.00110,262332,95.88578,273588
2382,adamski52,3,0.00110,262335,95.88688,273588
2383,adispring,3,0.00110,262338,95.88798,273588
2384,admosity,3,0.00110,262341,95.88907,273588
2385,Adol1111,3,0.00110,262344,95.89017,273588
2386,adriangodong,3,0.00110,262347,95.89127,273588
2387,AdrianVollmer,3,0.00110,262350,95.89236,273588
2388,adrienboulle,3,0.00110,262353,95.89346,273588
2389,adrogon,3,0.00110,262356,95.89456,273588
2390,aeons,3,0.00110,262359,95.89565,273588
2391,agussman,3,0.00110,262362,95.89675,273588
2392,ahmadawais,3,0.00110,262365,95.89785,273588
2393,ahoefling,3,0.00110,262368,95.89894,273588
2394,ajaygm,3,0.00110,262371,95.90004,273588
2395,ajcrites,3,0.00110,262374,95.90114,273588
2396,ajuliano,3,0.00110,262377,95.90223,273588
2397,AlanBreck,3,0.00110,262380,95.90333,273588
2398,alberto,3,0.00110,262383,95.90443,273588
2399,albertogarza,3,0.00110,262386,95.90552,273588
2400,albertosantini,3,0.00110,262389,95.90662,273588
2401,aldermoovel,3,0.00110,262392,95.90772,273588
2402,alesma,3,0.00110,262395,95.90881,273588
2403,alewiahmed,3,0.00110,262398,95.90991,273588
2404,alexcastillo,3,0.00110,262401,95.91100,273588
2405,AlexejLiebenthal,3,0.00110,262404,95.91210,273588
2406,Alexx999,3,0.00110,262407,95.91320,273588
2407,AlgorithmsAreCool,3,0.00110,262410,95.91429,273588
2408,Alhadis,3,0.00110,262413,95.91539,273588
2409,alimemonzx,3,0.00110,262416,95.91649,273588
2410,alobban,3,0.00110,262419,95.91758,273588
2411,alphonsekurian,3,0.00110,262422,95.91868,273588
2412,alvarocjunq,3,0.00110,262425,95.91978,273588
2413,amanvir,3,0.00110,262428,95.92087,273588
2414,ameya-pandilwar,3,0.00110,262431,95.92197,273588
2415,amitport,3,0.00110,262434,95.92307,273588
2416,andresgottlieb,3,0.00110,262437,95.92416,273588
2417,AndreyAkinshin,3,0.00110,262440,95.92526,273588
2418,andreyjkee,3,0.00110,262443,95.92636,273588
2419,anhulife,3,0.00110,262446,95.92745,273588
2420,anmary,3,0.00110,262449,95.92855,273588
2421,annefernandez3,3,0.00110,262452,95.92965,273588
2422,annevk,3,0.00110,262455,95.93074,273588
2423,AnnieYousar,3,0.00110,262458,95.93184,273588
2424,anpete,3,0.00110,262461,95.93294,273588
2425,antialias,3,0.00110,262464,95.93403,273588
2426,AntonLandor,3,0.00110,262467,95.93513,273588
2427,antsmartian,3,0.00110,262470,95.93623,273588
2428,anushreesubramani,3,0.00110,262473,95.93732,273588
2429,apocalyp0sys,3,0.00110,262476,95.93842,273588
2430,apushak,3,0.00110,262479,95.93951,273588
2431,aquavitae,3,0.00110,262482,95.94061,273588
2432,ara4n,3,0.00110,262485,95.94171,273588
2433,ardentia,3,0.00110,262488,95.94280,273588
2434,aretecode,3,0.00110,262491,95.94390,273588
2435,arnehoek,3,0.00110,262494,95.94500,273588
2436,Artazor,3,0.00110,262497,95.94609,273588
2437,artem-galas,3,0.00110,262500,95.94719,273588
2438,arthurpf,3,0.00110,262503,95.94829,273588
2439,arunkarthicksr,3,0.00110,262506,95.94938,273588
2440,asafdav2,3,0.00110,262509,95.95048,273588
2441,aschlapsi,3,0.00110,262512,95.95158,273588
2442,AScriver,3,0.00110,262515,95.95267,273588
2443,ashfahan,3,0.00110,262518,95.95377,273588
2444,AshKyd,3,0.00110,262521,95.95487,273588
2445,askpt,3,0.00110,262524,95.95596,273588
2446,atenhar,3,0.00110,262527,95.95706,273588
2447,Atuuh,3,0.00110,262530,95.95816,273588
2448,AurelioDeRosa,3,0.00110,262533,95.95925,273588
2449,azhmur,3,0.00110,262536,95.96035,273588
2450,bamblack,3,0.00110,262539,95.96145,273588
2451,barryceelen,3,0.00110,262542,95.96254,273588
2452,bartw,3,0.00110,262545,95.96364,273588
2453,basarat,3,0.00110,262548,95.96474,273588
2454,bcarson,3,0.00110,262551,95.96583,273588
2455,bcomnes,3,0.00110,262554,95.96693,273588
2456,bdelacretaz,3,0.00110,262557,95.96802,273588
2457,bdhess,3,0.00110,262560,95.96912,273588
2458,bear101,3,0.00110,262563,95.97022,273588
2459,bedag-moo,3,0.00110,262566,95.97131,273588
2460,beegotsy,3,0.00110,262569,95.97241,273588
2461,ben4ever,3,0.00110,262572,95.97351,273588
2462,benbot1,3,0.00110,262575,95.97460,273588
2463,benjamn,3,0.00110,262578,95.97570,273588
2464,bergus,3,0.00110,262581,95.97680,273588
2465,bernardogfilho,3,0.00110,262584,95.97789,273588
2466,BernhardRode,3,0.00110,262587,95.97899,273588
2467,bgirard,3,0.00110,262590,95.98009,273588
2468,bhanuprasad14,3,0.00110,262593,95.98118,273588
2469,Bil0,3,0.00110,262596,95.98228,273588
2470,BioPhoton,3,0.00110,262599,95.98338,273588
2471,bisguzar,3,0.00110,262602,95.98447,273588
2472,bisubus,3,0.00110,262605,95.98557,273588
2473,bjori,3,0.00110,262608,95.98667,273588
2474,bjwyse,3,0.00110,262611,95.98776,273588
2475,blackwright,3,0.00110,262614,95.98886,273588
2476,blahDL,3,0.00110,262617,95.98996,273588
2477,Blakenator,3,0.00110,262620,95.99105,273588
2478,BlockLabTV,3,0.00110,262623,95.99215,273588
2479,blowdart,3,0.00110,262626,95.99325,273588
2480,blowsie,3,0.00110,262629,95.99434,273588
2481,bluelovers,3,0.00110,262632,95.99544,273588
2482,bovandersteene,3,0.00110,262635,95.99653,273588
2483,bperel,3,0.00110,262638,95.99763,273588
2484,brad4d,3,0.00110,262641,95.99873,273588
2485,BraulioVM,3,0.00110,262644,95.99982,273588
2486,brejcham,3,0.00110,262647,96.00092,273588
2487,brendanashworth,3,0.00110,262650,96.00202,273588
2488,briancherin,3,0.00110,262653,96.00311,273588
2489,brianpchsu,3,0.00110,262656,96.00421,273588
2490,BridgeAR,3,0.00110,262659,96.00531,273588
2491,brikou,3,0.00110,262662,96.00640,273588
2492,brillout,3,0.00110,262665,96.00750,273588
2493,BrockBeaudry,3,0.00110,262668,96.00860,273588
2494,browner12,3,0.00110,262671,96.00969,273588
2495,bryanbraun,3,0.00110,262674,96.01079,273588
2496,brycehanscomb,3,0.00110,262677,96.01189,273588
2497,bsdfzzzy,3,0.00110,262680,96.01298,273588
2498,btrigueiro,3,0.00110,262683,96.01408,273588
2499,cacamille3,3,0.00110,262686,96.01518,273588
2500,calebcauthon,3,0.00110,262689,96.01627,273588
2501,calendee,3,0.00110,262692,96.01737,273588
2502,callumlocke,3,0.00110,262695,96.01847,273588
2503,camilleroux,3,0.00110,262698,96.01956,273588
2504,camjc,3,0.00110,262701,96.02066,273588
2505,camsteffen,3,0.00110,262704,96.02176,273588
2506,CarlMungazi,3,0.00110,262707,96.02285,273588
2507,carsonyl,3,0.00110,262710,96.02395,273588
2508,caseyscarborough,3,0.00110,262713,96.02504,273588
2509,catalint,3,0.00110,262716,96.02614,273588
2510,cbrandolino,3,0.00110,262719,96.02724,273588
2511,cchungmin,3,0.00110,262722,96.02833,273588
2512,cchyung,3,0.00110,262725,96.02943,273588
2513,cdschroeder,3,0.00110,262728,96.03053,273588
2514,centromere,3,0.00110,262731,96.03162,273588
2515,cgav,3,0.00110,262734,96.03272,273588
2516,chauey,3,0.00110,262737,96.03382,273588
2517,chr-g,3,0.00110,262740,96.03491,273588
2518,ChrisAntaki,3,0.00110,262743,96.03601,273588
2519,chrishiestand,3,0.00110,262746,96.03711,273588
2520,ChristianGrete,3,0.00110,262749,96.03820,273588
2521,cht8687,3,0.00110,262752,96.03930,273588
2522,ciderale,3,0.00110,262755,96.04040,273588
2523,cirosantilli,3,0.00110,262758,96.04149,273588
2524,clarkdo,3,0.00110,262761,96.04259,273588
2525,clarkis117,3,0.00110,262764,96.04369,273588
2526,clearyusc,3,0.00110,262767,96.04478,273588
2527,cloudy1,3,0.00110,262770,96.04588,273588
2528,Cludch,3,0.00110,262773,96.04698,273588
2529,cmckni3,3,0.00110,262776,96.04807,273588
2530,cmfcmf,3,0.00110,262779,96.04917,273588
2531,cmsdkfz,3,0.00110,262782,96.05027,273588
2532,cndpzc,3,0.00110,262785,96.05136,273588
2533,codediodeio,3,0.00110,262788,96.05246,273588
2534,colinmorelli,3,0.00110,262791,96.05355,273588
2535,colltoaction,3,0.00110,262794,96.05465,273588
2536,comerc,3,0.00110,262797,96.05575,273588
2537,ConnorAtherton,3,0.00110,262800,96.05684,273588
2538,contextshuffling,3,0.00110,262803,96.05794,273588
2539,cooljeffro,3,0.00110,262806,96.05904,273588
2540,coryjb,3,0.00110,262809,96.06013,273588
2541,crazyatlantaguy,3,0.00110,262812,96.06123,273588
2542,CrazyPython,3,0.00110,262815,96.06233,273588
2543,ctxhou,3,0.00110,262818,96.06342,273588
2544,cvibhagool,3,0.00110,262821,96.06452,273588
2545,cyraid,3,0.00110,262824,96.06562,273588
2546,cyrilf,3,0.00110,262827,96.06671,273588
2547,D3T0N8R,3,0.00110,262830,96.06781,273588
2548,daliclass,3,0.00110,262833,96.06891,273588
2549,dalinaum,3,0.00110,262836,96.07000,273588
2550,danday74,3,0.00110,262839,96.07110,273588
2551,dandv,3,0.00110,262842,96.07220,273588
2552,danielhusar,3,0.00110,262845,96.07329,273588
2553,DanielKucal,3,0.00110,262848,96.07439,273588
2554,DanielSeehausen,3,0.00110,262851,96.07549,273588
2555,danjm,3,0.00110,262854,96.07658,273588
2556,DanLipsitt,3,0.00110,262857,96.07768,273588
2557,dannyfallon,3,0.00110,262860,96.07878,273588
2558,danrot,3,0.00110,262863,96.07987,273588
2559,dargoan,3,0.00110,262866,96.08097,273588
2560,daveisfera,3,0.00110,262869,96.08207,273588
2561,dave-r12,3,0.00110,262872,96.08316,273588
2562,davidaurelio,3,0.00110,262875,96.08426,273588
2563,DavidDeSloovere,3,0.00110,262878,96.08535,273588
2564,davidfischer,3,0.00110,262881,96.08645,273588
2565,davidkarlsen,3,0.00110,262884,96.08755,273588
2566,davidlsharp1,3,0.00110,262887,96.08864,273588
2567,davidsoncasey,3,0.00110,262890,96.08974,273588
2568,davidstanke,3,0.00110,262893,96.09084,273588
2569,daxtens,3,0.00110,262896,96.09193,273588
2570,daydr3am,3,0.00110,262899,96.09303,273588
2571,dcwuser,3,0.00110,262902,96.09413,273588
2572,dead-horse,3,0.00110,262905,96.09522,273588
2573,Deadpowerful,3,0.00110,262908,96.09632,273588
2574,deanbrophy,3,0.00110,262911,96.09742,273588
2575,deeg,3,0.00110,262914,96.09851,273588
2576,deemru,3,0.00110,262917,96.09961,273588
2577,defreez,3,0.00110,262920,96.10071,273588
2578,deilv,3,0.00110,262923,96.10180,273588
2579,Deklin,3,0.00110,262926,96.10290,273588
2580,Deltatiger,3,0.00110,262929,96.10400,273588
2581,dengert,3,0.00110,262932,96.10509,273588
2582,denis-sokolov,3,0.00110,262935,96.10619,273588
2583,deniztetik,3,0.00110,262938,96.10729,273588
2584,denjamal,3,0.00110,262941,96.10838,273588
2585,dennisameling,3,0.00110,262944,96.10948,273588
2586,dennispbrown,3,0.00110,262947,96.11058,273588
2587,denyo,3,0.00110,262950,96.11167,273588
2588,deodeveloper,3,0.00110,262953,96.11277,273588
2589,deplay,3,0.00110,262956,96.11386,273588
2590,designorant,3,0.00110,262959,96.11496,273588
2591,devedse,3,0.00110,262962,96.11606,273588
2592,Devinsuit,3,0.00110,262965,96.11715,273588
2593,dianjuar,3,0.00110,262968,96.11825,273588
2594,DiegoRBaquero,3,0.00110,262971,96.11935,273588
2595,diestrin,3,0.00110,262974,96.12044,273588
2596,divercraig,3,0.00110,262977,96.12154,273588
2597,dizel3d,3,0.00110,262980,96.12264,273588
2598,djchie,3,0.00110,262983,96.12373,273588
2599,dlongley,3,0.00110,262986,96.12483,273588
2600,dloukadakis,3,0.00110,262989,96.12593,273588
2601,dmitrykos,3,0.00110,262992,96.12702,273588
2602,dnickless,3,0.00110,262995,96.12812,273588
2603,domq,3,0.00110,262998,96.12922,273588
2604,dongjoon-hyun,3,0.00110,263001,96.13031,273588
2605,dookpham,3,0.00110,263004,96.13141,273588
2606,dornsebastian,3,0.00110,263007,96.13251,273588
2607,doughd,3,0.00110,263010,96.13360,273588
2608,dpsthree,3,0.00110,263013,96.13470,273588
2609,drademacher,3,0.00110,263016,96.13580,273588
2610,drcrallen,3,0.00110,263019,96.13689,273588
2611,dreambo8563,3,0.00110,263022,96.13799,273588
2612,Drumarcco,3,0.00110,263025,96.13909,273588
2613,drumonii,3,0.00110,263028,96.14018,273588
2614,dsychin,3,0.00110,263031,96.14128,273588
2615,dtarasiuk,3,0.00110,263034,96.14237,273588
2616,dudemelo,3,0.00110,263037,96.14347,273588
2617,DustinCampbell,3,0.00110,263040,96.14457,273588
2618,DustinMEastway,3,0.00110,263043,96.14566,273588
2619,dwaxweiler,3,0.00110,263046,96.14676,273588
2620,dwilson6,3,0.00110,263049,96.14786,273588
2621,dylanjohnson,3,0.00110,263052,96.14895,273588
2622,dzuremar,3,0.00110,263055,96.15005,273588
2623,eapnw,3,0.00110,263058,96.15115,273588
2624,edgar-pek,3,0.00110,263061,96.15224,273588
2625,Edouardbozon,3,0.00110,263064,96.15334,273588
2626,edvinerikson,3,0.00110,263067,96.15444,273588
2627,efux,3,0.00110,263070,96.15553,273588
2628,eggers,3,0.00110,263073,96.15663,273588
2629,egor-n,3,0.00110,263076,96.15773,273588
2630,ehellman,3,0.00110,263079,96.15882,273588
2631,ehershey,3,0.00110,263082,96.15992,273588
2632,ektrah,3,0.00110,263085,96.16102,273588
2633,EladBezalel,3,0.00110,263088,96.16211,273588
2634,elena-sam,3,0.00110,263091,96.16321,273588
2635,Elijen,3,0.00110,263094,96.16431,273588
2636,ElJerry,3,0.00110,263097,96.16540,273588
2637,emccorson,3,0.00110,263100,96.16650,273588
2638,endiliey,3,0.00110,263103,96.16760,273588
2639,enekonieto,3,0.00110,263106,96.16869,273588
2640,Enlcxx,3,0.00110,263109,96.16979,273588
2641,eoin,3,0.00110,263112,96.17088,273588
2642,eriawan,3,0.00110,263115,96.17198,273588
2643,ericksoen,3,0.00110,263118,96.17308,273588
2644,ericpitcher,3,0.00110,263121,96.17417,273588
2645,eric-s-raymond,3,0.00110,263124,96.17527,273588
2646,EricWVGG,3,0.00110,263127,96.17637,273588
2647,Erik-Codeblind,3,0.00110,263130,96.17746,273588
2648,ernest-galbrun,3,0.00110,263133,96.17856,273588
2649,ethanve,3,0.00110,263136,96.17966,273588
2650,evermax,3,0.00110,263139,96.18075,273588
2651,evolkmann,3,0.00110,263142,96.18185,273588
2652,ExFlo,3,0.00110,263145,96.18295,273588
2653,existentialism,3,0.00110,263148,96.18404,273588
2654,ezeikel,3,0.00110,263151,96.18514,273588
2655,farzonl,3,0.00110,263154,96.18624,273588
2656,FaustmannChr,3,0.00110,263157,96.18733,273588
2657,fdegiuli,3,0.00110,263160,96.18843,273588
2658,fduperier,3,0.00110,263163,96.18953,273588
2659,ferhatb,3,0.00110,263166,96.19062,273588
2660,ferhate,3,0.00110,263169,96.19172,273588
2661,FGasper,3,0.00110,263172,96.19282,273588
2662,fhelwanger,3,0.00110,263175,96.19391,273588
2663,filiphosko,3,0.00110,263178,96.19501,273588
2664,FinnStutzenstein,3,0.00110,263181,96.19611,273588
2665,fisenkodv,3,0.00110,263184,96.19720,273588
2666,Florian-R,3,0.00110,263187,96.19830,273588
2667,ForJing,3,0.00110,263190,96.19939,273588
2668,forresst,3,0.00110,263193,96.20049,273588
2669,Fost,3,0.00110,263196,96.20159,273588
2670,foxx,3,0.00110,263199,96.20268,273588
2671,francoischalifour,3,0.00110,263202,96.20378,273588
2672,frankstepanski,3,0.00110,263205,96.20488,273588
2673,frank-yoon,3,0.00110,263208,96.20597,273588
2674,fraserhaer,3,0.00110,263211,96.20707,273588
2675,freezy-sk,3,0.00110,263214,96.20817,273588
2676,frozencemetery,3,0.00110,263217,96.20926,273588
2677,fthomas,3,0.00110,263220,96.21036,273588
2678,fyquah95,3,0.00110,263223,96.21146,273588
2679,gabejohnson,3,0.00110,263226,96.21255,273588
2680,gaborszekely,3,0.00110,263229,96.21365,273588
2681,gabrielschulhof,3,0.00110,263232,96.21475,273588
2682,Gaff,3,0.00110,263235,96.21584,273588
2683,Galad,3,0.00110,263238,96.21694,273588
2684,galtalmor,3,0.00110,263241,96.21804,273588
2685,Garbett1,3,0.00110,263244,96.21913,273588
2686,gautamkrishnar,3,0.00110,263247,96.22023,273588
2687,GavinSong123,3,0.00110,263250,96.22133,273588
2688,gavlyukovskiy,3,0.00110,263253,96.22242,273588
2689,gbamparop,3,0.00110,263256,96.22352,273588
2690,gbezyuk,3,0.00110,263259,96.22462,273588
2691,geromegrignon,3,0.00110,263262,96.22571,273588
2692,ggamel,3,0.00110,263265,96.22681,273588
2693,ggeurts,3,0.00110,263268,96.22790,273588
2694,gillchristian,3,0.00110,263271,96.22900,273588
2695,gjdev,3,0.00110,263274,96.23010,273588
2696,gkoberger,3,0.00110,263277,96.23119,273588
2697,goatslacker,3,0.00110,263280,96.23229,273588
2698,Gobie,3,0.00110,263283,96.23339,273588
2699,GordyD,3,0.00110,263286,96.23448,273588
2700,govindrai,3,0.00110,263289,96.23558,273588
2701,Gozala,3,0.00110,263292,96.23668,273588
2702,Gpx,3,0.00110,263295,96.23777,273588
2703,G-Rath,3,0.00110,263298,96.23887,273588
2704,greenify,3,0.00110,263301,96.23997,273588
2705,gregpabian,3,0.00110,263304,96.24106,273588
2706,greysteil,3,0.00110,263307,96.24216,273588
2707,grimmi,3,0.00110,263310,96.24326,273588
2708,gruberjonathan,3,0.00110,263313,96.24435,273588
2709,grumblerchester,3,0.00110,263316,96.24545,273588
2710,gsans,3,0.00110,263319,96.24655,273588
2711,guillaumegarcia13,3,0.00110,263322,96.24764,273588
2712,gunn,3,0.00110,263325,96.24874,273588
2713,gzurbach,3,0.00110,263328,96.24984,273588
2714,Hacklone,3,0.00110,263331,96.25093,273588
2715,HamzaDevz,3,0.00110,263334,96.25203,273588
2716,han41858,3,0.00110,263337,96.25313,273588
2717,hankhero,3,0.00110,263340,96.25422,273588
2718,haoRchen,3,0.00110,263343,96.25532,273588
2719,happycollision,3,0.00110,263346,96.25641,273588
2720,haraldreingruber,3,0.00110,263349,96.25751,273588
2721,hariharanjv,3,0.00110,263352,96.25861,273588
2722,harriha,3,0.00110,263355,96.25970,273588
2723,harrison,3,0.00110,263358,96.26080,273588
2724,hateonion,3,0.00110,263361,96.26190,273588
2725,haydeeR,3,0.00110,263364,96.26299,273588
2726,headquarters,3,0.00110,263367,96.26409,273588
2727,Hearen,3,0.00110,263370,96.26519,273588
2728,hebbet,3,0.00110,263373,96.26628,273588
2729,HeberLZ,3,0.00110,263376,96.26738,273588
2730,hellendag,3,0.00110,263379,96.26848,273588
2731,HellooooNewman,3,0.00110,263382,96.26957,273588
2732,henderea,3,0.00110,263385,96.27067,273588
2733,henryqdineen,3,0.00110,263388,96.27177,273588
2734,HeroProtagonist,3,0.00110,263391,96.27286,273588
2735,heXelium,3,0.00110,263394,96.27396,273588
2736,him2him2,3,0.00110,263397,96.27506,273588
2737,hnordt,3,0.00110,263400,96.27615,273588
2738,hsingh23,3,0.00110,263403,96.27725,273588
2739,htulipe,3,0.00110,263406,96.27835,273588
2740,huangqinjin,3,0.00110,263409,96.27944,273588
2741,HubCodes,3,0.00110,263412,96.28054,273588
2742,Hugoer,3,0.00110,263415,96.28164,273588
2743,humphd,3,0.00110,263418,96.28273,273588
2744,hvesalai,3,0.00110,263421,96.28383,273588
2745,hzamani,3,0.00110,263424,96.28492,273588
2746,i3anaan,3,0.00110,263427,96.28602,273588
2747,iamdoron,3,0.00110,263430,96.28712,273588
2748,iamjasonp,3,0.00110,263433,96.28821,273588
2749,iamolivinius,3,0.00110,263436,96.28931,273588
2750,ibash,3,0.00110,263439,96.29041,273588
2751,ichensky,3,0.00110,263442,96.29150,273588
2752,idhindsight,3,0.00110,263445,96.29260,273588
2753,idzark,3,0.00110,263448,96.29370,273588
2754,iemejia,3,0.00110,263451,96.29479,273588
2755,imcotton,3,0.00110,263454,96.29589,273588
2756,imsky,3,0.00110,263457,96.29699,273588
2757,in-in,3,0.00110,263460,96.29808,273588
2758,inuscript,3,0.00110,263463,96.29918,273588
2759,invalid-email-address,3,0.00110,263466,96.30028,273588
2760,ionspin,3,0.00110,263469,96.30137,273588
2761,istiti,3,0.00110,263472,96.30247,273588
2762,isunkes,3,0.00110,263475,96.30357,273588
2763,ite-klass,3,0.00110,263478,96.30466,273588
2764,ivosh,3,0.00110,263481,96.30576,273588
2765,iwhp,3,0.00110,263484,96.30686,273588
2766,ixkaito,3,0.00110,263487,96.30795,273588
2767,izeye,3,0.00110,263490,96.30905,273588
2768,J2TEAM,3,0.00110,263493,96.31015,273588
2769,jackfranklin,3,0.00110,263496,96.31124,273588
2770,JacoKoster,3,0.00110,263499,96.31234,273588
2771,jaideepghosh,3,0.00110,263502,96.31343,273588
2772,jakeboone02,3,0.00110,263505,96.31453,273588
2773,jakpaw,3,0.00110,263508,96.31563,273588
2774,jam40jeff,3,0.00110,263511,96.31672,273588
2775,jamercee,3,0.00110,263514,96.31782,273588
2776,jamierytlewski,3,0.00110,263517,96.31892,273588
2777,jamshedd,3,0.00110,263520,96.32001,273588
2778,JanBessai,3,0.00110,263523,96.32111,273588
2779,janclarin,3,0.00110,263526,96.32221,273588
2780,janhesters,3,0.00110,263529,96.32330,273588
2781,jankdc,3,0.00110,263532,96.32440,273588
2782,janpio,3,0.00110,263535,96.32550,273588
2783,janriemer,3,0.00110,263538,96.32659,273588
2784,JanStevens,3,0.00110,263541,96.32769,273588
2785,jaredgreen,3,0.00110,263544,96.32879,273588
2786,jaredpalmer,3,0.00110,263547,96.32988,273588
2787,jasnell,3,0.00110,263550,96.33098,273588
2788,jasonkarns,3,0.00110,263553,96.33208,273588
2789,jasonsturges,3,0.00110,263556,96.33317,273588
2790,jaspermdegroot,3,0.00110,263559,96.33427,273588
2791,jasperSpeicher,3,0.00110,263562,96.33537,273588
2792,Jasu,3,0.00110,263565,96.33646,273588
2793,javadev,3,0.00110,263568,96.33756,273588
2794,jayenashar,3,0.00110,263571,96.33866,273588
2795,JBallin,3,0.00110,263574,96.33975,273588
2796,JBtje,3,0.00110,263577,96.34085,273588
2797,jcolvin79,3,0.00110,263580,96.34194,273588
2798,jdelbello,3,0.00110,263583,96.34304,273588
2799,jDeppen,3,0.00110,263586,96.34414,273588
2800,jefersonduwe,3,0.00110,263589,96.34523,273588
2801,jeffora,3,0.00110,263592,96.34633,273588
2802,jeradrutnam,3,0.00110,263595,96.34743,273588
2803,jerryorta-dev,3,0.00110,263598,96.34852,273588
2804,jerryzz0,3,0.00110,263601,96.34962,273588
2805,jesperkc,3,0.00110,263604,96.35072,273588
2806,Jessidhia,3,0.00110,263607,96.35181,273588
2807,jetpack,3,0.00110,263610,96.35291,273588
2808,jfarid27,3,0.00110,263613,96.35401,273588
2809,jfisher446,3,0.00110,263616,96.35510,273588
2810,jfoshee,3,0.00110,263619,96.35620,273588
2811,jgrune,3,0.00110,263622,96.35730,273588
2812,jguady,3,0.00110,263625,96.35839,273588
2813,jhenderson2099,3,0.00110,263628,96.35949,273588
2814,jhermsmeier,3,0.00110,263631,96.36059,273588
2815,jhmanson,3,0.00110,263634,96.36168,273588
2816,jiangzeng01,3,0.00110,263637,96.36278,273588
2817,Jianru-Lin,3,0.00110,263640,96.36388,273588
2818,JinbeomHong,3,0.00110,263643,96.36497,273588
2819,Jin-H,3,0.00110,263646,96.36607,273588
2820,jinmmd,3,0.00110,263649,96.36717,273588
2821,jkasun,3,0.00110,263652,96.36826,273588
2822,jkuri,3,0.00110,263655,96.36936,273588
2823,Jlalond,3,0.00110,263658,96.37045,273588
2824,jlongster,3,0.00110,263661,96.37155,273588
2825,JobLeonard,3,0.00110,263664,96.37265,273588
2826,joeeames,3,0.00110,263667,96.37374,273588
2827,joeledwards,3,0.00110,263670,96.37484,273588
2828,johanchouquet,3,0.00110,263673,96.37594,273588
2829,JohanO,3,0.00110,263676,96.37703,273588
2830,JohnChen0,3,0.00110,263679,96.37813,273588
2831,johngmyers,3,0.00110,263682,96.37923,273588
2832,johnlindquist,3,0.00110,263685,96.38032,273588
2833,johnnyreilly,3,0.00110,263688,96.38142,273588
2834,johnsenpeder,3,0.00110,263691,96.38252,273588
2835,johnsonlin,3,0.00110,263694,96.38361,273588
2836,jokeyrhyme,3,0.00110,263697,96.38471,273588
2837,jonathanGB,3,0.00110,263700,96.38581,273588
2838,jonbretman,3,0.00110,263703,96.38690,273588
2839,JoniJnm,3,0.00110,263706,96.38800,273588
2840,JonWallsten,3,0.00110,263709,96.38910,273588
2841,josenicomaia,3,0.00110,263712,96.39019,273588
2842,JosephPecoraro,3,0.00110,263715,96.39129,273588
2843,Josh68,3,0.00110,263718,96.39239,273588
2844,joshbrooks,3,0.00110,263721,96.39348,273588
2845,joshuahiggins,3,0.00110,263724,96.39458,273588
2846,jotatoledo,3,0.00110,263727,96.39568,273588
2847,jpvanhal,3,0.00110,263730,96.39677,273588
2848,jrudolph,3,0.00110,263733,96.39787,273588
2849,jschwarty,3,0.00110,263736,96.39896,273588
2850,jscissr,3,0.00110,263739,96.40006,273588
2851,jsina,3,0.00110,263742,96.40116,273588
2852,JSteunou,3,0.00110,263745,96.40225,273588
2853,jtheoof,3,0.00110,263748,96.40335,273588
2854,jub3i,3,0.00110,263751,96.40445,273588
2855,juboba,3,0.00110,263754,96.40554,273588
2856,julianocomg,3,0.00110,263757,96.40664,273588
2857,junglebarry,3,0.00110,263760,96.40774,273588
2858,jure,3,0.00110,263763,96.40883,273588
2859,jwalton,3,0.00110,263766,96.40993,273588
2860,kaicataldo,3,0.00110,263769,96.41103,273588
2861,kaito0228,3,0.00110,263772,96.41212,273588
2862,kamilmysliwiec,3,0.00110,263775,96.41322,273588
2863,karptonite,3,0.00110,263778,96.41432,273588
2864,karthikchintapalli,3,0.00110,263781,96.41541,273588
2865,kasabuta4,3,0.00110,263784,96.41651,273588
2866,kashifshamaz21,3,0.00110,263787,96.41761,273588
2867,kaycebasques,3,0.00110,263790,96.41870,273588
2868,KayLeung,3,0.00110,263793,96.41980,273588
2869,kb3eua,3,0.00110,263796,96.42090,273588
2870,kechol,3,0.00110,263799,96.42199,273588
2871,keilla,3,0.00110,263802,96.42309,273588
2872,kellyselden,3,0.00110,263805,96.42419,273588
2873,kentwalters,3,0.00110,263808,96.42528,273588
2874,kevhuang,3,0.00110,263811,96.42638,273588
2875,kevinashworth,3,0.00110,263814,96.42747,273588
2876,kevinmerckx,3,0.00110,263817,96.42857,273588
2877,kevinold,3,0.00110,263820,96.42967,273588
2878,kevinruscoe,3,0.00110,263823,96.43076,273588
2879,KevinVillela,3,0.00110,263826,96.43186,273588
2880,kevinzwhuang,3,0.00110,263829,96.43296,273588
2881,KimBurgess,3,0.00110,263832,96.43405,273588
2882,kingisaac95,3,0.00110,263835,96.43515,273588
2883,kirill-usov,3,0.00110,263838,96.43625,273588
2884,kirjai,3,0.00110,263841,96.43734,273588
2885,klieber,3,0.00110,263844,96.43844,273588
2886,klotzt-draeger,3,0.00110,263847,96.43954,273588
2887,kmarinushkin,3,0.00110,263850,96.44063,273588
2888,kmizu,3,0.00110,263853,96.44173,273588
2889,knowbody,3,0.00110,263856,96.44283,273588
2890,knpwrs,3,0.00110,263859,96.44392,273588
2891,kolodny,3,0.00110,263862,96.44502,273588
2892,koppor,3,0.00110,263865,96.44612,273588
2893,korthjp17,3,0.00110,263868,96.44721,273588
2894,krantzinator,3,0.00110,263871,96.44831,273588
2895,kristskrilovs,3,0.00110,263874,96.44941,273588
2896,kroeder,3,0.00110,263877,96.45050,273588
2897,krom-xr,3,0.00110,263880,96.45160,273588
2898,kulakowka,3,0.00110,263883,96.45270,273588
2899,kunagpal,3,0.00110,263886,96.45379,273588
2900,kuncevic,3,0.00110,263889,96.45489,273588
2901,kurthong,3,0.00110,263892,96.45598,273588
2902,kurtschelfthout,3,0.00110,263895,96.45708,273588
2903,kvisscher,3,0.00110,263898,96.45818,273588
2904,kweiberth,3,0.00110,263901,96.45927,273588
2905,Laoujin,3,0.00110,263904,96.46037,273588
2906,larssn,3,0.00110,263907,96.46147,273588
2907,leebyron,3,0.00110,263910,96.46256,273588
2908,leo6104,3,0.00110,263913,96.46366,273588
2909,levibuzolic,3,0.00110,263916,96.46476,273588
2910,lexjacobs,3,0.00110,263919,96.46585,273588
2911,linalu1,3,0.00110,263922,96.46695,273588
2912,linasm,3,0.00110,263925,96.46805,273588
2913,lindsaymacvean,3,0.00110,263928,96.46914,273588
2914,linquize,3,0.00110,263931,96.47024,273588
2915,Linskeyd,3,0.00110,263934,96.47134,273588
2916,liroyleshed,3,0.00110,263937,96.47243,273588
2917,lloydbenson,3,0.00110,263940,96.47353,273588
2918,loiane,3,0.00110,263943,96.47463,273588
2919,longhaiyan,3,0.00110,263946,96.47572,273588
2920,longlho,3,0.00110,263949,96.47682,273588
2921,lookfirst,3,0.00110,263952,96.47792,273588
2922,lordg,3,0.00110,263955,96.47901,273588
2923,lordrip,3,0.00110,263958,96.48011,273588
2924,louistio,3,0.00110,263961,96.48121,273588
2925,lovasoa,3,0.00110,263964,96.48230,273588
2926,lovelangy,3,0.00110,263967,96.48340,273588
2927,lozanol,3,0.00110,263970,96.48449,273588
2928,lslah,3,0.00110,263973,96.48559,273588
2929,luaks,3,0.00110,263976,96.48669,273588
2930,luanshixia,3,0.00110,263979,96.48778,273588
2931,lubomir,3,0.00110,263982,96.48888,273588
2932,LucianBuzzo,3,0.00110,263985,96.48998,273588
2933,lucienbertin,3,0.00110,263988,96.49107,273588
2934,LuisReinoso,3,0.00110,263991,96.49217,273588
2935,lukasgraf,3,0.00110,263994,96.49327,273588
2936,lyml,3,0.00110,263997,96.49436,273588
2937,lysannef,3,0.00110,264000,96.49546,273588
2938,lzsiga,3,0.00110,264003,96.49656,273588
2939,MaartenvE,3,0.00110,264006,96.49765,273588
2940,maasencioh,3,0.00110,264009,96.49875,273588
2941,MadaraUchiha,3,0.00110,264012,96.49985,273588
2942,madrisan,3,0.00110,264015,96.50094,273588
2943,MaksPob,3,0.00110,264018,96.50204,273588
2944,mandarini,3,0.00110,264021,96.50314,273588
2945,manofstick,3,0.00110,264024,96.50423,273588
2946,manoharreddyporeddy,3,0.00110,264027,96.50533,273588
2947,mantissa7,3,0.00110,264030,96.50643,273588
2948,maramon,3,0.00110,264033,96.50752,273588
2949,MarcinJuraszek,3,0.00110,264036,96.50862,273588
2950,marconilanna,3,0.00110,264039,96.50972,273588
2951,marcusnielsen,3,0.00110,264042,96.51081,273588
2952,markmielke,3,0.00110,264045,96.51191,273588
2953,MarkPflug,3,0.00110,264048,96.51300,273588
2954,marktopper,3,0.00110,264051,96.51410,273588
2955,markus1189,3,0.00110,264054,96.51520,273588
2956,markusicu,3,0.00110,264057,96.51629,273588
2957,martinbean,3,0.00110,264060,96.51739,273588
2958,martincostello,3,0.00110,264063,96.51849,273588
2959,martinheidegger,3,0.00110,264066,96.51958,273588
2960,martin-tarjanyi,3,0.00110,264069,96.52068,273588
2961,marvin-SL,3,0.00110,264072,96.52178,273588
2962,mateusrodrigues,3,0.00110,264075,96.52287,273588
2963,mathieumg,3,0.00110,264078,96.52397,273588
2964,Mathius17,3,0.00110,264081,96.52507,273588
2965,matt24ray,3,0.00110,264084,96.52616,273588
2966,matthewdeeco,3,0.00110,264087,96.52726,273588
2967,matthew-gerstman,3,0.00110,264090,96.52836,273588
2968,matthewhegarty,3,0.00110,264093,96.52945,273588
2969,MattiJarvinen-BA,3,0.00110,264096,96.53055,273588
2970,mausch,3,0.00110,264099,96.53165,273588
2971,maxime-allex,3,0.00110,264102,96.53274,273588
2972,Maxim-Mazurok,3,0.00110,264105,96.53384,273588
2973,MaxPRafferty,3,0.00110,264108,96.53494,273588
2974,mbelsky,3,0.00110,264111,96.53603,273588
2975,m-burst,3,0.00110,264114,96.53713,273588
2976,MeiKatz,3,0.00110,264117,96.53823,273588
2977,Meknassih,3,0.00110,264120,96.53932,273588
2978,meldaravaniel,3,0.00110,264123,96.54042,273588
2979,mems,3,0.00110,264126,96.54151,273588
2980,merobal,3,0.00110,264129,96.54261,273588
2981,MerQGh,3,0.00110,264132,96.54371,273588
2982,MeyerNils,3,0.00110,264135,96.54480,273588
2983,mgreenland,3,0.00110,264138,96.54590,273588
2984,michajlo,3,0.00110,264141,96.54700,273588
2985,miginmrs,3,0.00110,264144,96.54809,273588
2986,mihaip,3,0.00110,264147,96.54919,273588
2987,Mike111177,3,0.00110,264150,96.55029,273588
2988,mikermcneil,3,0.00110,264153,96.55138,273588
2989,MikhailTatsky,3,0.00110,264156,96.55248,273588
2990,mikkomaunu,3,0.00110,264159,96.55358,273588
2991,mircowidmer,3,0.00110,264162,96.55467,273588
2992,misacorn,3,0.00110,264165,96.55577,273588
2993,miyajan,3,0.00110,264168,96.55687,273588
2994,mjhea0,3,0.00110,264171,96.55796,273588
2995,mlichtblau,3,0.00110,264174,96.55906,273588
2996,mmuppa,3,0.00110,264177,96.56016,273588
2997,Mobiletainment,3,0.00110,264180,96.56125,273588
2998,MohammadYounes,3,0.00110,264183,96.56235,273588
2999,mohd-akram,3,0.00110,264186,96.56345,273588
3000,mohdhamm,3,0.00110,264189,96.56454,273588
3001,molly,3,0.00110,264192,96.56564,273588
3002,moonchanyong,3,0.00110,264195,96.56674,273588
3003,moonformeli,3,0.00110,264198,96.56783,273588
3004,morriq,3,0.00110,264201,96.56893,273588
3005,mort3za,3,0.00110,264204,96.57003,273588
3006,mpetruska,3,0.00110,264207,96.57112,273588
3007,mpeylo,3,0.00110,264210,96.57222,273588
3008,mrenrich84,3,0.00110,264213,96.57331,273588
3009,mridgway,3,0.00110,264216,96.57441,273588
3010,MrJithil,3,0.00110,264219,96.57551,273588
3011,mrLarbi,3,0.00110,264222,96.57660,273588
3012,msmania,3,0.00110,264225,96.57770,273588
3013,msprotz,3,0.00110,264228,96.57880,273588
3014,mstrutt,3,0.00110,264231,96.57989,273588
3015,muhajirdev,3,0.00110,264234,96.58099,273588
3016,multics,3,0.00110,264237,96.58209,273588
3017,MumblesNZ,3,0.00110,264240,96.58318,273588
3018,musicq,3,0.00110,264243,96.58428,273588
3019,muzige2000,3,0.00110,264246,96.58538,273588
3020,mverver-google,3,0.00110,264249,96.58647,273588
3021,mwanago,3,0.00110,264252,96.58757,273588
3022,mychaelgo,3,0.00110,264255,96.58867,273588
3023,nacmartin,3,0.00110,264258,96.58976,273588
3024,naholyr,3,0.00110,264261,96.59086,273588
3025,nanjingboy,3,0.00110,264264,96.59196,273588
3026,NathanWalker,3,0.00110,264267,96.59305,273588
3027,naturalwarren,3,0.00110,264270,96.59415,273588
3028,nbellowe,3,0.00110,264273,96.59525,273588
3029,nchetankumar,3,0.00110,264276,96.59634,273588
3030,neojski,3,0.00110,264279,96.59744,273588
3031,NestorTejero,3,0.00110,264282,96.59854,273588
3032,nexus-uw,3,0.00110,264285,96.59963,273588
3033,nfelt,3,0.00110,264288,96.60073,273588
3034,ngdevelop-tech,3,0.00110,264291,96.60182,273588
3035,NicBonetto,3,0.00110,264294,96.60292,273588
3036,Nicholaiii,3,0.00110,264297,96.60402,273588
3037,Nicholi,3,0.00110,264300,96.60511,273588
3038,nickraphael,3,0.00110,264303,96.60621,273588
3039,nicodh,3,0.00110,264306,96.60731,273588
3040,nicojs,3,0.00110,264309,96.60840,273588
3041,NicolaiSoeborg,3,0.00110,264312,96.60950,273588
3042,nicolasleger,3,0.00110,264315,96.61060,273588
3043,nicolasstucki,3,0.00110,264318,96.61169,273588
3044,Nifled,3,0.00110,264321,96.61279,273588
3045,NightlyNexus,3,0.00110,264324,96.61389,273588
3046,NiklasMerz,3,0.00110,264327,96.61498,273588
3047,nikselite,3,0.00110,264330,96.61608,273588
3048,nikz99,3,0.00110,264333,96.61718,273588
3049,nirkaufman,3,0.00110,264336,96.61827,273588
3050,NMinhNguyen,3,0.00110,264339,96.61937,273588
3051,nnasirzada,3,0.00110,264342,96.62047,273588
3052,noahmedling,3,0.00110,264345,96.62156,273588
3053,nosovk,3,0.00110,264348,96.62266,273588
3054,npcode,3,0.00110,264351,96.62376,273588
3055,nsanitate,3,0.00110,264354,96.62485,273588
3056,nsteenbeek,3,0.00110,264357,96.62595,273588
3057,nthtran,3,0.00110,264360,96.62705,273588
3058,ntulsy,3,0.00110,264363,96.62814,273588
3059,nvborisenko,3,0.00110,264366,96.62924,273588
3060,ockham,3,0.00110,264369,96.63033,273588
3061,ojhad,3,0.00110,264372,96.63143,273588
3062,ojhaujjwal,3,0.00110,264375,96.63253,273588
3063,okapon,3,0.00110,264378,96.63362,273588
3064,oliviertassinari,3,0.00110,264381,96.63472,273588
3065,OlsonDev,3,0.00110,264384,96.63582,273588
3066,omouse,3,0.00110,264387,96.63691,273588
3067,onlyflix,3,0.00110,264390,96.63801,273588
3068,onovotny,3,0.00110,264393,96.63911,273588
3069,onumossn,3,0.00110,264396,96.64020,273588
3070,ooystein,3,0.00110,264399,96.64130,273588
3071,orischwartz,3,0.00110,264402,96.64240,273588
3072,Orodan,3,0.00110,264405,96.64349,273588
3073,oztune,3,0.00110,264408,96.64459,273588
3074,palanik,3,0.00110,264411,96.64569,273588
3075,panakour,3,0.00110,264414,96.64678,273588
3076,PandiyanCool,3,0.00110,264417,96.64788,273588
3077,partheseas,3,0.00110,264420,96.64898,273588
3078,pascalim,3,0.00110,264423,96.65007,273588
3079,paulcreates,3,0.00110,264426,96.65117,273588
3080,paulmojicatech,3,0.00110,264429,96.65227,273588
3081,PaulTFreedman,3,0.00110,264432,96.65336,273588
3082,pdot86,3,0.00110,264435,96.65446,273588
3083,pedroclayman,3,0.00110,264438,96.65556,273588
3084,pedrottimark,3,0.00110,264441,96.65665,273588
3085,peebeebee,3,0.00110,264444,96.65775,273588
3086,penx,3,0.00110,264447,96.65884,273588
3087,peterfuwork,3,0.00110,264450,96.65994,273588
3088,ph1ll,3,0.00110,264453,96.66104,273588
3089,phapdinh,3,0.00110,264456,96.66213,273588
3090,PhiLhoSoft,3,0.00110,264459,96.66323,273588
3091,philquinn,3,0.00110,264462,96.66433,273588
3092,picheli20,3,0.00110,264465,96.66542,273588
3093,pieceofsummer,3,0.00110,264468,96.66652,273588
3094,pilwon,3,0.00110,264471,96.66762,273588
3095,pixtron,3,0.00110,264474,96.66871,273588
3096,pjeby,3,0.00110,264477,96.66981,273588
3097,pjohnmeyer,3,0.00110,264480,96.67091,273588
3098,pkerblaze,3,0.00110,264483,96.67200,273588
3099,pknouff,3,0.00110,264486,96.67310,273588
3100,pkukielka,3,0.00110,264489,96.67420,273588
3101,plabovich,3,0.00110,264492,96.67529,273588
3102,plr108,3,0.00110,264495,96.67639,273588
3103,pmccloghrylaing,3,0.00110,264498,96.67749,273588
3104,pocesar,3,0.00110,264501,96.67858,273588
3105,popey456963,3,0.00110,264504,96.67968,273588
3106,popomore,3,0.00110,264507,96.68078,273588
3107,poychang,3,0.00110,264510,96.68187,273588
3108,pprindeville,3,0.00110,264513,96.68297,273588
3109,prashant-andani,3,0.00110,264516,96.68407,273588
3110,psilospore,3,0.00110,264519,96.68516,273588
3111,ptgamr,3,0.00110,264522,96.68626,273588
3112,ptrzyna,3,0.00110,264525,96.68735,273588
3113,PunKeel,3,0.00110,264528,96.68845,273588
3114,pyitphyoaung,3,0.00110,264531,96.68955,273588
3115,rainersigwald,3,0.00110,264534,96.69064,273588
3116,raithit,3,0.00110,264537,96.69174,273588
3117,RaitoBezarius,3,0.00110,264540,96.69284,273588
3118,rajaramtt,3,0.00110,264543,96.69393,273588
3119,rajeshduggal,3,0.00110,264546,96.69503,273588
3120,ramiy,3,0.00110,264549,96.69613,273588
3121,raphaelkross,3,0.00110,264552,96.69722,273588
3122,rauchg,3,0.00110,264555,96.69832,273588
3123,razh,3,0.00110,264558,96.69942,273588
3124,RByers,3,0.00110,264561,96.70051,273588
3125,rcoy-v,3,0.00110,264564,96.70161,273588
3126,rdkmaster,3,0.00110,264567,96.70271,273588
3127,reduckted,3,0.00110,264570,96.70380,273588
3128,reedloden,3,0.00110,264573,96.70490,273588
3129,reiz,3,0.00110,264576,96.70600,273588
3130,remy,3,0.00110,264579,96.70709,273588
3131,resource11,3,0.00110,264582,96.70819,273588
3132,Retsam,3,0.00110,264585,96.70929,273588
3133,reubsinit,3,0.00110,264588,96.71038,273588
3134,rharter,3,0.00110,264591,96.71148,273588
3135,rhernandez35,3,0.00110,264594,96.71258,273588
3136,ricardopolo,3,0.00110,264597,96.71367,273588
3137,RicardoVaranda,3,0.00110,264600,96.71477,273588
3138,richbeales,3,0.00110,264603,96.71586,273588
3139,richiethomas,3,0.00110,264606,96.71696,273588
3140,RickyRoller,3,0.00110,264609,96.71806,273588
3141,rictic,3,0.00110,264612,96.71915,273588
3142,RikkiGibson,3,0.00110,264615,96.72025,273588
3143,rileyL6122428,3,0.00110,264618,96.72135,273588
3144,rionmonster,3,0.00110,264621,96.72244,273588
3145,rixrix,3,0.00110,264624,96.72354,273588
3146,rjolly,3,0.00110,264627,96.72464,273588
3147,rmacklin,3,0.00110,264630,96.72573,273588
3148,RobertKielty,3,0.00110,264633,96.72683,273588
3149,robguima,3,0.00110,264636,96.72793,273588
3150,robinboehm,3,0.00110,264639,96.72902,273588
3151,RobinCsl,3,0.00110,264642,96.73012,273588
3152,robstoll,3,0.00110,264645,96.73122,273588
3153,rolodato,3,0.00110,264648,96.73231,273588
3154,romamatusevich,3,0.00110,264651,96.73341,273588
3155,romanowski,3,0.00110,264654,96.73451,273588
3156,roncain,3,0.00110,264657,96.73560,273588
3157,rongduan-zhu,3,0.00110,264660,96.73670,273588
3158,rowanthorpe,3,0.00110,264663,96.73780,273588
3159,Rplus,3,0.00110,264666,96.73889,273588
3160,rrthomas,3,0.00110,264669,96.73999,273588
3161,rs017991,3,0.00110,264672,96.74109,273588
3162,ruiaraujo,3,0.00110,264675,96.74218,273588
3163,runemoennike,3,0.00110,264678,96.74328,273588
3164,rupav,3,0.00110,264681,96.74437,273588
3165,RussKie,3,0.00110,264684,96.74547,273588
3166,ryo-utsunomiya,3,0.00110,264687,96.74657,273588
3167,rzschech,3,0.00110,264690,96.74766,273588
3168,sahan91,3,0.00110,264693,96.74876,273588
3169,sandbergja,3,0.00110,264696,96.74986,273588
3170,sanderboom,3,0.00110,264699,96.75095,273588
3171,sanex3339,3,0.00110,264702,96.75205,273588
3172,SangKa,3,0.00110,264705,96.75315,273588
3173,saravyas,3,0.00110,264708,96.75424,273588
3174,sasidhar,3,0.00110,264711,96.75534,273588
3175,sawilde,3,0.00110,264714,96.75644,273588
3176,schroederc,3,0.00110,264717,96.75753,273588
3177,scizor666,3,0.00110,264720,96.75863,273588
3178,scooper91,3,0.00110,264723,96.75973,273588
3179,screamingmunch,3,0.00110,264726,96.76082,273588
3180,sctape,3,0.00110,264729,96.76192,273588
3181,SeasonLeee,3,0.00110,264732,96.76302,273588
3182,SebastiaanNijland,3,0.00110,264735,96.76411,273588
3183,SebastienBtr,3,0.00110,264738,96.76521,273588
3184,sebdeckers,3,0.00110,264741,96.76631,273588
3185,Sebmaster,3,0.00110,264744,96.76740,273588
3186,sebnow,3,0.00110,264747,96.76850,273588
3187,segmentationfaulter,3,0.00110,264750,96.76960,273588
3188,seklyza,3,0.00110,264753,96.77069,273588
3189,sercaneraslan,3,0.00110,264756,96.77179,273588
3190,SergeyVolynkin,3,0.00110,264759,96.77288,273588
3191,Sergio-Mira,3,0.00110,264762,96.77398,273588
3192,serkanturgut,3,0.00110,264765,96.77508,273588
3193,sermojohn,3,0.00110,264768,96.77617,273588
3194,serpent5,3,0.00110,264771,96.77727,273588
3195,sethpollack,3,0.00110,264774,96.77837,273588
3196,severen,3,0.00110,264777,96.77946,273588
3197,sfackler,3,0.00110,264780,96.78056,273588
3198,shahabkondri,3,0.00110,264783,96.78166,273588
3199,Sharondio,3,0.00110,264786,96.78275,273588
3200,ShashankaNataraj,3,0.00110,264789,96.78385,273588
3201,shaungrady,3,0.00110,264792,96.78495,273588
3202,sheikalthaf,3,0.00110,264795,96.78604,273588
3203,shimingsg,3,0.00110,264798,96.78714,273588
3204,Shingyx,3,0.00110,264801,96.78824,273588
3205,shioyang,3,0.00110,264804,96.78933,273588
3206,ShivanKaul,3,0.00110,264807,96.79043,273588
3207,Showtim3,3,0.00110,264810,96.79153,273588
3208,sibiraj-s,3,0.00110,264813,96.79262,273588
3209,siddhant1,3,0.00110,264816,96.79372,273588
3210,silentroach,3,0.00110,264819,96.79482,273588
3211,silvenon,3,0.00110,264822,96.79591,273588
3212,SirJackovich,3,0.00110,264825,96.79701,273588
3213,Smartis2812,3,0.00110,264828,96.79811,273588
3214,smartm0use,3,0.00110,264831,96.79920,273588
3215,smelnikov,3,0.00110,264834,96.80030,273588
3216,SMHFandA,3,0.00110,264837,96.80139,273588
3217,smithl,3,0.00110,264840,96.80249,273588
3218,smoke,3,0.00110,264843,96.80359,273588
3219,Smurf81,3,0.00110,264846,96.80468,273588
3220,sobolevn,3,0.00110,264849,96.80578,273588
3221,sod,3,0.00110,264852,96.80688,273588
3222,solderjs,3,0.00110,264855,96.80797,273588
3223,sompylasar,3,0.00110,264858,96.80907,273588
3224,soslan,3,0.00110,264861,96.81017,273588
3225,spaceribs,3,0.00110,264864,96.81126,273588
3226,Spikhalskiy,3,0.00110,264867,96.81236,273588
3227,ssonal,3,0.00110,264870,96.81346,273588
3228,StacyGay,3,0.00110,264873,96.81455,273588
3229,Stavrus,3,0.00110,264876,96.81565,273588
3230,Steffen185,3,0.00110,264879,96.81675,273588
3231,Stephan202,3,0.00110,264882,96.81784,273588
3232,stephensauceda,3,0.00110,264885,96.81894,273588
3233,steveisok,3,0.00110,264888,96.82004,273588
3234,stevelinsell,3,0.00110,264891,96.82113,273588
3235,stevenanthonyrevo,3,0.00110,264894,96.82223,273588
3236,StevenLiekens,3,0.00110,264897,96.82333,273588
3237,stevenvachon,3,0.00110,264900,96.82442,273588
3238,stoneLeaf,3,0.00110,264903,96.82552,273588
3239,strawbrary,3,0.00110,264906,96.82662,273588
3240,StyXman,3,0.00110,264909,96.82771,273588
3241,stz-seongheon,3,0.00110,264912,96.82881,273588
3242,sudo-suhas,3,0.00110,264915,96.82990,273588
3243,sugoidesune,3,0.00110,264918,96.83100,273588
3244,sumitknoldus,3,0.00110,264921,96.83210,273588
3245,SunnyWar,3,0.00110,264924,96.83319,273588
3246,surajpoddar16,3,0.00110,264927,96.83429,273588
3247,swaroopsm,3,0.00110,264930,96.83539,273588
3248,Synoon,3,0.00110,264933,96.83648,273588
3249,systemallica,3,0.00110,264936,96.83758,273588
3250,syzzer,3,0.00110,264939,96.83868,273588
3251,taggon,3,0.00110,264942,96.83977,273588
3252,tatsuyafw,3,0.00110,264945,96.84087,273588
3253,taurose,3,0.00110,264948,96.84197,273588
3254,taylorwood,3,0.00110,264951,96.84306,273588
3255,tbroadley,3,0.00110,264954,96.84416,273588
3256,tcoz,3,0.00110,264957,96.84526,273588
3257,tdeschryver,3,0.00110,264960,96.84635,273588
3258,tefbop,3,0.00110,264963,96.84745,273588
3259,terabaud,3,0.00110,264966,96.84855,273588
3260,teyc,3,0.00110,264969,96.84964,273588
3261,tgiphil,3,0.00110,264972,96.85074,273588
3262,tgrrtt,3,0.00110,264975,96.85184,273588
3263,ThaneshR,3,0.00110,264978,96.85293,273588
3264,the-best-dev,3,0.00110,264981,96.85403,273588
3265,TheBlueSky,3,0.00110,264984,96.85513,273588
3266,thebyteman,3,0.00110,264987,96.85622,273588
3267,TheMushrr00m,3,0.00110,264990,96.85732,273588
3268,TheRoSS,3,0.00110,264993,96.85841,273588
3269,TheSporkBaron,3,0.00110,264996,96.85951,273588
3270,thg2k,3,0.00110,264999,96.86061,273588
3271,th-ko,3,0.00110,265002,96.86170,273588
3272,thomaspink,3,0.00110,265005,96.86280,273588
3273,ThornWinters,3,0.00110,265008,96.86390,273588
3274,ti1024,3,0.00110,265011,96.86499,273588
3275,tiaguinho,3,0.00110,265014,96.86609,273588
3276,Tibing,3,0.00110,265017,96.86719,273588
3277,tienpham94,3,0.00110,265020,96.86828,273588
3278,tIGO,3,0.00110,265023,96.86938,273588
3279,timblack1,3,0.00110,265026,96.87048,273588
3280,tim-blair,3,0.00110,265029,96.87157,273588
3281,timjacobi,3,0.00110,265032,96.87267,273588
3282,timkendrick,3,0.00110,265035,96.87377,273588
3283,timkraut,3,0.00110,265038,96.87486,273588
3284,timofeyb,3,0.00110,265041,96.87596,273588
3285,tkh44,3,0.00110,265044,96.87706,273588
3286,tmcw,3,0.00110,265047,96.87815,273588
3287,tnguyen14,3,0.00110,265050,96.87925,273588
3288,Tobyee,3,0.00110,265053,96.88035,273588
3289,todorpr,3,0.00110,265056,96.88144,273588
3290,tonylukasavage,3,0.00110,265059,96.88254,273588
3291,TooTallNate,3,0.00110,265062,96.88364,273588
3292,tracker1,3,0.00110,265065,96.88473,273588
3293,Tragetaschen,3,0.00110,265068,96.88583,273588
3294,trevorlinton,3,0.00110,265071,96.88692,273588
3295,treylitefm,3,0.00110,265074,96.88802,273588
3296,trezm,3,0.00110,265077,96.88912,273588
3297,trstringer,3,0.00110,265080,96.89021,273588
3298,ts2do,3,0.00110,265083,96.89131,273588
3299,TuckerWhitehouse,3,0.00110,265086,96.89241,273588
3300,TwoDCube,3,0.00110,265089,96.89350,273588
3301,tylerbuchea,3,0.00110,265092,96.89460,273588
3302,tyreer,3,0.00110,265095,96.89570,273588
3303,ukyo,3,0.00110,265098,96.89679,273588
3304,unional,3,0.00110,265101,96.89789,273588
3305,untitaker,3,0.00110,265104,96.89899,273588
3306,Vadorequest,3,0.00110,265107,96.90008,273588
3307,VanTanev,3,0.00110,265110,96.90118,273588
3308,vapier,3,0.00110,265113,96.90228,273588
3309,varunnvs92,3,0.00110,265116,96.90337,273588
3310,vasileorza,3,0.00110,265119,96.90447,273588
3311,VasiliyNovikov,3,0.00110,265122,96.90557,273588
3312,vepasto,3,0.00110,265125,96.90666,273588
3313,vetom,3,0.00110,265128,96.90776,273588
3314,victornoel,3,0.00110,265131,96.90886,273588
3315,victor-o-silva,3,0.00110,265134,96.90995,273588
3316,vidavidorra,3,0.00110,265137,96.91105,273588
3317,vinayvishal,3,0.00110,265140,96.91215,273588
3318,VinitTomar,3,0.00110,265143,96.91324,273588
3319,vitomeuli,3,0.00110,265146,96.91434,273588
3320,vitvad,3,0.00110,265149,96.91543,273588
3321,vkvenkat,3,0.00110,265152,96.91653,273588
3322,vladimir-kazakov,3,0.00110,265155,96.91763,273588
3323,vlbee,3,0.00110,265158,96.91872,273588
3324,vogloblinsky,3,0.00110,265161,96.91982,273588
3325,Volga,3,0.00110,265164,96.92092,273588
3326,vucalur,3,0.00110,265167,96.92201,273588
3327,w1zeman1p,3,0.00110,265170,96.92311,273588
3328,wali-s,3,0.00110,265173,96.92421,273588
3329,Wcc723,3,0.00110,265176,96.92530,273588
3330,wcjohnson11,3,0.00110,265179,96.92640,273588
3331,weitzhandler,3,0.00110,265182,96.92750,273588
3332,wilgert,3,0.00110,265185,96.92859,273588
3333,willTG,3,0.00110,265188,96.92969,273588
3334,wincent,3,0.00110,265191,96.93079,273588
3335,wkwiatek,3,0.00110,265194,96.93188,273588
3336,wmarques,3,0.00110,265197,96.93298,273588
3337,wmertens,3,0.00110,265200,96.93408,273588
3338,wnqnguo,3,0.00110,265203,96.93517,273588
3339,wub,3,0.00110,265206,96.93627,273588
3340,wyze,3,0.00110,265209,96.93737,273588
3341,Xaerxess,3,0.00110,265212,96.93846,273588
3342,XaveScor,3,0.00110,265215,96.93956,273588
3343,xcodebuild,3,0.00110,265218,96.94066,273588
3344,Xegyn,3,0.00110,265221,96.94175,273588
3345,xhoogland,3,0.00110,265224,96.94285,273588
3346,xiangzhuyuan,3,0.00110,265227,96.94394,273588
3347,xingao267,3,0.00110,265230,96.94504,273588
3348,xybu,3,0.00110,265233,96.94614,273588
3349,Yahkob,3,0.00110,265236,96.94723,273588
3350,yaman-jain,3,0.00110,265239,96.94833,273588
3351,yangmillstheory,3,0.00110,265242,96.94943,273588
3352,YannBertrand,3,0.00110,265245,96.95052,273588
3353,yasirmhd,3,0.00110,265248,96.95162,273588
3354,yasserkaddour,3,0.00110,265251,96.95272,273588
3355,Yeti-or,3,0.00110,265254,96.95381,273588
3356,YevhenLukomskyi,3,0.00110,265257,96.95491,273588
3357,yhagio,3,0.00110,265260,96.95601,273588
3358,yilinglu,3,0.00110,265263,96.95710,273588
3359,yiuyuho,3,0.00110,265266,96.95820,273588
3360,ymekuria,3,0.00110,265269,96.95930,273588
3361,yongdamsh,3,0.00110,265272,96.96039,273588
3362,yuan3y,3,0.00110,265275,96.96149,273588
3363,yuchi1989,3,0.00110,265278,96.96259,273588
3364,yvanin,3,0.00110,265281,96.96368,273588
3365,yxliang01,3,0.00110,265284,96.96478,273588
3366,ZachLamb,3,0.00110,265287,96.96588,273588
3367,zdouble,3,0.00110,265290,96.96697,273588
3368,zhengkai,3,0.00110,265293,96.96807,273588
3369,zhilich,3,0.00110,265296,96.96917,273588
3370,zhukov,3,0.00110,265299,96.97026,273588
3371,zjmiller,3,0.00110,265302,96.97136,273588
3372,ZLester,3,0.00110,265305,96.97245,273588
3373,zorrorffm,3,0.00110,265308,96.97355,273588
3374,Zovube,3,0.00110,265311,96.97465,273588
3375,zsd4yr,3,0.00110,265314,96.97574,273588
3376,zverbeta,3,0.00110,265317,96.97684,273588
3377,zwenza,3,0.00110,265320,96.97794,273588
3378,zwhitchcox,3,0.00110,265323,96.97903,273588
3379,zzz40500,3,0.00110,265326,96.98013,273588
3380,0x4139,2,0.00073,265328,96.98086,273588
3381,0xced,2,0.00073,265330,96.98159,273588
3382,0xflotus,2,0.00073,265332,96.98232,273588
3383,193s,2,0.00073,265334,96.98305,273588
3384,2E0PGS,2,0.00073,265336,96.98379,273588
3385,333fred,2,0.00073,265338,96.98452,273588
3386,3dd13,2,0.00073,265340,96.98525,273588
3387,3LOK,2,0.00073,265342,96.98598,273588
3388,3noch,2,0.00073,265344,96.98671,273588
3389,403studio,2,0.00073,265346,96.98744,273588
3390,8398a7,2,0.00073,265348,96.98817,273588
3391,8to5Developer,2,0.00073,265350,96.98890,273588
3392,a510,2,0.00073,265352,96.98963,273588
3393,aackerman,2,0.00073,265354,96.99037,273588
3394,aandrewww,2,0.00073,265356,96.99110,273588
3395,aaronroberson,2,0.00073,265358,96.99183,273588
3396,aaugustin,2,0.00073,265360,96.99256,273588
3397,abalmos,2,0.00073,265362,96.99329,273588
3398,abargnesi,2,0.00073,265364,96.99402,273588
3399,abhas9,2,0.00073,265366,96.99475,273588
3400,AbhishekGarg,2,0.00073,265368,96.99548,273588
3401,abnud1,2,0.00073,265370,96.99621,273588
3402,acjbizar,2,0.00073,265372,96.99694,273588
3403,acourtiol,2,0.00073,265374,96.99768,273588
3404,adam77,2,0.00073,265376,96.99841,273588
3405,adambowles,2,0.00073,265378,96.99914,273588
3406,adamcohen,2,0.00073,265380,96.99987,273588
3407,adamjmcgrath,2,0.00073,265382,97.00060,273588
3408,adampenn,2,0.00073,265384,97.00133,273588
3409,adamretter,2,0.00073,265386,97.00206,273588
3410,AdamWill,2,0.00073,265388,97.00279,273588
3411,adamyi,2,0.00073,265390,97.00352,273588
3412,adarrra,2,0.00073,265392,97.00425,273588
3413,addyosmani,2,0.00073,265394,97.00499,273588
3414,adekbadek,2,0.00073,265396,97.00572,273588
3415,ademuri,2,0.00073,265398,97.00645,273588
3416,adoyle-h,2,0.00073,265400,97.00718,273588
3417,adrianhopebailie,2,0.00073,265402,97.00791,273588
3418,adriantanasa,2,0.00073,265404,97.00864,273588
3419,adriensamson,2,0.00073,265406,97.00937,273588
3420,Adusei,2,0.00073,265408,97.01010,273588
3421,aeijdenberg,2,0.00073,265410,97.01083,273588
3422,aelafifi,2,0.00073,265412,97.01156,273588
3423,aelij,2,0.00073,265414,97.01230,273588
3424,af,2,0.00073,265416,97.01303,273588
3425,afanasy,2,0.00073,265418,97.01376,273588
3426,afitiskin,2,0.00073,265420,97.01449,273588
3427,aft90,2,0.00073,265422,97.01522,273588
3428,agievich,2,0.00073,265424,97.01595,273588
3429,agray,2,0.00073,265426,97.01668,273588
3430,AgtLucas,2,0.00073,265428,97.01741,273588
3431,aguspina,2,0.00073,265430,97.01814,273588
3432,ahamid,2,0.00073,265432,97.01888,273588
3433,aherbert,2,0.00073,265434,97.01961,273588
3434,ahmedalejo,2,0.00073,265436,97.02034,273588
3435,AhmedMustafa,2,0.00073,265438,97.02107,273588
3436,ahsan-ayaz,2,0.00073,265440,97.02180,273588
3437,aianus,2,0.00073,265442,97.02253,273588
3438,airamrguez,2,0.00073,265444,97.02326,273588
3439,airs0urce,2,0.00073,265446,97.02399,273588
3440,aitboudad,2,0.00073,265448,97.02472,273588
3441,ajbogh,2,0.00073,265450,97.02545,273588
3442,ajcrowe,2,0.00073,265452,97.02619,273588
3443,akai,2,0.00073,265454,97.02692,273588
3444,akamch,2,0.00073,265456,97.02765,273588
3445,akatopo,2,0.00073,265458,97.02838,273588
3446,akaustav,2,0.00073,265460,97.02911,273588
3447,Akretsch,2,0.00073,265462,97.02984,273588
3448,akshayagarwal,2,0.00073,265464,97.03057,273588
3449,Alanscut,2,0.00073,265466,97.03130,273588
3450,alanzheng88,2,0.00073,265468,97.03203,273588
3451,albertogoffi,2,0.00073,265470,97.03276,273588
3452,alburthoffman,2,0.00073,265472,97.03350,273588
3453,Alcaro,2,0.00073,265474,97.03423,273588
3454,AlejandroRivera,2,0.00073,265476,97.03496,273588
3455,Aleksandyr,2,0.00073,265478,97.03569,273588
3456,aleqi200,2,0.00073,265480,97.03642,273588
3457,AlexanderOMara,2,0.00073,265482,97.03715,273588
3458,alexandrnikitin,2,0.00073,265484,97.03788,273588
3459,alexbaumgertner,2,0.00073,265486,97.03861,273588
3460,alexbyk,2,0.00073,265488,97.03934,273588
3461,AlexG2017,2,0.00073,265490,97.04007,273588
3462,alexk000,2,0.00073,265492,97.04081,273588
3463,alexkirsz,2,0.00073,265494,97.04154,273588
3464,alexkrolick,2,0.00073,265496,97.04227,273588
3465,Alex-Sokolov,2,0.00073,265498,97.04300,273588
3466,alexsorokoletov,2,0.00073,265500,97.04373,273588
3467,AlexxNica,2,0.00073,265502,97.04446,273588
3468,alfaslash,2,0.00073,265504,97.04519,273588
3469,alFReD-NSH,2,0.00073,265506,97.04592,273588
3470,alippai,2,0.00073,265508,97.04665,273588
3471,allofthenorthwood,2,0.00073,265510,97.04739,273588
3472,AlmogShaul,2,0.00073,265512,97.04812,273588
3473,alokmenghrajani,2,0.00073,265514,97.04885,273588
3474,alpancs,2,0.00073,265516,97.04958,273588
3475,alumis,2,0.00073,265518,97.05031,273588
3476,alyssamichelle,2,0.00073,265520,97.05104,273588
3477,amandeepmittal,2,0.00073,265522,97.05177,273588
3478,ameyjadiye,2,0.00073,265524,97.05250,273588
3479,aminsoheyli,2,0.00073,265526,97.05323,273588
3480,amirelemam,2,0.00073,265528,97.05396,273588
3481,Anber,2,0.00073,265530,97.05470,273588
3482,AndersSahlin,2,0.00073,265532,97.05543,273588
3483,andreacc,2,0.00073,265534,97.05616,273588
3484,andresroberto,2,0.00073,265536,97.05689,273588
3485,andrewrota,2,0.00073,265538,97.05762,273588
3486,andyexeter,2,0.00073,265540,97.05835,273588
3487,andyfleming,2,0.00073,265542,97.05908,273588
3488,andygrundman,2,0.00073,265544,97.05981,273588
3489,andymc12,2,0.00073,265546,97.06054,273588
3490,andy-ms,2,0.00073,265548,97.06127,273588
3491,andypotts,2,0.00073,265550,97.06201,273588
3492,andyscott,2,0.00073,265552,97.06274,273588
3493,angelo-v,2,0.00073,265554,97.06347,273588
3494,angfal,2,0.00073,265556,97.06420,273588
3495,anirudhramanan,2,0.00073,265558,97.06493,273588
3496,ankon,2,0.00073,265560,97.06566,273588
3497,annp89,2,0.00073,265562,97.06639,273588
3498,anotheredward,2,0.00073,265564,97.06712,273588
3499,ansvonwa,2,0.00073,265566,97.06785,273588
3500,anthonyryan1,2,0.00073,265568,97.06858,273588
3501,antonblanchard,2,0.00073,265570,97.06932,273588
3502,antonio-cortes-perez,2,0.00073,265572,97.07005,273588
3503,antoniom,2,0.00073,265574,97.07078,273588
3504,AnuragPorwal,2,0.00073,265576,97.07151,273588
3505,apaatsio,2,0.00073,265578,97.07224,273588
3506,apirom9,2,0.00073,265580,97.07297,273588
3507,aral,2,0.00073,265582,97.07370,273588
3508,arbaaz,2,0.00073,265584,97.07443,273588
3509,arcana261,2,0.00073,265586,97.07516,273588
3510,ArchmageInc,2,0.00073,265588,97.07590,273588
3511,Ardeshir81,2,0.00073,265590,97.07663,273588
3512,argelius,2,0.00073,265592,97.07736,273588
3513,ariabuckles,2,0.00073,265594,97.07809,273588
3514,arianf,2,0.00073,265596,97.07882,273588
3515,arliang,2,0.00073,265598,97.07955,273588
3516,arm1n,2,0.00073,265600,97.08028,273588
3517,armaanahluwalia,2,0.00073,265602,97.08101,273588
3518,armfazh,2,0.00073,265604,97.08174,273588
3519,arminsolecki,2,0.00073,265606,97.08247,273588
3520,armostafizi,2,0.00073,265608,97.08321,273588
3521,armujahid,2,0.00073,265610,97.08394,273588
3522,arnif,2,0.00073,265612,97.08467,273588
3523,ArnoSaine,2,0.00073,265614,97.08540,273588
3524,arpitpandey0209,2,0.00073,265616,97.08613,273588
3525,arshabh,2,0.00073,265618,97.08686,273588
3526,ArtemLanovyy,2,0.00073,265620,97.08759,273588
3527,artnez,2,0.00073,265622,97.08832,273588
3528,ArturBaybulatov,2,0.00073,265624,97.08905,273588
3529,arty-name,2,0.00073,265626,97.08978,273588
3530,arunjvs,2,0.00073,265628,97.09052,273588
3531,arvinio,2,0.00073,265630,97.09125,273588
3532,arw-travela,2,0.00073,265632,97.09198,273588
3533,ashaffer,2,0.00073,265634,97.09271,273588
3534,ashinzekene,2,0.00073,265636,97.09344,273588
3535,askhalil,2,0.00073,265638,97.09417,273588
3536,AskYous,2,0.00073,265640,97.09490,273588
3537,asoldano,2,0.00073,265642,97.09563,273588
3538,asottile,2,0.00073,265644,97.09636,273588
3539,aSoujyuTanaka,2,0.00073,265646,97.09709,273588
3540,asulaiman,2,0.00073,265648,97.09783,273588
3541,atd,2,0.00073,265650,97.09856,273588
3542,atul-shimpi,2,0.00073,265652,97.09929,273588
3543,AudyOdi,2,0.00073,265654,97.10002,273588
3544,aurium,2,0.00073,265656,97.10075,273588
3545,austinpray,2,0.00073,265658,97.10148,273588
3546,autopulated,2,0.00073,265660,97.10221,273588
3547,avens19,2,0.00073,265662,97.10294,273588
3548,avioli,2,0.00073,265664,97.10367,273588
3549,avivr,2,0.00073,265666,97.10441,273588
3550,awdyson,2,0.00073,265668,97.10514,273588
3551,axel22,2,0.00073,265670,97.10587,273588
3552,ayende,2,0.00073,265672,97.10660,273588
3553,azat,2,0.00073,265674,97.10733,273588
3554,b3nj4m,2,0.00073,265676,97.10806,273588
3555,B3zo0,2,0.00073,265678,97.10879,273588
3556,babhishek21,2,0.00073,265680,97.10952,273588
3557,bahamas10,2,0.00073,265682,97.11025,273588
3558,bancek,2,0.00073,265684,97.11098,273588
3559,banli17,2,0.00073,265686,97.11172,273588
3560,baopham,2,0.00073,265688,97.11245,273588
3561,baribadamshin,2,0.00073,265690,97.11318,273588
3562,Bartosz-D3V,2,0.00073,265692,97.11391,273588
3563,bary822,2,0.00073,265694,97.11464,273588
3564,bascoder,2,0.00073,265696,97.11537,273588
3565,based2,2,0.00073,265698,97.11610,273588
3566,batiste,2,0.00073,265700,97.11683,273588
3567,batusai513,2,0.00073,265702,97.11756,273588
3568,bbamsch,2,0.00073,265704,97.11829,273588
3569,bbartels,2,0.00073,265706,97.11903,273588
3570,BBB,2,0.00073,265708,97.11976,273588
3571,BBKolton,2,0.00073,265710,97.12049,273588
3572,bcherny,2,0.00073,265712,97.12122,273588
3573,beatak,2,0.00073,265714,97.12195,273588
3574,beausmith,2,0.00073,265716,97.12268,273588
3575,behrangsa,2,0.00073,265718,97.12341,273588
3576,behzad888,2,0.00073,265720,97.12414,273588
3577,belev,2,0.00073,265722,97.12487,273588
3578,believer,2,0.00073,265724,97.12560,273588
3579,benatespina,2,0.00073,265726,97.12634,273588
3580,bengadbois,2,0.00073,265728,97.12707,273588
3581,benhutchison,2,0.00073,265730,97.12780,273588
3582,benjamin-albert,2,0.00073,265732,97.12853,273588
3583,benjaminp,2,0.00073,265734,97.12926,273588
3584,benjaminpick,2,0.00073,265736,97.12999,273588
3585,BenjaminVadant,2,0.00073,265738,97.13072,273588
3586,Bennet11,2,0.00073,265740,97.13145,273588
3587,bennyn,2,0.00073,265742,97.13218,273588
3588,benpye,2,0.00073,265744,97.13292,273588
3589,benwiley4000,2,0.00073,265746,97.13365,273588
3590,beradrian,2,0.00073,265748,97.13438,273588
3591,beznosd,2,0.00073,265750,97.13511,273588
3592,bfanger,2,0.00073,265752,97.13584,273588
3593,bgever,2,0.00073,265754,97.13657,273588
3594,bgnx,2,0.00073,265756,97.13730,273588
3595,bgpat,2,0.00073,265758,97.13803,273588
3596,Bhambya,2,0.00073,265760,97.13876,273588
3597,BigBadBleuCheese,2,0.00073,265762,97.13949,273588
3598,bildja,2,0.00073,265764,97.14023,273588
3599,billwert,2,0.00073,265766,97.14096,273588
3600,billymoon,2,0.00073,265768,97.14169,273588
3601,bjarneo,2,0.00073,265770,97.14242,273588
3602,bjouhier,2,0.00073,265772,97.14315,273588
3603,bkiselka,2,0.00073,265774,97.14388,273588
3604,bl00mber,2,0.00073,265776,97.14461,273588
3605,blacksun1,2,0.00073,265778,97.14534,273588
3606,BlancheP,2,0.00073,265780,97.14607,273588
3607,BlueHatbRit,2,0.00073,265782,97.14680,273588
3608,bluepnume,2,0.00073,265784,97.14754,273588
3609,bman654,2,0.00073,265786,97.14827,273588
3610,bnabholz,2,0.00073,265788,97.14900,273588
3611,bojand,2,0.00073,265790,97.14973,273588
3612,bokub,2,0.00073,265792,97.15046,273588
3613,bolu,2,0.00073,265794,97.15119,273588
3614,bording,2,0.00073,265796,97.15192,273588
3615,borgboyone,2,0.00073,265798,97.15265,273588
3616,bradbrandhorst,2,0.00073,265800,97.15338,273588
3617,bradford-hamilton,2,0.00073,265802,97.15411,273588
3618,bradyisom,2,0.00073,265804,97.15485,273588
3619,brandwe,2,0.00073,265806,97.15558,273588
3620,Brantner,2,0.00073,265808,97.15631,273588
3621,Brar,2,0.00073,265810,97.15704,273588
3622,brendo,2,0.00073,265812,97.15777,273588
3623,brentsnook,2,0.00073,265814,97.15850,273588
3624,brentvatne,2,0.00073,265816,97.15923,273588
3625,brettdh,2,0.00073,265818,97.15996,273588
3626,briankung,2,0.00073,265820,97.16069,273588
3627,BrianLondon,2,0.00073,265822,97.16143,273588
3628,bripkens,2,0.00073,265824,97.16216,273588
3629,BRKalow,2,0.00073,265826,97.16289,273588
3630,bruceharris,2,0.00073,265828,97.16362,273588
3631,brunin2509,2,0.00073,265830,97.16435,273588
3632,brycebaril,2,0.00073,265832,97.16508,273588
3633,brychcy,2,0.00073,265834,97.16581,273588
3634,bsamek,2,0.00073,265836,97.16654,273588
3635,bsingr,2,0.00073,265838,97.16727,273588
3636,bspaulding,2,0.00073,265840,97.16800,273588
3637,b-spencer,2,0.00073,265842,97.16874,273588
3638,btelles,2,0.00073,265844,97.16947,273588
3639,bttmly,2,0.00073,265846,97.17020,273588
3640,bubersson,2,0.00073,265848,97.17093,273588
3641,bulgakovalexander,2,0.00073,265850,97.17166,273588
3642,byronigoe,2,0.00073,265852,97.17239,273588
3643,bzoz,2,0.00073,265854,97.17312,273588
3644,C45tr0,2,0.00073,265856,97.17385,273588
3645,cahbb,2,0.00073,265858,97.17458,273588
3646,calebboyd,2,0.00073,265860,97.17531,273588
3647,calebmer,2,0.00073,265862,97.17605,273588
3648,calibr,2,0.00073,265864,97.17678,273588
3649,Calidus,2,0.00073,265866,97.17751,273588
3650,carloluis,2,0.00073,265868,97.17824,273588
3651,carolinapowers,2,0.00073,265870,97.17897,273588
3652,CarstenWickner,2,0.00073,265872,97.17970,273588
3653,cassianomon,2,0.00073,265874,97.18043,273588
3654,Castaneda1914,2,0.00073,265876,97.18116,273588
3655,CatTail,2,0.00073,265878,97.18189,273588
3656,cb372,2,0.00073,265880,97.18262,273588
3657,cbdeveloper,2,0.00073,265882,97.18336,273588
3658,cbosco,2,0.00073,265884,97.18409,273588
3659,cedral,2,0.00073,265886,97.18482,273588
3660,cerkiner,2,0.00073,265888,97.18555,273588
3661,cfleschhut,2,0.00073,265890,97.18628,273588
3662,cg-cnu,2,0.00073,265892,97.18701,273588
3663,chadfawcett,2,0.00073,265894,97.18774,273588
3664,chalup,2,0.00073,265896,97.18847,273588
3665,chanakasan,2,0.00073,265898,97.18920,273588
3666,charliegdev,2,0.00073,265900,97.18994,273588
3667,charlierudolph,2,0.00073,265902,97.19067,273588
3668,charlie-s,2,0.00073,265904,97.19140,273588
3669,charsleysa,2,0.00073,265906,97.19213,273588
3670,cheesestringer,2,0.00073,265908,97.19286,273588
3671,chengpohi,2,0.00073,265910,97.19359,273588
3672,cherouvim,2,0.00073,265912,97.19432,273588
3673,chill117,2,0.00073,265914,97.19505,273588
3674,chjj,2,0.00073,265916,97.19578,273588
3675,Chocobo1,2,0.00073,265918,97.19651,273588
3676,choury,2,0.00073,265920,97.19725,273588
3677,ChrisAckerman,2,0.00073,265922,97.19798,273588
3678,chrisakers,2,0.00073,265924,97.19871,273588
3679,ChrisCinelli,2,0.00073,265926,97.19944,273588
3680,chrisdukakis,2,0.00073,265928,97.20017,273588
3681,chriseppstein,2,0.00073,265930,97.20090,273588
3682,chrisirhc,2,0.00073,265932,97.20163,273588
3683,chrislambe,2,0.00073,265934,97.20236,273588
3684,chrisokasaki,2,0.00073,265936,97.20309,273588
3685,chrisse27,2,0.00073,265938,97.20382,273588
3686,christianrondeau,2,0.00073,265940,97.20456,273588
3687,churchie317,2,0.00073,265942,97.20529,273588
3688,cianclarke,2,0.00073,265944,97.20602,273588
3689,cif,2,0.00073,265946,97.20675,273588
3690,cjshawMIT,2,0.00073,265948,97.20748,273588
3691,ckniffen,2,0.00073,265950,97.20821,273588
3692,cky,2,0.00073,265952,97.20894,273588
3693,clabough,2,0.00073,265954,97.20967,273588
3694,clamp03,2,0.00073,265956,97.21040,273588
3695,Cleod9,2,0.00073,265958,97.21113,273588
3696,cminyard,2,0.00073,265960,97.21187,273588
3697,cn007b,2,0.00073,265962,97.21260,273588
3698,cneijenhuis,2,0.00073,265964,97.21333,273588
3699,cnishina,2,0.00073,265966,97.21406,273588
3700,cobbweb,2,0.00073,265968,97.21479,273588
3701,CodeBlanch,2,0.00073,265970,97.21552,273588
3702,CodeMan99,2,0.00073,265972,97.21625,273588
3703,coderaiser,2,0.00073,265974,97.21698,273588
3704,coderbydesign,2,0.00073,265976,97.21771,273588
3705,CodyReichert,2,0.00073,265978,97.21845,273588
3706,Cole-Beckwith-SP,2,0.00073,265980,97.21918,273588
3707,colesimmons,2,0.00073,265982,97.21991,273588
3708,colindickson,2,0.00073,265984,97.22064,273588
3709,colunga91,2,0.00073,265986,97.22137,273588
3710,colus001,2,0.00073,265988,97.22210,273588
3711,Coly010,2,0.00073,265990,97.22283,273588
3712,coreybutler,2,0.00073,265992,97.22356,273588
3713,coreysf,2,0.00073,265994,97.22429,273588
3714,Corniel,2,0.00073,265996,97.22502,273588
3715,CorvusCorrax,2,0.00073,265998,97.22576,273588
3716,coryhouse,2,0.00073,266000,97.22649,273588
3717,coryrylan,2,0.00073,266002,97.22722,273588
3718,cos,2,0.00073,266004,97.22795,273588
3719,coultonluke,2,0.00073,266006,97.22868,273588
3720,coxlinton,2,0.00073,266008,97.22941,273588
3721,crispen-smith,2,0.00073,266010,97.23014,273588
3722,crisptrutski,2,0.00073,266012,97.23087,273588
3723,cristidrg,2,0.00073,266014,97.23160,273588
3724,cristobalito,2,0.00073,266016,97.23233,273588
3725,cristovaov,2,0.00073,266018,97.23307,273588
3726,crooksey,2,0.00073,266020,97.23380,273588
3727,crossjs,2,0.00073,266022,97.23453,273588
3728,csharp,2,0.00073,266024,97.23526,273588
3729,cspotcode,2,0.00073,266026,97.23599,273588
3730,cstefanache,2,0.00073,266028,97.23672,273588
3731,csutherl,2,0.00073,266030,97.23745,273588
3732,ctz,2,0.00073,266032,97.23818,273588
3733,curlydevil,2,0.00073,266034,97.23891,273588
3734,cwe1ss,2,0.00073,266036,97.23965,273588
3735,czajkowski,2,0.00073,266038,97.24038,273588
3736,d0g,2,0.00073,266040,97.24111,273588
3737,d2bit,2,0.00073,266042,97.24184,273588
3738,d4rky-pl,2,0.00073,266044,97.24257,273588
3739,dacoozheng,2,0.00073,266046,97.24330,273588
3740,dajeffri,2,0.00073,266048,97.24403,273588
3741,dalcib,2,0.00073,266050,97.24476,273588
3742,daltones,2,0.00073,266052,97.24549,273588
3743,danbucholtz,2,0.00073,266054,97.24622,273588
3744,dancasey,2,0.00073,266056,97.24696,273588
3745,danielcrisp,2,0.00073,266058,97.24769,273588
3746,danieletorelli,2,0.00073,266060,97.24842,273588
3747,danielknell,2,0.00073,266062,97.24915,273588
3748,danielmbarlow,2,0.00073,266064,97.24988,273588
3749,DanielMSchmidt,2,0.00073,266066,97.25061,273588
3750,DanielNill,2,0.00073,266068,97.25134,273588
3751,DanielRosenwasser,2,0.00073,266070,97.25207,273588
3752,daniel-shuy,2,0.00073,266072,97.25280,273588
3753,danielstjules,2,0.00073,266074,97.25353,273588
3754,danielwiehl,2,0.00073,266076,97.25427,273588
3755,dante2008,2,0.00073,266078,97.25500,273588
3756,danthegoodman,2,0.00073,266080,97.25573,273588
3757,danvitoriano,2,0.00073,266082,97.25646,273588
3758,dariusk,2,0.00073,266084,97.25719,273588
3759,darobin,2,0.00073,266086,97.25792,273588
3760,dashtinejad,2,0.00073,266088,97.25865,273588
3761,daveaglick,2,0.00073,266090,97.25938,273588
3762,davej,2,0.00073,266092,97.26011,273588
3763,davesidious,2,0.00073,266094,97.26084,273588
3764,DaveVoyles,2,0.00073,266096,97.26158,273588
3765,davewasmer,2,0.00073,266098,97.26231,273588
3766,david-driscoll,2,0.00073,266100,97.26304,273588
3767,DavidePastore,2,0.00073,266102,97.26377,273588
3768,davidhu2000,2,0.00073,266104,97.26450,273588
3769,DavidSouther,2,0.00073,266106,97.26523,273588
3770,david-unergie,2,0.00073,266108,97.26596,273588
3771,davidxmoody,2,0.00073,266110,97.26669,273588
3772,DavSanchez,2,0.00073,266112,97.26742,273588
3773,davyengone,2,0.00073,266114,97.26816,273588
3774,DAXaholic,2,0.00073,266116,97.26889,273588
3775,daxian-dbw,2,0.00073,266118,97.26962,273588
3776,dblevins,2,0.00073,266120,97.27035,273588
3777,dcooper16,2,0.00073,266122,97.27108,273588
3778,ddunkin,2,0.00073,266124,97.27181,273588
3779,deblockt,2,0.00073,266126,97.27254,273588
3780,deb-saunders,2,0.00073,266128,97.27327,273588
3781,debugmodedotnet,2,0.00073,266130,97.27400,273588
3782,Degusto,2,0.00073,266132,97.27473,273588
3783,deki,2,0.00073,266134,97.27547,273588
3784,Delapouite,2,0.00073,266136,97.27620,273588
3785,delavara,2,0.00073,266138,97.27693,273588
3786,delirius325,2,0.00073,266140,97.27766,273588
3787,delitescere,2,0.00073,266142,97.27839,273588
3788,delmyers,2,0.00073,266144,97.27912,273588
3789,DenisGorbachev,2,0.00073,266146,97.27985,273588
3790,dennisgl,2,0.00073,266148,97.28058,273588
3791,densh,2,0.00073,266150,97.28131,273588
3792,denyskoch,2,0.00073,266152,97.28204,273588
3793,dericgw,2,0.00073,266154,97.28278,273588
3794,DerZyklop,2,0.00073,266156,97.28351,273588
3795,devmeyster,2,0.00073,266158,97.28424,273588
3796,devoto13,2,0.00073,266160,97.28497,273588
3797,devrchancay,2,0.00073,266162,97.28570,273588
3798,dfontenot,2,0.00073,266164,97.28643,273588
3799,dfrownfelter,2,0.00073,266166,97.28716,273588
3800,dgilbert,2,0.00073,266168,97.28789,273588
3801,dharaburda,2,0.00073,266170,97.28862,273588
3802,dhiru30,2,0.00073,266172,97.28935,273588
3803,dhurlburtusa,2,0.00073,266174,97.29009,273588
3804,diegofss11,2,0.00073,266176,97.29082,273588
3805,diegomrsantos,2,0.00073,266178,97.29155,273588
3806,difelice,2,0.00073,266180,97.29228,273588
3807,digitaldrummerj,2,0.00073,266182,97.29301,273588
3808,dimapaloskin,2,0.00073,266184,97.29374,273588
3809,dirkfeytons,2,0.00073,266186,97.29447,273588
3810,diyews,2,0.00073,266188,97.29520,273588
3811,djrodgerspryor,2,0.00073,266190,97.29593,273588
3812,dlax,2,0.00073,266192,97.29667,273588
3813,dlink,2,0.00073,266194,97.29740,273588
3814,dlstucki,2,0.00073,266196,97.29813,273588
3815,dmandelin,2,0.00073,266198,97.29886,273588
3816,dmaslov,2,0.00073,266200,97.29959,273588
3817,DmitryKakurin,2,0.00073,266202,97.30032,273588
3818,dmnd,2,0.00073,266204,97.30105,273588
3819,dnalborczyk,2,0.00073,266206,97.30178,273588
3820,Doehl,2,0.00073,266208,97.30251,273588
3821,domoritz,2,0.00073,266210,97.30324,273588
3822,domusofsail,2,0.00073,266212,97.30398,273588
3823,donaldchai,2,0.00073,266214,97.30471,273588
3824,dotLou,2,0.00073,266216,97.30544,273588
3825,dotzero,2,0.00073,266218,97.30617,273588
3826,douglasgimli,2,0.00073,266220,97.30690,273588
3827,douglasnaphas,2,0.00073,266222,97.30763,273588
3828,dpercy,2,0.00073,266224,97.30836,273588
3829,dpismenny,2,0.00073,266226,97.30909,273588
3830,dpurp,2,0.00073,266228,97.30982,273588
3831,DQNEO,2,0.00073,266230,97.31055,273588
3832,drazisil,2,0.00073,266232,97.31129,273588
3833,drewnoakes,2,0.00073,266234,97.31202,273588
3834,Dreyer,2,0.00073,266236,97.31275,273588
3835,dreyks,2,0.00073,266238,97.31348,273588
3836,DrMarcII,2,0.00073,266240,97.31421,273588
3837,drmonkeyninja,2,0.00073,266242,97.31494,273588
3838,Droogans,2,0.00073,266244,97.31567,273588
3839,DrPizza,2,0.00073,266246,97.31640,273588
3840,drpoggi,2,0.00073,266248,97.31713,273588
3841,drusin,2,0.00073,266250,97.31786,273588
3842,dskells,2,0.00073,266252,97.31860,273588
3843,dsplaisted,2,0.00073,266254,97.31933,273588
3844,dufferzafar,2,0.00073,266256,97.32006,273588
3845,dummycode,2,0.00073,266258,97.32079,273588
3846,dumpstate,2,0.00073,266260,97.32152,273588
3847,duncanleung,2,0.00073,266262,97.32225,273588
3848,dushmis,2,0.00073,266264,97.32298,273588
3849,Duske,2,0.00073,266266,97.32371,273588
3850,duxinxiao,2,0.00073,266268,97.32444,273588
3851,dveeden,2,0.00073,266270,97.32518,273588
3852,dvorak42,2,0.00073,266272,97.32591,273588
3853,dwanderton,2,0.00073,266274,97.32664,273588
3854,dxuehu,2,0.00073,266276,97.32737,273588
3855,dylanseago,2,0.00073,266278,97.32810,273588
3856,dyrock,2,0.00073,266280,97.32883,273588
3857,dzonatan,2,0.00073,266282,97.32956,273588
3858,eadordzhiev,2,0.00073,266284,97.33029,273588
3859,eaftan,2,0.00073,266286,97.33102,273588
3860,eagleeye,2,0.00073,266288,97.33175,273588
3861,eatnumber1,2,0.00073,266290,97.33249,273588
3862,e-cloud,2,0.00073,266292,97.33322,273588
3863,ecnepsnai,2,0.00073,266294,97.33395,273588
3864,Eddman,2,0.00073,266296,97.33468,273588
3865,eddyerburgh,2,0.00073,266298,97.33541,273588
3866,EdricChan03,2,0.00073,266300,97.33614,273588
3867,eduard9x,2,0.00073,266302,97.33687,273588
3868,eeeqxxtg,2,0.00073,266304,97.33760,273588
3869,eemeli,2,0.00073,266306,97.33833,273588
3870,eeue56,2,0.00073,266308,97.33906,273588
3871,ehmicky,2,0.00073,266310,97.33980,273588
3872,Eisermann,2,0.00073,266312,97.34053,273588
3873,ekkis,2,0.00073,266314,97.34126,273588
3874,elbaloo,2,0.00073,266316,97.34199,273588
3875,ElForastero,2,0.00073,266318,97.34272,273588
3876,Elhebert,2,0.00073,266320,97.34345,273588
3877,elkdanger,2,0.00073,266322,97.34418,273588
3878,eloytoro,2,0.00073,266324,97.34491,273588
3879,ElRaph,2,0.00073,266326,97.34564,273588
3880,elvisbegovic,2,0.00073,266328,97.34637,273588
3881,emedws,2,0.00073,266330,97.34711,273588
3882,EmericBr,2,0.00073,266332,97.34784,273588
3883,emilio,2,0.00073,266334,97.34857,273588
3884,EmilTholin,2,0.00073,266336,97.34930,273588
3885,emmanne08,2,0.00073,266338,97.35003,273588
3886,emmanuelbernard,2,0.00073,266340,97.35076,273588
3887,enkore,2,0.00073,266342,97.35149,273588
3888,EnoahNetzach,2,0.00073,266344,97.35222,273588
3889,enqode-hub,2,0.00073,266346,97.35295,273588
3890,enriquedacostacambio,2,0.00073,266348,97.35369,273588
3891,eoneill,2,0.00073,266350,97.35442,273588
3892,epps,2,0.00073,266352,97.35515,273588
3893,epsitec,2,0.00073,266354,97.35588,273588
3894,ericcurtin,2,0.00073,266356,97.35661,273588
3895,ericdouglas,2,0.00073,266358,97.35734,273588
3896,erictsangx,2,0.00073,266360,97.35807,273588
3897,ericwb,2,0.00073,266362,97.35880,273588
3898,EricWhiteDev,2,0.00073,266364,97.35953,273588
3899,eriol,2,0.00073,266366,97.36026,273588
3900,Ermiar,2,0.00073,266368,97.36100,273588
3901,Errorname,2,0.00073,266370,97.36173,273588
3902,erykwalder,2,0.00073,266372,97.36246,273588
3903,esagawe,2,0.00073,266374,97.36319,273588
3904,esr360,2,0.00073,266376,97.36392,273588
3905,eternalharvest,2,0.00073,266378,97.36465,273588
3906,Ethan-Arrowood,2,0.00073,266380,97.36538,273588
3907,ethanbeyer,2,0.00073,266382,97.36611,273588
3908,ethanwood17,2,0.00073,266384,97.36684,273588
3909,etiktin,2,0.00073,266386,97.36757,273588
3910,eubnara,2,0.00073,266388,97.36831,273588
3911,EugeneGarbuzov,2,0.00073,266390,97.36904,273588
3912,evancarey,2,0.00073,266392,97.36977,273588
3913,evgenyt1,2,0.00073,266394,97.37050,273588
3914,exvito,2,0.00073,266396,97.37123,273588
3915,EyalRonel,2,0.00073,266398,97.37196,273588
3916,EzequielB,2,0.00073,266400,97.37269,273588
3917,fa137,2,0.00073,266402,97.37342,273588
3918,FabianGosebrink,2,0.00073,266404,97.37415,273588
3919,fabiomcosta,2,0.00073,266406,97.37488,273588
3920,fabriciomurta,2,0.00073,266408,97.37562,273588
3921,faheel,2,0.00073,266410,97.37635,273588
3922,falms,2,0.00073,266412,97.37708,273588
3923,fasterthanlime,2,0.00073,266414,97.37781,273588
3924,fatso83,2,0.00073,266416,97.37854,273588
3925,fbergr,2,0.00073,266418,97.37927,273588
3926,FDIM,2,0.00073,266420,97.38000,273588
3927,fedesasso,2,0.00073,266422,97.38073,273588
3928,feelepxyz,2,0.00073,266424,97.38146,273588
3929,FelAl,2,0.00073,266426,97.38220,273588
3930,felipepessoto,2,0.00073,266428,97.38293,273588
3931,felixmosh,2,0.00073,266430,97.38366,273588
3932,felvhage,2,0.00073,266432,97.38439,273588
3933,fgreinacher,2,0.00073,266434,97.38512,273588
3934,fh1ch,2,0.00073,266436,97.38585,273588
3935,firrae,2,0.00073,266438,97.38658,273588
3936,fishbar,2,0.00073,266440,97.38731,273588
3937,fkgozali,2,0.00073,266442,97.38804,273588
3938,FlashSheridan,2,0.00073,266444,97.38877,273588
3939,flowlight0,2,0.00073,266446,97.38951,273588
3940,flxwu,2,0.00073,266448,97.39024,273588
3941,fmbandit,2,0.00073,266450,97.39097,273588
3942,fmvilas,2,0.00073,266452,97.39170,273588
3943,FokkeZB,2,0.00073,266454,97.39243,273588
3944,fommil,2,0.00073,266456,97.39316,273588
3945,fonziemedia,2,0.00073,266458,97.39389,273588
3946,foolmoron,2,0.00073,266460,97.39462,273588
3947,foomango,2,0.00073,266462,97.39535,273588
3948,forkfork,2,0.00073,266464,97.39608,273588
3949,Foxtrek64,2,0.00073,266466,97.39682,273588
3950,foyangyu,2,0.00073,266468,97.39755,273588
3951,fpoumian,2,0.00073,266470,97.39828,273588
3952,francisdb,2,0.00073,266472,97.39901,273588
3953,francois2metz,2,0.00073,266474,97.39974,273588
3954,frankmorgner,2,0.00073,266476,97.40047,273588
3955,FransBouma,2,0.00073,266478,97.40120,273588
3956,freddyboucher,2,0.00073,266480,97.40193,273588
3957,freeall,2,0.00073,266482,97.40266,273588
3958,frehner,2,0.00073,266484,97.40339,273588
3959,fridays,2,0.00073,266486,97.40413,273588
3960,frosas,2,0.00073,266488,97.40486,273588
3961,frostming,2,0.00073,266490,97.40559,273588
3962,FRSgit,2,0.00073,266492,97.40632,273588
3963,fson,2,0.00073,266494,97.40705,273588
3964,GabrielNicolasAvellaneda,2,0.00073,266496,97.40778,273588
3965,galgeek,2,0.00073,266498,97.40851,273588
3966,gangsthub,2,0.00073,266500,97.40924,273588
3967,garethnic,2,0.00073,266502,97.40997,273588
3968,garrows,2,0.00073,266504,97.41071,273588
3969,garycourt,2,0.00073,266506,97.41144,273588
3970,gebilaoxiong,2,0.00073,266508,97.41217,273588
3971,geeknik,2,0.00073,266510,97.41290,273588
3972,geekrumper,2,0.00073,266512,97.41363,273588
3973,gengjiawen,2,0.00073,266514,97.41436,273588
3974,geoffthorpe,2,0.00073,266516,97.41509,273588
3975,georgekosmidis,2,0.00073,266518,97.41582,273588
3976,georgeonofrei,2,0.00073,266520,97.41655,273588
3977,GeorgiChochov,2,0.00073,266522,97.41728,273588
3978,gfoust,2,0.00073,266524,97.41802,273588
3979,ghardin137,2,0.00073,266526,97.41875,273588
3980,ghostd,2,0.00073,266528,97.41948,273588
3981,ghuntley,2,0.00073,266530,97.42021,273588
3982,gilchenzion,2,0.00073,266532,97.42094,273588
3983,g-k,2,0.00073,266534,97.42167,273588
3984,gkwang,2,0.00073,266536,97.42240,273588
3985,glassdimly,2,0.00073,266538,97.42313,273588
3986,Glazy,2,0.00073,266540,97.42386,273588
3987,glegrain,2,0.00073,266542,97.42459,273588
3988,glenstaes,2,0.00073,266544,97.42533,273588
3989,glombek,2,0.00073,266546,97.42606,273588
3990,gnomeontherun,2,0.00073,266548,97.42679,273588
3991,gnovack,2,0.00073,266550,97.42752,273588
3992,goenning,2,0.00073,266552,97.42825,273588
3993,gomel4ever,2,0.00073,266554,97.42898,273588
3994,gonzalez,2,0.00073,266556,97.42971,273588
3995,gorbiz,2,0.00073,266558,97.43044,273588
3996,g-palmer,2,0.00073,266560,97.43117,273588
3997,gparlakov,2,0.00073,266562,97.43190,273588
3998,gpspake,2,0.00073,266564,97.43264,273588
3999,gr2m,2,0.00073,266566,97.43337,273588
4000,gracebenz,2,0.00073,266568,97.43410,273588
4001,graememorgan,2,0.00073,266570,97.43483,273588
4002,grant,2,0.00073,266572,97.43556,273588
4003,Grasseh,2,0.00073,266574,97.43629,273588
4004,Green-Bug,2,0.00073,266576,97.43702,273588
4005,gregg-miskelly,2,0.00073,266578,97.43775,273588
4006,greggunner,2,0.00073,266580,97.43848,273588
4007,gregkalapos,2,0.00073,266582,97.43922,273588
4008,Gregoirevda,2,0.00073,266584,97.43995,273588
4009,GregoryPorter,2,0.00073,266586,97.44068,273588
4010,gregturn,2,0.00073,266588,97.44141,273588
4011,griffinmyers,2,0.00073,266590,97.44214,273588
4012,grisha-kotler,2,0.00073,266592,97.44287,273588
4013,groninge01,2,0.00073,266594,97.44360,273588
4014,Grygir,2,0.00073,266596,97.44433,273588
4015,gsklee,2,0.00073,266598,97.44506,273588
4016,gswalden,2,0.00073,266600,97.44579,273588
4017,gucluoz,2,0.00073,266602,97.44653,273588
4018,guiguan,2,0.00073,266604,97.44726,273588
4019,guimon,2,0.00073,266606,97.44799,273588
4020,guiruiz,2,0.00073,266608,97.44872,273588
4021,guox191,2,0.00073,266610,97.44945,273588
4022,gu-xionghong,2,0.00073,266612,97.45018,273588
4023,gxvv,2,0.00073,266614,97.45091,273588
4024,gyfis,2,0.00073,266616,97.45164,273588
4025,gzm0,2,0.00073,266618,97.45237,273588
4026,hadrienk,2,0.00073,266620,97.45310,273588
4027,hairyhenderson,2,0.00073,266622,97.45384,273588
4028,haishengwu-okta,2,0.00073,266624,97.45457,273588
4029,hajekj,2,0.00073,266626,97.45530,273588
4030,halitogunc,2,0.00073,266628,97.45603,273588
4031,halkeye,2,0.00073,266630,97.45676,273588
4032,hamish-rose,2,0.00073,266632,97.45749,273588
4033,hans-kinnek,2,0.00073,266634,97.45822,273588
4034,hariberry,2,0.00073,266636,97.45895,273588
4035,harishgadiya,2,0.00073,266638,97.45968,273588
4036,HarveyZhang,2,0.00073,266640,97.46041,273588
4037,haubi,2,0.00073,266642,97.46115,273588
4038,haveo,2,0.00073,266644,97.46188,273588
4039,haveyaseen,2,0.00073,266646,97.46261,273588
4040,Havner,2,0.00073,266648,97.46334,273588
4041,hawkrives,2,0.00073,266650,97.46407,273588
4042,hboutemy,2,0.00073,266652,97.46480,273588
4043,hbrotan,2,0.00073,266654,97.46553,273588
4044,hc-codersatlas,2,0.00073,266656,97.46626,273588
4045,heavybeard,2,0.00073,266658,97.46699,273588
4046,hehachris,2,0.00073,266660,97.46773,273588
4047,helio-frota,2,0.00073,266662,97.46846,273588
4048,hemp,2,0.00073,266664,97.46919,273588
4049,hendricius,2,0.00073,266666,97.46992,273588
4050,heshamMassoud,2,0.00073,266668,97.47065,273588
4051,hgwood,2,0.00073,266670,97.47138,273588
4052,hhua1120,2,0.00073,266672,97.47211,273588
4053,hibnico,2,0.00073,266674,97.47284,273588
4054,hikaru-light,2,0.00073,266676,97.47357,273588
4055,himynameisdave,2,0.00073,266678,97.47430,273588
4056,HiveSolution,2,0.00073,266680,97.47504,273588
4057,hjmoss,2,0.00073,266682,97.47577,273588
4058,hknielsen,2,0.00073,266684,97.47650,273588
4059,hleumas,2,0.00073,266686,97.47723,273588
4060,hmethvin,2,0.00073,266688,97.47796,273588
4061,honkentuber,2,0.00073,266690,97.47869,273588
4062,HornyakBence,2,0.00073,266692,97.47942,273588
4063,HotelDon,2,0.00073,266694,97.48015,273588
4064,hotforfeature,2,0.00073,266696,97.48088,273588
4065,hotpxl,2,0.00073,266698,97.48161,273588
4066,hshn,2,0.00073,266700,97.48235,273588
4067,htmldoug,2,0.00073,266702,97.48308,273588
4068,huaoguo,2,0.00073,266704,97.48381,273588
4069,huerlisi,2,0.00073,266706,97.48454,273588
4070,hugomn,2,0.00073,266708,97.48527,273588
4071,hxsf,2,0.00073,266710,97.48600,273588
4072,h-yamamo,2,0.00073,266712,97.48673,273588
4073,hypersw,2,0.00073,266714,97.48746,273588
4074,iainnicol,2,0.00073,266716,97.48819,273588
4075,ianobermiller,2,0.00073,266718,97.48892,273588
4076,iarna,2,0.00073,266720,97.48966,273588
4077,iblamefish,2,0.00073,266722,97.49039,273588
4078,icholy,2,0.00073,266724,97.49112,273588
4079,iconoeugen,2,0.00073,266726,97.49185,273588
4080,ide,2,0.00073,266728,97.49258,273588
4081,idg10,2,0.00073,266730,97.49331,273588
4082,idlerboris,2,0.00073,266732,97.49404,273588
4083,ieatfood,2,0.00073,266734,97.49477,273588
4084,IeuanG,2,0.00073,266736,97.49550,273588
4085,igorline,2,0.00073,266738,97.49624,273588
4086,iilei,2,0.00073,266740,97.49697,273588
4087,IlCallo,2,0.00073,266742,97.49770,273588
4088,iliasch,2,0.00073,266744,97.49843,273588
4089,ilyasidorchik,2,0.00073,266746,97.49916,273588
4090,imagentleman,2,0.00073,266748,97.49989,273588
4091,imba-tjd,2,0.00073,266750,97.50062,273588
4092,ImgBotApp,2,0.00073,266752,97.50135,273588
4093,imikay,2,0.00073,266754,97.50208,273588
4094,imjanghyuk,2,0.00073,266756,97.50281,273588
4095,IndigoVerge,2,0.00073,266758,97.50355,273588
4096,indrimuska,2,0.00073,266760,97.50428,273588
4097,indutny,2,0.00073,266762,97.50501,273588
4098,infrastation,2,0.00073,266764,97.50574,273588
4099,inkinworld,2,0.00073,266766,97.50647,273588
4100,insin,2,0.00073,266768,97.50720,273588
4101,int64ago,2,0.00073,266770,97.50793,273588
4102,ipeters90,2,0.00073,266772,97.50866,273588
4103,ipinak,2,0.00073,266774,97.50939,273588
4104,iRumba,2,0.00073,266776,97.51012,273588
4105,isaacplmann,2,0.00073,266778,97.51086,273588
4106,isnotnick,2,0.00073,266780,97.51159,273588
4107,istarkov,2,0.00073,266782,97.51232,273588
4108,istudens,2,0.00073,266784,97.51305,273588
4109,isyun,2,0.00073,266786,97.51378,273588
4110,itamark,2,0.00073,266788,97.51451,273588
4111,itchyny,2,0.00073,266790,97.51524,273588
4112,ivandevp,2,0.00073,266792,97.51597,273588
4113,ivan-kleshnin,2,0.00073,266794,97.51670,273588
4114,ivikash,2,0.00073,266796,97.51743,273588
4115,ivoanjo,2,0.00073,266798,97.51817,273588
4116,ivomju,2,0.00073,266800,97.51890,273588
4117,J3remyD,2,0.00073,266802,97.51963,273588
4118,j4nw,2,0.00073,266804,97.52036,273588
4119,J5,2,0.00073,266806,97.52109,273588
4120,jaaberg,2,0.00073,266808,97.52182,273588
4121,jablko,2,0.00073,266810,97.52255,273588
4122,jacktan1991,2,0.00073,266812,97.52328,273588
4123,JacobJohansen,2,0.00073,266814,97.52401,273588
4124,jacobrask,2,0.00073,266816,97.52475,273588
4125,jacobscarter,2,0.00073,266818,97.52548,273588
4126,jacobwgillespie,2,0.00073,266820,97.52621,273588
4127,Jaco-Pretorius,2,0.00073,266822,97.52694,273588
4128,JacquesPerrault,2,0.00073,266824,97.52767,273588
4129,jadarnel27,2,0.00073,266826,97.52840,273588
4130,Jaehlee11,2,0.00073,266828,97.52913,273588
4131,jagomf,2,0.00073,266830,97.52986,273588
4132,jahraphael,2,0.00073,266832,97.53059,273588
4133,jahumes,2,0.00073,266834,97.53132,273588
4134,JakeChampion,2,0.00073,266836,97.53206,273588
4135,jakewins,2,0.00073,266838,97.53279,273588
4136,jakkdu,2,0.00073,266840,97.53352,273588
4137,jalbrzym,2,0.00073,266842,97.53425,273588
4138,jamacku,2,0.00073,266844,97.53498,273588
4139,Jamaks,2,0.00073,266846,97.53571,273588
4140,jamedranoa,2,0.00073,266848,97.53644,273588
4141,james4388,2,0.00073,266850,97.53717,273588
4142,JamesBoon,2,0.00073,266852,97.53790,273588
4143,james-callahan,2,0.00073,266854,97.53863,273588
4144,jamesgpearce,2,0.00073,266856,97.53937,273588
4145,jamessawle,2,0.00073,266858,97.54010,273588
4146,jamesward,2,0.00073,266860,97.54083,273588
4147,jameswomack,2,0.00073,266862,97.54156,273588
4148,Jamim,2,0.00073,266864,97.54229,273588
4149,JanDalF,2,0.00073,266866,97.54302,273588
4150,JandersonConstantino,2,0.00073,266868,97.54375,273588
4151,jandockx,2,0.00073,266870,97.54448,273588
4152,Janfred,2,0.00073,266872,97.54521,273588
4153,JanisE,2,0.00073,266874,97.54594,273588
4154,jannic,2,0.00073,266876,97.54668,273588
4155,jansupol,2,0.00073,266878,97.54741,273588
4156,jashook,2,0.00073,266880,97.54814,273588
4157,jasongrlicky,2,0.00073,266882,97.54887,273588
4158,jasonwilliams,2,0.00073,266884,97.54960,273588
4159,javache,2,0.00073,266886,97.55033,273588
4160,javkhaanj7,2,0.00073,266888,97.55106,273588
4161,jaykrell,2,0.00073,266890,97.55179,273588
4162,jayspringate,2,0.00073,266892,97.55252,273588
4163,jayvdb,2,0.00073,266894,97.55326,273588
4164,jbandi,2,0.00073,266896,97.55399,273588
4165,jbarnettwomply,2,0.00073,266898,97.55472,273588
4166,jbe2277,2,0.00073,266900,97.55545,273588
4167,JBeatz,2,0.00073,266902,97.55618,273588
4168,jbelien,2,0.00073,266904,97.55691,273588
4169,jbenoit2011,2,0.00073,266906,97.55764,273588
4170,jbialobr,2,0.00073,266908,97.55837,273588
4171,jboavida,2,0.00073,266910,97.55910,273588
4172,jbonta,2,0.00073,266912,97.55983,273588
4173,jborgland,2,0.00073,266914,97.56057,273588
4174,jchiatt,2,0.00073,266916,97.56130,273588
4175,jcrben,2,0.00073,266918,97.56203,273588
4176,jcready,2,0.00073,266920,97.56276,273588
4177,jcspader,2,0.00073,266922,97.56349,273588
4178,jdanil,2,0.00073,266924,97.56422,273588
4179,jd-carroll,2,0.00073,266926,97.56495,273588
4180,jdelStrother,2,0.00073,266928,97.56568,273588
4181,jdorfman,2,0.00073,266930,97.56641,273588
4182,jdufresne,2,0.00073,266932,97.56714,273588
4183,jedesah,2,0.00073,266934,97.56788,273588
4184,jedwards1211,2,0.00073,266936,97.56861,273588
4185,JeffCyr,2,0.00073,266938,97.56934,273588
4186,jeffhandley,2,0.00073,266940,97.57007,273588
4187,jeffreypriebe,2,0.00073,266942,97.57080,273588
4188,JeffreyZhao,2,0.00073,266944,97.57153,273588
4189,Jefiozie,2,0.00073,266946,97.57226,273588
4190,jenjwong,2,0.00073,266948,97.57299,273588
4191,jennifer-mann,2,0.00073,266950,97.57372,273588
4192,jennyraj,2,0.00073,266952,97.57446,273588
4193,jeremenichelli,2,0.00073,266954,97.57519,273588
4194,jeremycline,2,0.00073,266956,97.57592,273588
4195,jeremyruppel,2,0.00073,266958,97.57665,273588
4196,jermowery,2,0.00073,266960,97.57738,273588
4197,jerome-nelson,2,0.00073,266962,97.57811,273588
4198,jessebeach,2,0.00073,266964,97.57884,273588
4199,jessicamvs,2,0.00073,266966,97.57957,273588
4200,jessycormier,2,0.00073,266968,97.58030,273588
4201,jgalat,2,0.00073,266970,97.58103,273588
4202,jghaines,2,0.00073,266972,97.58177,273588
4203,jgiles,2,0.00073,266974,97.58250,273588
4204,jhabdas,2,0.00073,266976,97.58323,273588
4205,jhamm,2,0.00073,266978,97.58396,273588
4206,jharris4,2,0.00073,266980,97.58469,273588
4207,jhnaldo,2,0.00073,266982,97.58542,273588
4208,jiabaowu,2,0.00073,266984,97.58615,273588
4209,JianMeng,2,0.00073,266986,97.58688,273588
4210,jiayihu,2,0.00073,266988,97.58761,273588
4211,jileeon,2,0.00073,266990,97.58834,273588
4212,Jimbly,2,0.00073,266992,97.58908,273588
4213,JimiHFord,2,0.00073,266994,97.58981,273588
4214,jiminikiz,2,0.00073,266996,97.59054,273588
4215,jimlloyd,2,0.00073,266998,97.59127,273588
4216,jimmywarting,2,0.00073,267000,97.59200,273588
4217,jimthedev,2,0.00073,267002,97.59273,273588
4218,jjware,2,0.00073,267004,97.59346,273588
4219,jmaebe,2,0.00073,267006,97.59419,273588
4220,jmbyerly,2,0.00073,267008,97.59492,273588
4221,jmendeth,2,0.00073,267010,97.59565,273588
4222,jnaputi253,2,0.00073,267012,97.59639,273588
4223,joakimbl,2,0.00073,267014,97.59712,273588
4224,jochenberger,2,0.00073,267016,97.59785,273588
4225,joe2018Outlookcom,2,0.00073,267018,97.59858,273588
4226,joearasin,2,0.00073,267020,97.59931,273588
4227,joefreeman,2,0.00073,267022,97.60004,273588
4228,joej164,2,0.00073,267024,97.60077,273588
4229,joejordanbrown,2,0.00073,267026,97.60150,273588
4230,joekrill,2,0.00073,267028,97.60223,273588
4231,joel-leitch,2,0.00073,267030,97.60297,273588
4232,joelongstreet,2,0.00073,267032,97.60370,273588
4233,joeratt,2,0.00073,267034,97.60443,273588
4234,JohanLarsson,2,0.00073,267036,97.60516,273588
4235,johannes-scharlach,2,0.00073,267038,97.60589,273588
4236,joh-klein,2,0.00073,267040,97.60662,273588
4237,johnhoffman,2,0.00073,267042,97.60735,273588
4238,johnjbarton,2,0.00073,267044,97.60808,273588
4239,johnjohndoe,2,0.00073,267046,97.60881,273588
4240,johnlonganecker,2,0.00073,267048,97.60954,273588
4241,johnnyRose,2,0.00073,267050,97.61028,273588
4242,johntron,2,0.00073,267052,97.61101,273588
4243,joliss,2,0.00073,267054,97.61174,273588
4244,jolly-roger,2,0.00073,267056,97.61247,273588
4245,jonahkirangi,2,0.00073,267058,97.61320,273588
4246,jonasfj,2,0.00073,267060,97.61393,273588
4247,jonathantyates,2,0.00073,267062,97.61466,273588
4248,jongear,2,0.00073,267064,97.61539,273588
4249,jo-ninja,2,0.00073,267066,97.61612,273588
4250,jonmill,2,0.00073,267068,97.61685,273588
4251,jonotron,2,0.00073,267070,97.61759,273588
4252,jonyonson,2,0.00073,267072,97.61832,273588
4253,joongsoo,2,0.00073,267074,97.61905,273588
4254,jordanstephens,2,0.00073,267076,97.61978,273588
4255,jorgeucano,2,0.00073,267078,97.62051,273588
4256,JosephTremoulet,2,0.00073,267080,97.62124,273588
4257,joshalling,2,0.00073,267082,97.62197,273588
4258,JoshData,2,0.00073,267084,97.62270,273588
4259,joshdrees,2,0.00073,267086,97.62343,273588
4260,josherick,2,0.00073,267088,97.62416,273588
4261,joshgerdes,2,0.00073,267090,97.62490,273588
4262,joshuacaron,2,0.00073,267092,97.62563,273588
4263,joshuagl,2,0.00073,267094,97.62636,273588
4264,JoshuaGross,2,0.00073,267096,97.62709,273588
4265,JoshuaJWilborn,2,0.00073,267098,97.62782,273588
4266,JoshuaKGoldberg,2,0.00073,267100,97.62855,273588
4267,JosVerburg,2,0.00073,267102,97.62928,273588
4268,JoviDeCroock,2,0.00073,267104,97.63001,273588
4269,joyzheng,2,0.00073,267106,97.63074,273588
4270,jpelcis,2,0.00073,267108,97.63148,273588
4271,jpkleemans,2,0.00073,267110,97.63221,273588
4272,jplebre,2,0.00073,267112,97.63294,273588
4273,jrocha,2,0.00073,267114,97.63367,273588
4274,jsayol,2,0.00073,267116,97.63440,273588
4275,jseabold,2,0.00073,267118,97.63513,273588
4276,jsto,2,0.00073,267120,97.63586,273588
4277,JTKnox91,2,0.00073,267122,97.63659,273588
4278,juandiana,2,0.00073,267124,97.63732,273588
4279,juangabreil,2,0.00073,267126,97.63805,273588
4280,juergw,2,0.00073,267128,97.63879,273588
4281,juikim,2,0.00073,267130,97.63952,273588
4282,julen,2,0.00073,267132,97.64025,273588
4283,juliushardt,2,0.00073,267134,97.64098,273588
4284,julkwel,2,0.00073,267136,97.64171,273588
4285,jurca,2,0.00073,267138,97.64244,273588
4286,JustATrick,2,0.00073,267140,97.64317,273588
4287,justincron,2,0.00073,267142,97.64390,273588
4288,jwbay,2,0.00073,267144,97.64463,273588
4289,jwworth,2,0.00073,267146,97.64536,273588
4290,kacf,2,0.00073,267148,97.64610,273588
4291,kachhalimbu,2,0.00073,267150,97.64683,273588
4292,Kachulio1,2,0.00073,267152,97.64756,273588
4293,Kahbazi,2,0.00073,267154,97.64829,273588
4294,kaigouthro,2,0.00073,267156,97.64902,273588
4295,KaiserItachi,2,0.00073,267158,97.64975,273588
4296,kambleaa007,2,0.00073,267160,97.65048,273588
4297,kamilkloch,2,0.00073,267162,97.65121,273588
4298,kaminskypavel,2,0.00073,267164,97.65194,273588
4299,kamranayub,2,0.00073,267166,97.65267,273588
4300,kamronbatman,2,0.00073,267168,97.65341,273588
4301,kant2002,2,0.00073,267170,97.65414,273588
4302,kapace,2,0.00073,267172,97.65487,273588
4303,karlhorky,2,0.00073,267174,97.65560,273588
4304,karthikb351,2,0.00073,267176,97.65633,273588
4305,kasperlewau,2,0.00073,267178,97.65706,273588
4306,kastentx,2,0.00073,267180,97.65779,273588
4307,kaufholdr,2,0.00073,267182,97.65852,273588
4308,kaylee42,2,0.00073,267184,97.65925,273588
4309,kemitchell,2,0.00073,267186,97.65999,273588
4310,kendaleiv,2,0.00073,267188,97.66072,273588
4311,ken-guru,2,0.00073,267190,97.66145,273588
4312,kenotron,2,0.00073,267192,97.66218,273588
4313,kevdonk,2,0.00073,267194,97.66291,273588
4314,kevgathuku,2,0.00073,267196,97.66364,273588
4315,kevinkucharczyk,2,0.00073,267198,97.66437,273588
4316,kevinsimper,2,0.00073,267200,97.66510,273588
4317,kevinSuttle,2,0.00073,267202,97.66583,273588
4318,keyan,2,0.00073,267204,97.66656,273588
4319,kgajera,2,0.00073,267206,97.66730,273588
4320,KieranDotCo,2,0.00073,267208,97.66803,273588
4321,kikoanis,2,0.00073,267210,97.66876,273588
4322,kindy,2,0.00073,267212,97.66949,273588
4323,KirankumarAmbati,2,0.00073,267214,97.67022,273588
4324,kirillkh,2,0.00073,267216,97.67095,273588
4325,kirrg001,2,0.00073,267218,97.67168,273588
4326,kiyolee,2,0.00073,267220,97.67241,273588
4327,kkocel,2,0.00073,267222,97.67314,273588
4328,kkoopa,2,0.00073,267224,97.67387,273588
4329,kkopachev,2,0.00073,267226,97.67461,273588
4330,kkopanidis,2,0.00073,267228,97.67534,273588
4331,KlemenPlazar,2,0.00073,267230,97.67607,273588
4332,klimenko,2,0.00073,267232,97.67680,273588
4333,kmaida,2,0.00073,267234,97.67753,273588
4334,kmccullough,2,0.00073,267236,97.67826,273588
4335,knekritz,2,0.00073,267238,97.67899,273588
4336,kobake,2,0.00073,267240,97.67972,273588
4337,KoleMyers,2,0.00073,267242,97.68045,273588
4338,komainu8,2,0.00073,267244,97.68118,273588
4339,kopancek,2,0.00073,267246,97.68192,273588
4340,Kopyov,2,0.00073,267248,97.68265,273588
4341,kor-k,2,0.00073,267250,97.68338,273588
4342,korli,2,0.00073,267252,97.68411,273588
4343,kpaxqin,2,0.00073,267254,97.68484,273588
4344,kpping,2,0.00073,267256,97.68557,273588
4345,kpwbo,2,0.00073,267258,97.68630,273588
4346,KraigWalker,2,0.00073,267260,97.68703,273588
4347,krk,2,0.00073,267262,97.68776,273588
4348,kroky,2,0.00073,267264,97.68850,273588
4349,kruyvanna,2,0.00073,267266,97.68923,273588
4350,ktos,2,0.00073,267268,97.68996,273588
4351,kulabun,2,0.00073,267270,97.69069,273588
4352,kumarmj,2,0.00073,267272,97.69142,273588
4353,kumpera,2,0.00073,267274,97.69215,273588
4354,kuncevich,2,0.00073,267276,97.69288,273588
4355,kunukn,2,0.00073,267278,97.69361,273588
4356,Kuroky360,2,0.00073,267280,97.69434,273588
4357,kurtfurbush,2,0.00073,267282,97.69507,273588
4358,kvetis,2,0.00073,267284,97.69581,273588
4359,kwiateusz,2,0.00073,267286,97.69654,273588
4360,kwiatkk1,2,0.00073,267288,97.69727,273588
4361,kwonoj,2,0.00073,267290,97.69800,273588
4362,kwypchlo,2,0.00073,267292,97.69873,273588
4363,KyleAMathews,2,0.00073,267294,97.69946,273588
4364,kylecho,2,0.00073,267296,97.70019,273588
4365,Lacaranian,2,0.00073,267298,97.70092,273588
4366,lachlanjc,2,0.00073,267300,97.70165,273588
4367,laiso,2,0.00073,267302,97.70238,273588
4368,laispace,2,0.00073,267304,97.70312,273588
4369,lakerko,2,0.00073,267306,97.70385,273588
4370,Landmaster,2,0.00073,267308,97.70458,273588
4371,landrok,2,0.00073,267310,97.70531,273588
4372,landvibe,2,0.00073,267312,97.70604,273588
4373,larsgrefer,2,0.00073,267314,97.70677,273588
4374,larsp,2,0.00073,267316,97.70750,273588
4375,lasekio,2,0.00073,267318,97.70823,273588
4376,lasthero,2,0.00073,267320,97.70896,273588
4377,lastland,2,0.00073,267322,97.70969,273588
4378,laur89,2,0.00073,267324,97.71043,273588
4379,LaurensN,2,0.00073,267326,97.71116,273588
4380,lazywithclass,2,0.00073,267328,97.71189,273588
4381,lbalmaceda,2,0.00073,267330,97.71262,273588
4382,lborgav,2,0.00073,267332,97.71335,273588
4383,lchesson,2,0.00073,267334,97.71408,273588
4384,LeeAdcock,2,0.00073,267336,97.71481,273588
4385,leehankyeol,2,0.00073,267338,97.71554,273588
4386,LeekAnarchism,2,0.00073,267340,97.71627,273588
4387,LeffeBakedBird,2,0.00073,267342,97.71701,273588
4388,leimaohui,2,0.00073,267344,97.71774,273588
4389,lelandrichardson,2,0.00073,267346,97.71847,273588
4390,leobalter,2,0.00073,267348,97.71920,273588
4391,LeoLogeart,2,0.00073,267350,97.71993,273588
4392,leonardosouza,2,0.00073,267352,97.72066,273588
4393,lespacedunmatin,2,0.00073,267354,97.72139,273588
4394,LeSuisse,2,0.00073,267356,97.72212,273588
4395,Lette,2,0.00073,267358,97.72285,273588
4396,leventov,2,0.00073,267360,97.72358,273588
4397,levgaas,2,0.00073,267362,97.72432,273588
4398,lewisblackwood,2,0.00073,267364,97.72505,273588
4399,lght,2,0.00073,267366,97.72578,273588
4400,Liad91,2,0.00073,267368,97.72651,273588
4401,liamkeaton,2,0.00073,267370,97.72724,273588
4402,libHive,2,0.00073,267372,97.72797,273588
4403,libreninja,2,0.00073,267374,97.72870,273588
4404,libuk,2,0.00073,267376,97.72943,273588
4405,lifeiscontent,2,0.00073,267378,97.73016,273588
4406,liff,2,0.00073,267380,97.73089,273588
4407,light24bulbs,2,0.00073,267382,97.73163,273588
4408,ligurio,2,0.00073,267384,97.73236,273588
4409,lihaoyi,2,0.00073,267386,97.73309,273588
4410,linshunghuang,2,0.00073,267388,97.73382,273588
4411,lionelerard,2,0.00073,267390,97.73455,273588
4412,lislon,2,0.00073,267392,97.73528,273588
4413,listton,2,0.00073,267394,97.73601,273588
4414,liushmh,2,0.00073,267396,97.73674,273588
4415,livthomas,2,0.00073,267398,97.73747,273588
4416,lizhe2004,2,0.00073,267400,97.73820,273588
4417,llambda,2,0.00073,267402,97.73894,273588
4418,lleevvyy,2,0.00073,267404,97.73967,273588
4419,llorenspujol,2,0.00073,267406,97.74040,273588
4420,localheinz,2,0.00073,267408,97.74113,273588
4421,localstatic,2,0.00073,267410,97.74186,273588
4422,loganripplinger,2,0.00073,267412,97.74259,273588
4423,loicgasser,2,0.00073,267414,97.74332,273588
4424,lokson,2,0.00073,267416,97.74405,273588
4425,lolyonok,2,0.00073,267418,97.74478,273588
4426,lopesc,2,0.00073,267420,97.74552,273588
4427,lostintangent,2,0.00073,267422,97.74625,273588
4428,lotyrin,2,0.00073,267424,97.74698,273588
4429,louischatriot,2,0.00073,267426,97.74771,273588
4430,lovell,2,0.00073,267428,97.74844,273588
4431,lox,2,0.00073,267430,97.74917,273588
4432,lpinca,2,0.00073,267432,97.74990,273588
4433,LPTK,2,0.00073,267434,97.75063,273588
4434,lscspirit,2,0.00073,267436,97.75136,273588
4435,lsharir,2,0.00073,267438,97.75209,273588
4436,lucastetreault,2,0.00073,267440,97.75283,273588
4437,luciomartinez,2,0.00073,267442,97.75356,273588
4438,luftywiranda13,2,0.00073,267444,97.75429,273588
4439,luigiberrettini,2,0.00073,267446,97.75502,273588
4440,luka454,2,0.00073,267448,97.75575,273588
4441,lukasmatta,2,0.00073,267450,97.75648,273588
4442,lukasolson,2,0.00073,267452,97.75721,273588
4443,lukeb,2,0.00073,267454,97.75794,273588
4444,lukebelliveau,2,0.00073,267456,97.75867,273588
4445,lukeb-uk,2,0.00073,267458,97.75940,273588
4446,lukefrake,2,0.00073,267460,97.76014,273588
4447,lukehorvat,2,0.00073,267462,97.76087,273588
4448,lukewaite,2,0.00073,267464,97.76160,273588
4449,lukewestby,2,0.00073,267466,97.76233,273588
4450,lutzhorn,2,0.00073,267468,97.76306,273588
4451,lvn,2,0.00073,267470,97.76379,273588
4452,Lxiamail,2,0.00073,267472,97.76452,273588
4453,lyngaas,2,0.00073,267474,97.76525,273588
4454,lziest,2,0.00073,267476,97.76598,273588
4455,m0uneer,2,0.00073,267478,97.76671,273588
4456,m18,2,0.00073,267480,97.76745,273588
4457,m90,2,0.00073,267482,97.76818,273588
4458,MaadMax,2,0.00073,267484,97.76891,273588
4459,MaceWindu,2,0.00073,267486,97.76964,273588
4460,MacroChip,2,0.00073,267488,97.77037,273588
4461,madcampos,2,0.00073,267490,97.77110,273588
4462,madetara,2,0.00073,267492,97.77183,273588
4463,magnificode,2,0.00073,267494,97.77256,273588
4464,magnolia-k,2,0.00073,267496,97.77329,273588
4465,mahalde,2,0.00073,267498,97.77403,273588
4466,maleetz,2,0.00073,267500,97.77476,273588
4467,malgosiastp,2,0.00073,267502,97.77549,273588
4468,Manduro,2,0.00073,267504,97.77622,273588
4469,manimis902,2,0.00073,267506,97.77695,273588
4470,ManishPatidar1,2,0.00073,267508,97.77768,273588
4471,manonthemat,2,0.00073,267510,97.77841,273588
4472,MansourFall,2,0.00073,267512,97.77914,273588
4473,mantasaudickas,2,0.00073,267514,97.77987,273588
4474,manuelschneider,2,0.00073,267516,97.78060,273588
4475,marcelosdm,2,0.00073,267518,97.78134,273588
4476,marcin-mazurek,2,0.00073,267520,97.78207,273588
4477,marciopuga,2,0.00073,267522,97.78280,273588
4478,marcolino,2,0.00073,267524,97.78353,273588
4479,marcospassos,2,0.00073,267526,97.78426,273588
4480,mareklinka,2,0.00073,267528,97.78499,273588
4481,marionebl,2,0.00073,267530,97.78572,273588
4482,mariosouto,2,0.00073,267532,97.78645,273588
4483,mariotacke,2,0.00073,267534,97.78718,273588
4484,mariusschulz,2,0.00073,267536,97.78791,273588
4485,markgardner,2,0.00073,267538,97.78865,273588
4486,MarkHerhold,2,0.00073,267540,97.78938,273588
4487,MarkMurphy,2,0.00073,267542,97.79011,273588
4488,MarkPieszak,2,0.00073,267544,97.79084,273588
4489,MarkusSintonen,2,0.00073,267546,97.79157,273588
4490,marschall,2,0.00073,267548,97.79230,273588
4491,MarshallOfSound,2,0.00073,267550,97.79303,273588
4492,marta-krzyk-dev,2,0.00073,267552,97.79376,273588
4493,martingbrown,2,0.00073,267554,97.79449,273588
4494,MartinMa,2,0.00073,267556,97.79522,273588
4495,martinmcwhorter,2,0.00073,267558,97.79596,273588
4496,martinscholz83,2,0.00073,267560,97.79669,273588
4497,mashhoodr,2,0.00073,267562,97.79742,273588
4498,MasseGuillaume,2,0.00073,267564,97.79815,273588
4499,massic80,2,0.00073,267566,97.79888,273588
4500,mastermatt,2,0.00073,267568,97.79961,273588
4501,matanlurey,2,0.00073,267570,97.80034,273588
4502,mathuin,2,0.00073,267572,97.80107,273588
4503,matiaslarsson,2,0.00073,267574,97.80180,273588
4504,matt40k,2,0.00073,267576,97.80254,273588
4505,mattbdean,2,0.00073,267578,97.80327,273588
4506,matteofigus,2,0.00073,267580,97.80400,273588
4507,matthewdordal,2,0.00073,267582,97.80473,273588
4508,MatthewRayfield,2,0.00073,267584,97.80546,273588
4509,MatthewShotton,2,0.00073,267586,97.80619,273588
4510,MatthiasKunnen,2,0.00073,267588,97.80692,273588
4511,mattjanssen,2,0.00073,267590,97.80765,273588
4512,mattpolzin,2,0.00073,267592,97.80838,273588
4513,mattwarren,2,0.00073,267594,97.80911,273588
4514,maxbarnas,2,0.00073,267596,97.80985,273588
4515,maxschmeling,2,0.00073,267598,97.81058,273588
4516,maxwt,2,0.00073,267600,97.81131,273588
4517,mayani,2,0.00073,267602,97.81204,273588
4518,mbrookes,2,0.00073,267604,97.81277,273588
4519,mcculls,2,0.00073,267606,97.81350,273588
4520,mcdado,2,0.00073,267608,97.81423,273588
4521,mchapman,2,0.00073,267610,97.81496,273588
4522,mchv,2,0.00073,267612,97.81569,273588
4523,mcpDESIGNS,2,0.00073,267614,97.81642,273588
4524,mdarveau,2,0.00073,267616,97.81716,273588
4525,mdlavin,2,0.00073,267618,97.81789,273588
4526,meDavid,2,0.00073,267620,97.81862,273588
4527,medikoo,2,0.00073,267622,97.81935,273588
4528,megastef,2,0.00073,267624,97.82008,273588
4529,Meir017,2,0.00073,267626,97.82081,273588
4530,meirotstein,2,0.00073,267628,97.82154,273588
4531,melbourne2991,2,0.00073,267630,97.82227,273588
4532,meliaxford,2,0.00073,267632,97.82300,273588
4533,mercutiodesign,2,0.00073,267634,97.82373,273588
4534,mertdeg2,2,0.00073,267636,97.82447,273588
4535,meziantou,2,0.00073,267638,97.82520,273588
4536,mfijas,2,0.00073,267640,97.82593,273588
4537,mfitz3,2,0.00073,267642,97.82666,273588
4538,mgalgs,2,0.00073,267644,97.82739,273588
4539,mgenereu,2,0.00073,267646,97.82812,273588
4540,mgenware,2,0.00073,267648,97.82885,273588
4541,mgolovatiy-atconsulting-ru,2,0.00073,267650,97.82958,273588
4542,mgravell,2,0.00073,267652,97.83031,273588
4543,mguidotto,2,0.00073,267654,97.83105,273588
4544,mguinness,2,0.00073,267656,97.83178,273588
4545,mhadam,2,0.00073,267658,97.83251,273588
4546,mhbseal,2,0.00073,267660,97.83324,273588
4547,mheiber,2,0.00073,267662,97.83397,273588
4548,mhibino,2,0.00073,267664,97.83470,273588
4549,mhujer,2,0.00073,267666,97.83543,273588
4550,micellius,2,0.00073,267668,97.83616,273588
4551,michaelaird,2,0.00073,267670,97.83689,273588
4552,michaelb958,2,0.00073,267672,97.83762,273588
4553,michaelbazos,2,0.00073,267674,97.83836,273588
4554,MichaelDeBoey,2,0.00073,267676,97.83909,273588
4555,michaelgmcd,2,0.00073,267678,97.83982,273588
4556,MichaelJGW,2,0.00073,267680,97.84055,273588
4557,michael-k,2,0.00073,267682,97.84128,273588
4558,MicheleBertoli,2,0.00073,267684,97.84201,273588
4559,miguelc1221,2,0.00073,267686,97.84274,273588
4560,MiguelMadero,2,0.00073,267688,97.84347,273588
4561,miguelmota,2,0.00073,267690,97.84420,273588
4562,mihbor,2,0.00073,267692,97.84493,273588
4563,mikaelstaldal,2,0.00073,267694,97.84567,273588
4564,mikejacobson,2,0.00073,267696,97.84640,273588
4565,mikeldpl,2,0.00073,267698,97.84713,273588
4566,MikeRalphson,2,0.00073,267700,97.84786,273588
4567,mikernet,2,0.00073,267702,97.84859,273588
4568,MikeyBeLike,2,0.00073,267704,97.84932,273588
4569,milesj,2,0.00073,267706,97.85005,273588
4570,miloszkukla,2,0.00073,267708,97.85078,273588
4571,Minilfat,2,0.00073,267710,97.85151,273588
4572,miquelruiz,2,0.00073,267712,97.85224,273588
4573,miraage,2,0.00073,267714,97.85298,273588
4574,Mischi,2,0.00073,267716,97.85371,273588
4575,mixed,2,0.00073,267718,97.85444,273588
4576,Mixpa,2,0.00073,267720,97.85517,273588
4577,mjp41,2,0.00073,267722,97.85590,273588
4578,mjrousos,2,0.00073,267724,97.85663,273588
4579,mjschranz,2,0.00073,267726,97.85736,273588
4580,mjwwit,2,0.00073,267728,97.85809,273588
4581,mkalish,2,0.00073,267730,97.85882,273588
4582,mkasperski,2,0.00073,267732,97.85956,273588
4583,mkbehr,2,0.00073,267734,97.86029,273588
4584,mkordas,2,0.00073,267736,97.86102,273588
4585,mk-pmb,2,0.00073,267738,97.86175,273588
4586,MLoughry,2,0.00073,267740,97.86248,273588
4587,mlrv,2,0.00073,267742,97.86321,273588
4588,mlwilkerson,2,0.00073,267744,97.86394,273588
4589,mmiszy,2,0.00073,267746,97.86467,273588
4590,mmiyashita,2,0.00073,267748,97.86540,273588
4591,moacirosa,2,0.00073,267750,97.86613,273588
4592,MoFtZ,2,0.00073,267752,97.86687,273588
4593,mondwan,2,0.00073,267754,97.86760,273588
4594,monosoul,2,0.00073,267756,97.86833,273588
4595,Moorzee,2,0.00073,267758,97.86906,273588
4596,moretti,2,0.00073,267760,97.86979,273588
4597,morgoth,2,0.00073,267762,97.87052,273588
4598,morgsmccauley,2,0.00073,267764,97.87125,273588
4599,moshen,2,0.00073,267766,97.87198,273588
4600,Mottie,2,0.00073,267768,97.87271,273588
4601,mourahi,2,0.00073,267770,97.87344,273588
4602,mperrando,2,0.00073,267772,97.87418,273588
4603,mpiotrowicz,2,0.00073,267774,97.87491,273588
4604,mplonka,2,0.00073,267776,97.87564,273588
4605,mpollmeier,2,0.00073,267778,97.87637,273588
4606,MrJean,2,0.00073,267780,97.87710,273588
4607,mrmlnc,2,0.00073,267782,97.87783,273588
4608,MrRexZ,2,0.00073,267784,97.87856,273588
4609,mseemann,2,0.00073,267786,97.87929,273588
4610,MSK61,2,0.00073,267788,97.88002,273588
4611,msosa,2,0.00073,267790,97.88076,273588
4612,ms-tg,2,0.00073,267792,97.88149,273588
4613,mszabo-wikia,2,0.00073,267794,97.88222,273588
4614,mtharrison,2,0.00073,267796,97.88295,273588
4615,mtrdp642,2,0.00073,267798,97.88368,273588
4616,mtrojnar,2,0.00073,267800,97.88441,273588
4617,mtsmfm,2,0.00073,267802,97.88514,273588
4618,mukrop,2,0.00073,267804,97.88587,273588
4619,mukulhase,2,0.00073,267806,97.88660,273588
4620,murashki,2,0.00073,267808,97.88733,273588
4621,murbar,2,0.00073,267810,97.88807,273588
4622,murtazahaveliwala,2,0.00073,267812,97.88880,273588
4623,musclor,2,0.00073,267814,97.88953,273588
4624,musou1500,2,0.00073,267816,97.89026,273588
4625,mustela,2,0.00073,267818,97.89099,273588
4626,mweibel,2,0.00073,267820,97.89172,273588
4627,mykolaharmash,2,0.00073,267822,97.89245,273588
4628,mzabriskie,2,0.00073,267824,97.89318,273588
4629,mzdunek93,2,0.00073,267826,97.89391,273588
4630,mzdv,2,0.00073,267828,97.89464,273588
4631,mzitnik,2,0.00073,267830,97.89538,273588
4632,mzuehlke,2,0.00073,267832,97.89611,273588
4633,n3tr,2,0.00073,267834,97.89684,273588
4634,n8schloss,2,0.00073,267836,97.89757,273588
4635,naartjie,2,0.00073,267838,97.89830,273588
4636,nachtwandler,2,0.00073,267840,97.89903,273588
4637,Nadia--,2,0.00073,267842,97.89976,273588
4638,naferx,2,0.00073,267844,97.90049,273588
4639,nafg,2,0.00073,267846,97.90122,273588
4640,nahuel,2,0.00073,267848,97.90195,273588
4641,NameFILIP,2,0.00073,267850,97.90269,273588
4642,namhong2001,2,0.00073,267852,97.90342,273588
4643,nanomosfet,2,0.00073,267854,97.90415,273588
4644,Naragato,2,0.00073,267856,97.90488,273588
4645,nasitra,2,0.00073,267858,97.90561,273588
4646,nasserghiasi,2,0.00073,267860,97.90634,273588
4647,NateEag,2,0.00073,267862,97.90707,273588
4648,NatMack,2,0.00073,267864,97.90780,273588
4649,navaati,2,0.00073,267866,97.90853,273588
4650,NaveenShivanna86,2,0.00073,267868,97.90927,273588
4651,nazar-pc,2,0.00073,267870,97.91000,273588
4652,nbali,2,0.00073,267872,97.91073,273588
4653,nblka,2,0.00073,267874,97.91146,273588
4654,necinc,2,0.00073,267876,97.91219,273588
4655,nedbat,2,0.00073,267878,97.91292,273588
4656,NekR,2,0.00073,267880,97.91365,273588
4657,nename0,2,0.00073,267882,97.91438,273588
4658,Nepomuceno,2,0.00073,267884,97.91511,273588
4659,nerai,2,0.00073,267886,97.91584,273588
4660,nextgenthemes,2,0.00073,267888,97.91658,273588
4661,nfriend,2,0.00073,267890,97.91731,273588
4662,ngg,2,0.00073,267892,97.91804,273588
4663,ngoyal,2,0.00073,267894,97.91877,273588
4664,NGPixel,2,0.00073,267896,97.91950,273588
4665,ngrieble,2,0.00073,267898,97.92023,273588
4666,nhardy,2,0.00073,267900,97.92096,273588
4667,nhodges,2,0.00073,267902,97.92169,273588
4668,nickclaw,2,0.00073,267904,97.92242,273588
4669,NickHeiner,2,0.00073,267906,97.92315,273588
4670,nickmerwin,2,0.00073,267908,97.92389,273588
4671,Nico385412,2,0.00073,267910,97.92462,273588
4672,nicolasmccurdy,2,0.00073,267912,97.92535,273588
4673,NicoLB,2,0.00073,267914,97.92608,273588
4674,nielsbom,2,0.00073,267916,97.92681,273588
4675,niftylettuce,2,0.00073,267918,97.92754,273588
4676,nihgwu,2,0.00073,267920,97.92827,273588
4677,NikaBuligini,2,0.00073,267922,97.92900,273588
4678,nikoudel,2,0.00073,267924,97.92973,273588
4679,niksudan,2,0.00073,267926,97.93046,273588
4680,Nilegfx,2,0.00073,267928,97.93120,273588
4681,nimaa77,2,0.00073,267930,97.93193,273588
4682,nimrod-becker,2,0.00073,267932,97.93266,273588
4683,ninesalt,2,0.00073,267934,97.93339,273588
4684,niustephanie,2,0.00073,267936,97.93412,273588
4685,nju33,2,0.00073,267938,97.93485,273588
4686,nkbt,2,0.00073,267940,97.93558,273588
4687,nmalaguti,2,0.00073,267942,97.93631,273588
4688,noahadams,2,0.00073,267944,97.93704,273588
4689,nolanlawson,2,0.00073,267946,97.93778,273588
4690,Nonemoticoner,2,0.00073,267948,97.93851,273588
4691,nono,2,0.00073,267950,97.93924,273588
4692,northtyphoon,2,0.00073,267952,97.93997,273588
4693,nowke,2,0.00073,267954,97.94070,273588
4694,noynir,2,0.00073,267956,97.94143,273588
4695,npmccallum,2,0.00073,267958,97.94216,273588
4696,nstdio,2,0.00073,267960,97.94289,273588
4697,NTag,2,0.00073,267962,97.94362,273588
4698,ntkme,2,0.00073,267964,97.94435,273588
4699,ntotten,2,0.00073,267966,97.94509,273588
4700,NubCoda,2,0.00073,267968,97.94582,273588
4701,nuc,2,0.00073,267970,97.94655,273588
4702,null511,2,0.00073,267972,97.94728,273588
4703,nutboltu,2,0.00073,267974,97.94801,273588
4704,obligaron,2,0.00073,267976,97.94874,273588
4705,ObsidianMinor,2,0.00073,267978,97.94947,273588
4706,ochameau,2,0.00073,267980,97.95020,273588
4707,ochanje210,2,0.00073,267982,97.95093,273588
4708,oculus42,2,0.00073,267984,97.95166,273588
4709,oddui,2,0.00073,267986,97.95240,273588
4710,ogom,2,0.00073,267988,97.95313,273588
4711,oiva,2,0.00073,267990,97.95386,273588
4712,ojab,2,0.00073,267992,97.95459,273588
4713,okkez,2,0.00073,267994,97.95532,273588
4714,okmr-d,2,0.00073,267996,97.95605,273588
4715,olafurpg,2,0.00073,267998,97.95678,273588
4716,older,2,0.00073,268000,97.95751,273588
4717,olegdunkan,2,0.00073,268002,97.95824,273588
4718,oleggolovkovuss,2,0.00073,268004,97.95897,273588
4719,olegsu,2,0.00073,268006,97.95971,273588
4720,OlenDavis,2,0.00073,268008,97.96044,273588
4721,OliverJAsh,2,0.00073,268010,97.96117,273588
4722,olivierkaisin,2,0.00073,268012,97.96190,273588
4723,olof,2,0.00073,268014,97.96263,273588
4724,olsonpm,2,0.00073,268016,97.96336,273588
4725,Om4ar,2,0.00073,268018,97.96409,273588
4726,OMantere,2,0.00073,268020,97.96482,273588
4727,omidfi,2,0.00073,268022,97.96555,273588
4728,Omniroot,2,0.00073,268024,97.96629,273588
4729,oncletom,2,0.00073,268026,97.96702,273588
4730,onokumus,2,0.00073,268028,97.96775,273588
4731,ooflorent,2,0.00073,268030,97.96848,273588
4732,opencrypto,2,0.00073,268032,97.96921,273588
4733,opensslonzos-github,2,0.00073,268034,97.96994,273588
4734,optician,2,0.00073,268036,97.97067,273588
4735,orgads,2,0.00073,268038,97.97140,273588
4736,orif-jr,2,0.00073,268040,97.97213,273588
4737,OriR,2,0.00073,268042,97.97286,273588
4738,ortexx,2,0.00073,268044,97.97360,273588
4739,oscar-b,2,0.00073,268046,97.97433,273588
4740,oscar-stripe,2,0.00073,268048,97.97506,273588
4741,osher,2,0.00073,268050,97.97579,273588
4742,osiegmar,2,0.00073,268052,97.97652,273588
4743,oskardudycz,2,0.00073,268054,97.97725,273588
4744,otodockal,2,0.00073,268056,97.97798,273588
4745,ounziw,2,0.00073,268058,97.97871,273588
4746,ovangle,2,0.00073,268060,97.97944,273588
4747,OzieGamma,2,0.00073,268062,97.98017,273588
4748,OzzieOrca,2,0.00073,268064,97.98091,273588
4749,p0v1n0m,2,0.00073,268066,97.98164,273588
4750,Pablo-Ivan,2,0.00073,268068,97.98237,273588
4751,pablonete,2,0.00073,268070,97.98310,273588
4752,paladox,2,0.00073,268072,97.98383,273588
4753,pallxk,2,0.00073,268074,97.98456,273588
4754,panacekcz,2,0.00073,268076,97.98529,273588
4755,paniko0,2,0.00073,268078,97.98602,273588
4756,papandreou,2,0.00073,268080,97.98675,273588
4757,parambirs,2,0.00073,268082,97.98748,273588
4758,pards,2,0.00073,268084,97.98822,273588
4759,pas2al,2,0.00073,268086,97.98895,273588
4760,pascalzwick,2,0.00073,268088,97.98968,273588
4761,pass86,2,0.00073,268090,97.99041,273588
4762,PathogenDavid,2,0.00073,268092,97.99114,273588
4763,patocallaghan,2,0.00073,268094,97.99187,273588
4764,patyatka,2,0.00073,268096,97.99260,273588
4765,paulcpederson,2,0.00073,268098,97.99333,273588
4766,paulferaud,2,0.00073,268100,97.99406,273588
4767,paulhroth,2,0.00073,268102,97.99480,273588
4768,pavlin99th,2,0.00073,268104,97.99553,273588
4769,pbi-qfs,2,0.00073,268106,97.99626,273588
4770,pcalin,2,0.00073,268108,97.99699,273588
4771,pcameron-,2,0.00073,268110,97.99772,273588
4772,pdxJayhawk,2,0.00073,268112,97.99845,273588
4773,pedrotst,2,0.00073,268114,97.99918,273588
4774,pereorga,2,0.00073,268116,97.99991,273588
4775,persandstrom,2,0.00073,268118,98.00064,273588
4776,peterbudai,2,0.00073,268120,98.00137,273588
4777,petercm,2,0.00073,268122,98.00211,273588
4778,peterjurkovic,2,0.00073,268124,98.00284,273588
4779,PeterMortensen,2,0.00073,268126,98.00357,273588
4780,peter-mouland,2,0.00073,268128,98.00430,273588
4781,petermz,2,0.00073,268130,98.00503,273588
4782,peterpeterparker,2,0.00073,268132,98.00576,273588
4783,peterpoe,2,0.00073,268134,98.00649,273588
4784,peteward44,2,0.00073,268136,98.00722,273588
4785,pevik,2,0.00073,268138,98.00795,273588
4786,pgarrison,2,0.00073,268140,98.00868,273588
4787,phadej,2,0.00073,268142,98.00942,273588
4788,pharkare,2,0.00073,268144,98.01015,273588
4789,pheyvaer,2,0.00073,268146,98.01088,273588
4790,phillipalexander,2,0.00073,268148,98.01161,273588
4791,PierreFritsch,2,0.00073,268150,98.01234,273588
4792,piloopin,2,0.00073,268152,98.01307,273588
4793,PiotrSikora,2,0.00073,268154,98.01380,273588
4794,pirelenito,2,0.00073,268156,98.01453,273588
4795,piscolomo,2,0.00073,268158,98.01526,273588
4796,pithu,2,0.00073,268160,98.01599,273588
4797,PixnBits,2,0.00073,268162,98.01673,273588
4798,pjfanning,2,0.00073,268164,98.01746,273588
4799,Plortinus,2,0.00073,268166,98.01819,273588
4800,pmarks-net,2,0.00073,268168,98.01892,273588
4801,pmcelhaney,2,0.00073,268170,98.01965,273588
4802,pmq20,2,0.00073,268172,98.02038,273588
4803,poizan42,2,0.00073,268174,98.02111,273588
4804,polsys,2,0.00073,268176,98.02184,273588
4805,Polvista,2,0.00073,268178,98.02257,273588
4806,pon,2,0.00073,268180,98.02331,273588
4807,pontusab,2,0.00073,268182,98.02404,273588
4808,portgasd666,2,0.00073,268184,98.02477,273588
4809,Pothulapati,2,0.00073,268186,98.02550,273588
4810,PoziWorld,2,0.00073,268188,98.02623,273588
4811,prashantpawar,2,0.00073,268190,98.02696,273588
4812,prathamesh-sonpatki,2,0.00073,268192,98.02769,273588
4813,preaction,2,0.00073,268194,98.02842,273588
4814,pschlan,2,0.00073,268196,98.02915,273588
4815,pselden,2,0.00073,268198,98.02988,273588
4816,Psidium,2,0.00073,268200,98.03062,273588
4817,psysp,2,0.00073,268202,98.03135,273588
4818,ptemplier,2,0.00073,268204,98.03208,273588
4819,Ptival,2,0.00073,268206,98.03281,273588
4820,ptoonen,2,0.00073,268208,98.03354,273588
4821,ptrcarta,2,0.00073,268210,98.03427,273588
4822,puffnfresh,2,0.00073,268212,98.03500,273588
4823,punkish,2,0.00073,268214,98.03573,273588
4824,Purus,2,0.00073,268216,98.03646,273588
4825,pvorona,2,0.00073,268218,98.03719,273588
4826,qbzzt,2,0.00073,268220,98.03793,273588
4827,qm3ster,2,0.00073,268222,98.03866,273588
4828,quanah,2,0.00073,268224,98.03939,273588
4829,qub1t,2,0.00073,268226,98.04012,273588
4830,Quintinity,2,0.00073,268228,98.04085,273588
4831,qunying,2,0.00073,268230,98.04158,273588
4832,quocvu,2,0.00073,268232,98.04231,273588
4833,Radi123,2,0.00073,268234,98.04304,273588
4834,RahulNagekar,2,0.00073,268236,98.04377,273588
4835,rajendraarora16,2,0.00073,268238,98.04450,273588
4836,Rajivts,2,0.00073,268240,98.04524,273588
4837,RalfKoban,2,0.00073,268242,98.04597,273588
4838,randing89,2,0.00073,268244,98.04670,273588
4839,RashmicaG,2,0.00073,268246,98.04743,273588
4840,Rastopyr,2,0.00073,268248,98.04816,273588
4841,rationull,2,0.00073,268250,98.04889,273588
4842,ravefalcon92,2,0.00073,268252,98.04962,273588
4843,raybooysen,2,0.00073,268254,98.05035,273588
4844,raydog,2,0.00073,268256,98.05108,273588
4845,raygervais,2,0.00073,268258,98.05182,273588
4846,rbdrenn,2,0.00073,268260,98.05255,273588
4847,rbrtmrtn,2,0.00073,268262,98.05328,273588
4848,rcartwright,2,0.00073,268264,98.05401,273588
4849,rdrgmnzs,2,0.00073,268266,98.05474,273588
4850,reaction1989,2,0.00073,268268,98.05547,273588
4851,realdubb,2,0.00073,268270,98.05620,273588
4852,RebootJeff,2,0.00073,268272,98.05693,273588
4853,reda-alaoui,2,0.00073,268274,98.05766,273588
4854,redcom,2,0.00073,268276,98.05839,273588
4855,Redsandro,2,0.00073,268278,98.05913,273588
4856,rek,2,0.00073,268280,98.05986,273588
4857,reneras,2,0.00073,268282,98.06059,273588
4858,reniowood,2,0.00073,268284,98.06132,273588
4859,resalisbury,2,0.00073,268286,98.06205,273588
4860,Retropotenza,2,0.00073,268288,98.06278,273588
4861,rf,2,0.00073,268290,98.06351,273588
4862,RFenolio,2,0.00073,268292,98.06424,273588
4863,rfkm,2,0.00073,268294,98.06497,273588
4864,rgansevles,2,0.00073,268296,98.06570,273588
4865,rgbkrk,2,0.00073,268298,98.06644,273588
4866,RGelman,2,0.00073,268300,98.06717,273588
4867,rgrove,2,0.00073,268302,98.06790,273588
4868,RheaAyase,2,0.00073,268304,98.06863,273588
4869,rhys-vdw,2,0.00073,268306,98.06936,273588
4870,RichardBradley,2,0.00073,268308,98.07009,273588
4871,Rich-Harris,2,0.00073,268310,98.07082,273588
4872,richmoore,2,0.00073,268312,98.07155,273588
4873,ringw,2,0.00073,268314,98.07228,273588
4874,risseraka,2,0.00073,268316,98.07301,273588
4875,riuri,2,0.00073,268318,98.07375,273588
4876,rivenhk,2,0.00073,268320,98.07448,273588
4877,rizoom,2,0.00073,268322,98.07521,273588
4878,rjatkinson2,2,0.00073,268324,98.07594,273588
4879,rjenks,2,0.00073,268326,98.07667,273588
4880,rmhartog,2,0.00073,268328,98.07740,273588
4881,rmhasan,2,0.00073,268330,98.07813,273588
4882,rmm5t,2,0.00073,268332,98.07886,273588
4883,rnglnd,2,0.00073,268334,98.07959,273588
4884,robertbrignull,2,0.00073,268336,98.08033,273588
4885,robin850,2,0.00073,268338,98.08106,273588
4886,robinwassen,2,0.00073,268340,98.08179,273588
4887,robinweser,2,0.00073,268342,98.08252,273588
4888,robisim74,2,0.00073,268344,98.08325,273588
4889,RobJacobs,2,0.00073,268346,98.08398,273588
4890,RobSiklos,2,0.00073,268348,98.08471,273588
4891,Rob--W,2,0.00073,268350,98.08544,273588
4892,robwierzbowski,2,0.00073,268352,98.08617,273588
4893,RodneyEbanks,2,0.00073,268354,98.08690,273588
4894,rodocite,2,0.00073,268356,98.08764,273588
4895,Rohitkrops,2,0.00073,268358,98.08837,273588
4896,RolandR,2,0.00073,268360,98.08910,273588
4897,Romasz,2,0.00073,268362,98.08983,273588
4898,romkor,2,0.00073,268364,98.09056,273588
4899,ronnyroeller,2,0.00073,268366,98.09129,273588
4900,ronperris,2,0.00073,268368,98.09202,273588
4901,roooodcastro,2,0.00073,268370,98.09275,273588
4902,RoopeHakulinen,2,0.00073,268372,98.09348,273588
4903,rootulp,2,0.00073,268374,98.09421,273588
4904,Rowno,2,0.00073,268376,98.09495,273588
4905,roydukkey,2,0.00073,268378,98.09568,273588
4906,royopa,2,0.00073,268380,98.09641,273588
4907,royra,2,0.00073,268382,98.09714,273588
4908,RpprRoger,2,0.00073,268384,98.09787,273588
4909,rqrqrqrq,2,0.00073,268386,98.09860,273588
4910,rrrene,2,0.00073,268388,98.09933,273588
4911,rspier,2,0.00073,268390,98.10006,273588
4912,rudolfolah,2,0.00073,268392,98.10079,273588
4913,rusmaxim,2,0.00073,268394,98.10152,273588
4914,Rvanlaak,2,0.00073,268396,98.10226,273588
4915,rwoodnz,2,0.00073,268398,98.10299,273588
4916,rwuebker,2,0.00073,268400,98.10372,273588
4917,ryan1st,2,0.00073,268402,98.10445,273588
4918,RyanDale,2,0.00073,268404,98.10518,273588
4919,ryanhendry,2,0.00073,268406,98.10591,273588
4920,ryanhughes,2,0.00073,268408,98.10664,273588
4921,ryanmeador,2,0.00073,268410,98.10737,273588
4922,s1monw,2,0.00073,268412,98.10810,273588
4923,S2-,2,0.00073,268414,98.10884,273588
4924,SadPandaBear,2,0.00073,268416,98.10957,273588
4925,sagirk,2,0.00073,268418,98.11030,273588
4926,sahutd,2,0.00073,268420,98.11103,273588
4927,saiichihashimoto,2,0.00073,268422,98.11176,273588
4928,sairion,2,0.00073,268424,98.11249,273588
4929,Sakarisson,2,0.00073,268426,98.11322,273588
4930,salier,2,0.00073,268428,98.11395,273588
4931,Salil999,2,0.00073,268430,98.11468,273588
4932,samal84,2,0.00073,268432,98.11541,273588
4933,samccone,2,0.00073,268434,98.11615,273588
4934,SamCortopassi,2,0.00073,268436,98.11688,273588
4935,samsch,2,0.00073,268438,98.11761,273588
4936,samuelcole,2,0.00073,268440,98.11834,273588
4937,samuelfullerthomas,2,0.00073,268442,98.11907,273588
4938,samwgoldman,2,0.00073,268444,98.11980,273588
4939,sandervn,2,0.00073,268446,98.12053,273588
4940,sankargorthi,2,0.00073,268448,98.12126,273588
4941,santigimeno,2,0.00073,268450,98.12199,273588
4942,saoirse-zee,2,0.00073,268452,98.12272,273588
4943,Sapphire64,2,0.00073,268454,98.12346,273588
4944,sarkiroka,2,0.00073,268456,98.12419,273588
4945,sarod,2,0.00073,268458,98.12492,273588
4946,sassanh,2,0.00073,268460,98.12565,273588
4947,sava-smith,2,0.00073,268462,98.12638,273588
4948,saxicek,2,0.00073,268464,98.12711,273588
4949,sboptimal,2,0.00073,268466,98.12784,273588
4950,scampi,2,0.00073,268468,98.12857,273588
4951,sceendy,2,0.00073,268470,98.12930,273588
4952,schempy,2,0.00073,268472,98.13003,273588
4953,schwabe,2,0.00073,268474,98.13077,273588
4954,schwigri,2,0.00073,268476,98.13150,273588
4955,scottarver,2,0.00073,268478,98.13223,273588
4956,Scottkao85,2,0.00073,268480,98.13296,273588
4957,sdbedi,2,0.00073,268482,98.13369,273588
4958,seanbright,2,0.00073,268484,98.13442,273588
4959,SeanHenderson,2,0.00073,268486,98.13515,273588
4960,seanshpark,2,0.00073,268488,98.13588,273588
4961,seaster,2,0.00073,268490,98.13661,273588
4962,SebastianC,2,0.00073,268492,98.13735,273588
4963,sebmck,2,0.00073,268494,98.13808,273588
4964,Sebring,2,0.00073,268496,98.13881,273588
4965,Seddryck,2,0.00073,268498,98.13954,273588
4966,seferov,2,0.00073,268500,98.14027,273588
4967,sereysethy,2,0.00073,268502,98.14100,273588
4968,Serginho,2,0.00073,268504,98.14173,273588
4969,sericaia,2,0.00073,268506,98.14246,273588
4970,seteen,2,0.00073,268508,98.14319,273588
4971,sethbattin,2,0.00073,268510,98.14392,273588
4972,sfinktah,2,0.00073,268512,98.14466,273588
4973,sgbrown,2,0.00073,268514,98.14539,273588
4974,ShahramMebashar,2,0.00073,268516,98.14612,273588
4975,SHAHRUKH-KHAN,2,0.00073,268518,98.14685,273588
4976,ShaneDelmore,2,0.00073,268520,98.14758,273588
4977,sharathgeorgem,2,0.00073,268522,98.14831,273588
4978,ShaviPathania,2,0.00073,268524,98.14904,273588
4979,shicks,2,0.00073,268526,98.14977,273588
4980,shinok01,2,0.00073,268528,98.15050,273588
4981,Shivam-Vyas,2,0.00073,268530,98.15123,273588
4982,shivijais,2,0.00073,268532,98.15197,273588
4983,shkrobova,2,0.00073,268534,98.15270,273588
4984,shubheksha,2,0.00073,268536,98.15343,273588
4985,sibartlett,2,0.00073,268538,98.15416,273588
4986,sibelius,2,0.00073,268540,98.15489,273588
4987,SidRoberts,2,0.00073,268542,98.15562,273588
4988,SiegfriedEhret,2,0.00073,268544,98.15635,273588
4989,sihaelov,2,0.00073,268546,98.15708,273588
4990,Siilwyn,2,0.00073,268548,98.15781,273588
4991,silasb,2,0.00073,268550,98.15854,273588
4992,silverwind,2,0.00073,268552,98.15928,273588
4993,simlu,2,0.00073,268554,98.16001,273588
4994,simonpai,2,0.00073,268556,98.16074,273588
4995,Sirivasv,2,0.00073,268558,98.16147,273588
4996,sjanuary,2,0.00073,268560,98.16220,273588
4997,sjy,2,0.00073,268562,98.16293,273588
4998,skratchdot,2,0.00073,268564,98.16366,273588
4999,skyupward,2,0.00073,268566,98.16439,273588
5000,slavede,2,0.00073,268568,98.16512,273588
5001,SlexAxton,2,0.00073,268570,98.16586,273588
5002,sliftist,2,0.00073,268572,98.16659,273588
5003,slobo-showbie,2,0.00073,268574,98.16732,273588
5004,Slumber86,2,0.00073,268576,98.16805,273588
5005,smaniotto,2,0.00073,268578,98.16878,273588
5006,smashercosmo,2,0.00073,268580,98.16951,273588
5007,smbape,2,0.00073,268582,98.17024,273588
5008,smwentum,2,0.00073,268584,98.17097,273588
5009,snakajima,2,0.00073,268586,98.17170,273588
5010,snakefoot,2,0.00073,268588,98.17243,273588
5011,SneakyFish5,2,0.00073,268590,98.17317,273588
5012,snow01,2,0.00073,268592,98.17390,273588
5013,SobakaSlava,2,0.00073,268594,98.17463,273588
5014,sonewman,2,0.00073,268596,98.17536,273588
5015,sonnemaf,2,0.00073,268598,98.17609,273588
5016,sorohan,2,0.00073,268600,98.17682,273588
5017,soulgalore,2,0.00073,268602,98.17755,273588
5018,soygul,2,0.00073,268604,98.17828,273588
5019,Sp1l,2,0.00073,268606,98.17901,273588
5020,spacanowski,2,0.00073,268608,98.17974,273588
5021,SpaceBeers,2,0.00073,268610,98.18048,273588
5022,sparraguerra,2,0.00073,268612,98.18121,273588
5023,spiroid,2,0.00073,268614,98.18194,273588
5024,spongessuck,2,0.00073,268616,98.18267,273588
5025,spudly,2,0.00073,268618,98.18340,273588
5026,srcLurker,2,0.00073,268620,98.18413,273588
5027,sshock,2,0.00073,268622,98.18486,273588
5028,StanEgo,2,0.00073,268624,98.18559,273588
5029,starkch,2,0.00073,268626,98.18632,273588
5030,startswithaj,2,0.00073,268628,98.18705,273588
5031,stephaniepurvis,2,0.00073,268630,98.18779,273588
5032,stephan-tolksdorf,2,0.00073,268632,98.18852,273588
5033,stepharr,2,0.00073,268634,98.18925,273588
5034,StephenCooper,2,0.00073,268636,98.18998,273588
5035,stephenmathieson,2,0.00073,268638,98.19071,273588
5036,Stephie,2,0.00073,268640,98.19144,273588
5037,sterling,2,0.00073,268642,98.19217,273588
5038,steve8708,2,0.00073,268644,98.19290,273588
5039,stevewhims,2,0.00073,268646,98.19363,273588
5040,stianjensen,2,0.00073,268648,98.19437,273588
5041,stickfigure,2,0.00073,268650,98.19510,273588
5042,stkelley,2,0.00073,268652,98.19583,273588
5043,stolenkid,2,0.00073,268654,98.19656,273588
5044,stormystormy,2,0.00073,268656,98.19729,273588
5045,strarsis,2,0.00073,268658,98.19802,273588
5046,straube,2,0.00073,268660,98.19875,273588
5047,StreetStrider,2,0.00073,268662,98.19948,273588
5048,StuartHarris,2,0.00073,268664,98.20021,273588
5049,stuartpb,2,0.00073,268666,98.20094,273588
5050,stucox,2,0.00073,268668,98.20168,273588
5051,stukselbax,2,0.00073,268670,98.20241,273588
5052,stusmall,2,0.00073,268672,98.20314,273588
5053,styopdev,2,0.00073,268674,98.20387,273588
5054,Stzx,2,0.00073,268676,98.20460,273588
5055,sujeet,2,0.00073,268678,98.20533,273588
5056,sukima,2,0.00073,268680,98.20606,273588
5057,sumt-mgardner,2,0.00073,268682,98.20679,273588
5058,sungwoncho,2,0.00073,268684,98.20752,273588
5059,SunHuawei,2,0.00073,268686,98.20825,273588
5060,sunny,2,0.00073,268688,98.20899,273588
5061,supasate,2,0.00073,268690,98.20972,273588
5062,superlaziness,2,0.00073,268692,98.21045,273588
5063,surajwy,2,0.00073,268694,98.21118,273588
5064,susisu,2,0.00073,268696,98.21191,273588
5065,sveyret,2,0.00073,268698,98.21264,273588
5066,swaincreates,2,0.00073,268700,98.21337,273588
5067,swaldman,2,0.00073,268702,98.21410,273588
5068,swalker2,2,0.00073,268704,98.21483,273588
5069,sw-yx,2,0.00073,268706,98.21557,273588
5070,sxmichael,2,0.00073,268708,98.21630,273588
5071,syllant,2,0.00073,268710,98.21703,273588
5072,t-8ch,2,0.00073,268712,98.21776,273588
5073,tabdulradi,2,0.00073,268714,98.21849,273588
5074,taehwanno,2,0.00073,268716,98.21922,273588
5075,tagCincy,2,0.00073,268718,98.21995,273588
5076,tameraydin,2,0.00073,268720,98.22068,273588
5077,tamird,2,0.00073,268722,98.22141,273588
5078,tamlyn,2,0.00073,268724,98.22214,273588
5079,tanzislam,2,0.00073,268726,98.22288,273588
5080,tardyp,2,0.00073,268728,98.22361,273588
5081,tarebyte,2,0.00073,268730,98.22434,273588
5082,tasos-ale,2,0.00073,268732,98.22507,273588
5083,taylorc93,2,0.00073,268734,98.22580,273588
5084,tdinucci,2,0.00073,268736,98.22653,273588
5085,tdurtschi,2,0.00073,268738,98.22726,273588
5086,tedpennings,2,0.00073,268740,98.22799,273588
5087,teebot,2,0.00073,268742,98.22872,273588
5088,teemulehtinen,2,0.00073,268744,98.22945,273588
5089,telmen,2,0.00073,268746,98.23019,273588
5090,tenjaa,2,0.00073,268748,98.23092,273588
5091,teresy,2,0.00073,268750,98.23165,273588
5092,tgfjt,2,0.00073,268752,98.23238,273588
5093,tgodzik,2,0.00073,268754,98.23311,273588
5094,thatmarvin,2,0.00073,268756,98.23384,273588
5095,TheAppleFreak,2,0.00073,268758,98.23457,273588
5096,thebeebs,2,0.00073,268760,98.23530,273588
5097,theel0ja,2,0.00073,268762,98.23603,273588
5098,TheHalcyonSavant,2,0.00073,268764,98.23676,273588
5099,TheLarkInn,2,0.00073,268766,98.23750,273588
5100,theLine,2,0.00073,268768,98.23823,273588
5101,theogravity,2,0.00073,268770,98.23896,273588
5102,Thesoro,2,0.00073,268772,98.23969,273588
5103,TheTalisman,2,0.00073,268774,98.24042,273588
5104,TheToolbox,2,0.00073,268776,98.24115,273588
5105,thevoidf,2,0.00073,268778,98.24188,273588
5106,thiagoarrais,2,0.00073,268780,98.24261,273588
5107,thiagodelgado111,2,0.00073,268782,98.24334,273588
5108,thomas-j-moffett,2,0.00073,268784,98.24408,273588
5109,ThomasLandauer,2,0.00073,268786,98.24481,273588
5110,thomasphorton,2,0.00073,268788,98.24554,273588
5111,Thorium,2,0.00073,268790,98.24627,273588
5112,thp,2,0.00073,268792,98.24700,273588
5113,tiagoefmoraes,2,0.00073,268794,98.24773,273588
5114,tiagofernandez,2,0.00073,268796,98.24846,273588
5115,tibbon,2,0.00073,268798,98.24919,273588
5116,TiGR,2,0.00073,268800,98.24992,273588
5117,tijwelch,2,0.00073,268802,98.25065,273588
5118,Tillerino,2,0.00073,268804,98.25139,273588
5119,tillmon,2,0.00073,268806,98.25212,273588
5120,timcosta,2,0.00073,268808,98.25285,273588
5121,timdeschryver,2,0.00073,268810,98.25358,273588
5122,timdp,2,0.00073,268812,98.25431,273588
5123,timkordas,2,0.00073,268814,98.25504,273588
5124,timlevett,2,0.00073,268816,98.25577,273588
5125,timmoy,2,0.00073,268818,98.25650,273588
5126,timsly,2,0.00073,268820,98.25723,273588
5127,TimvdLippe,2,0.00073,268822,98.25796,273588
5128,tinchou,2,0.00073,268824,98.25870,273588
5129,tinglof,2,0.00073,268826,98.25943,273588
5130,TinyMan,2,0.00073,268828,98.26016,273588
5131,tk3369,2,0.00073,268830,98.26089,273588
5132,tkorakas,2,0.00073,268832,98.26162,273588
5133,tkrotoff,2,0.00073,268834,98.26235,273588
5134,tleruitte,2,0.00073,268836,98.26308,273588
5135,tlhunter,2,0.00073,268838,98.26381,273588
5136,tlinkowski,2,0.00073,268840,98.26454,273588
5137,toastman,2,0.00073,268842,98.26527,273588
5138,tobhult,2,0.00073,268844,98.26601,273588
5139,tobli,2,0.00073,268846,98.26674,273588
5140,To-da,2,0.00073,268848,98.26747,273588
5141,todd,2,0.00073,268850,98.26820,273588
5142,Todd-Davies,2,0.00073,268852,98.26893,273588
5143,toddself,2,0.00073,268854,98.26966,273588
5144,todesking,2,0.00073,268856,98.27039,273588
5145,togakangaroo,2,0.00073,268858,98.27112,273588
5146,tolemac,2,0.00073,268860,98.27185,273588
5147,Tom910,2,0.00073,268862,98.27259,273588
5148,tomaszbakula,2,0.00073,268864,98.27332,273588
5149,tomchristie,2,0.00073,268866,98.27405,273588
5150,tomhorvat,2,0.00073,268868,98.27478,273588
5151,tomkel,2,0.00073,268870,98.27551,273588
5152,tom-schoener,2,0.00073,268872,98.27624,273588
5153,tom-sherman,2,0.00073,268874,98.27697,273588
5154,tomulin1,2,0.00073,268876,98.27770,273588
5155,topaxi,2,0.00073,268878,98.27843,273588
5156,Tornhoof,2,0.00073,268880,98.27916,273588
5157,torniker,2,0.00073,268882,98.27990,273588
5158,toshimaru,2,0.00073,268884,98.28063,273588
5159,tranhl,2,0.00073,268886,98.28136,273588
5160,trappar,2,0.00073,268888,98.28209,273588
5161,travi,2,0.00073,268890,98.28282,273588
5162,trentm,2,0.00073,268892,98.28355,273588
5163,treymack,2,0.00073,268894,98.28428,273588
5164,tridium,2,0.00073,268896,98.28501,273588
5165,troutowicz,2,0.00073,268898,98.28574,273588
5166,trvra,2,0.00073,268900,98.28647,273588
5167,tschieggm,2,0.00073,268902,98.28721,273588
5168,tsclaus,2,0.00073,268904,98.28794,273588
5169,tsm91,2,0.00073,268906,98.28867,273588
5170,TSMMark,2,0.00073,268908,98.28940,273588
5171,tsubik,2,0.00073,268910,98.29013,273588
5172,tuckbick,2,0.00073,268912,98.29086,273588
5173,tuexen,2,0.00073,268914,98.29159,273588
5174,tvler,2,0.00073,268916,98.29232,273588
5175,Tvrqvoise,2,0.00073,268918,98.29305,273588
5176,tweksteen,2,0.00073,268920,98.29378,273588
5177,twhitbeck,2,0.00073,268922,98.29452,273588
5178,TwistedHardware,2,0.00073,268924,98.29525,273588
5179,txdv,2,0.00073,268926,98.29598,273588
5180,TylerBrock,2,0.00073,268928,98.29671,273588
5181,typhoon1983,2,0.00073,268930,98.29744,273588
5182,tyscorp,2,0.00073,268932,98.29817,273588
5183,tzachshabtay,2,0.00073,268934,98.29890,273588
5184,uber5001,2,0.00073,268936,98.29963,273588
5185,uhaciogullari,2,0.00073,268938,98.30036,273588
5186,ulikoehler,2,0.00073,268940,98.30110,273588
5187,ulrichb,2,0.00073,268942,98.30183,273588
5188,uncleAndyChen,2,0.00073,268944,98.30256,273588
5189,user-none,2,0.00073,268946,98.30329,273588
5190,usmonster,2,0.00073,268948,98.30402,273588
5191,vadimdemedes,2,0.00073,268950,98.30475,273588
5192,vaicine,2,0.00073,268952,98.30548,273588
5193,valscion,2,0.00073,268954,98.30621,273588
5194,VanJanssen,2,0.00073,268956,98.30694,273588
5195,vanshady,2,0.00073,268958,98.30767,273588
5196,vaverix,2,0.00073,268960,98.30841,273588
5197,vbraun,2,0.00073,268962,98.30914,273588
5198,v-dev-1,2,0.00073,268964,98.30987,273588
5199,vdukhovni,2,0.00073,268966,98.31060,273588
5200,vedatmahir,2,0.00073,268968,98.31133,273588
5201,vedelaar,2,0.00073,268970,98.31206,273588
5202,veger,2,0.00073,268972,98.31279,273588
5203,velemas,2,0.00073,268974,98.31352,273588
5204,ventuno,2,0.00073,268976,98.31425,273588
5205,vergenzt,2,0.00073,268978,98.31498,273588
5206,vglushak,2,0.00073,268980,98.31572,273588
5207,vgoma,2,0.00073,268982,98.31645,273588
5208,vgvenkat,2,0.00073,268984,98.31718,273588
5209,vickychijwani,2,0.00073,268986,98.31791,273588
5210,VictoriaQ,2,0.00073,268988,98.31864,273588
5211,VictorNicollet,2,0.00073,268990,98.31937,273588
5212,ViIvanov,2,0.00073,268992,98.32010,273588
5213,vijithassar,2,0.00073,268994,98.32083,273588
5214,vikynandha,2,0.00073,268996,98.32156,273588
5215,vincecampanale,2,0.00073,268998,98.32229,273588
5216,vinsonchuong,2,0.00073,269000,98.32303,273588
5217,vitalets,2,0.00073,269002,98.32376,273588
5218,vitorbal,2,0.00073,269004,98.32449,273588
5219,vitorpereirafarfetchcom,2,0.00073,269006,98.32522,273588
5220,vittorius,2,0.00073,269008,98.32595,273588
5221,vivmishra,2,0.00073,269010,98.32668,273588
5222,vkarpov15,2,0.00073,269012,98.32741,273588
5223,vkrol,2,0.00073,269014,98.32814,273588
5224,vladimirkosmala,2,0.00073,269016,98.32887,273588
5225,vladmos,2,0.00073,269018,98.32961,273588
5226,vladshcherbin,2,0.00073,269020,98.33034,273588
5227,vmeurisse,2,0.00073,269022,98.33107,273588
5228,vmx,2,0.00073,269024,98.33180,273588
5229,Voev,2,0.00073,269026,98.33253,273588
5230,volkaino,2,0.00073,269028,98.33326,273588
5231,voxpelli,2,0.00073,269030,98.33399,273588
5232,vpfautz,2,0.00073,269032,98.33472,273588
5233,vprasanth,2,0.00073,269034,98.33545,273588
5234,vramana,2,0.00073,269036,98.33618,273588
5235,vreuter,2,0.00073,269038,98.33692,273588
5236,vteremasov,2,0.00073,269040,98.33765,273588
5237,Vusys,2,0.00073,269042,98.33838,273588
5238,vvo,2,0.00073,269044,98.33911,273588
5239,w33ble,2,0.00073,269046,98.33984,273588
5240,w3apps,2,0.00073,269048,98.34057,273588
5241,wacii,2,0.00073,269050,98.34130,273588
5242,wadahiro,2,0.00073,269052,98.34203,273588
5243,wajda,2,0.00073,269054,98.34276,273588
5244,WatchSteveDrum,2,0.00073,269056,98.34349,273588
5245,wayou,2,0.00073,269058,98.34423,273588
5246,wbrawner,2,0.00073,269060,98.34496,273588
5247,wcontayon,2,0.00073,269062,98.34569,273588
5248,webtrix,2,0.00073,269064,98.34642,273588
5249,weinholtendian,2,0.00073,269066,98.34715,273588
5250,wesbos,2,0.00073,269068,98.34788,273588
5251,wesinator,2,0.00073,269070,98.34861,273588
5252,westonpace,2,0.00073,269072,98.34934,273588
5253,WhereIsMyBubble,2,0.00073,269074,98.35007,273588
5254,whitneyit,2,0.00073,269076,98.35080,273588
5255,whoffmann,2,0.00073,269078,98.35154,273588
5256,Widdershin,2,0.00073,269080,98.35227,273588
5257,wikier,2,0.00073,269082,98.35300,273588
5258,willfong,2,0.00073,269084,98.35373,273588
5259,willnorris,2,0.00073,269086,98.35446,273588
5260,willyboy,2,0.00073,269088,98.35519,273588
5261,winhowes,2,0.00073,269090,98.35592,273588
5262,winniehell,2,0.00073,269092,98.35665,273588
5263,wi-ski,2,0.00073,269094,98.35738,273588
5264,wkaluza,2,0.00073,269096,98.35812,273588
5265,wmhilton,2,0.00073,269098,98.35885,273588
5266,wnvko,2,0.00073,269100,98.35958,273588
5267,wongmjane,2,0.00073,269102,98.36031,273588
5268,wonseop,2,0.00073,269104,98.36104,273588
5269,wpopielarski,2,0.00073,269106,98.36177,273588
5270,wraithgar,2,0.00073,269108,98.36250,273588
5271,ws0w,2,0.00073,269110,98.36323,273588
5272,ww898,2,0.00073,269112,98.36396,273588
5273,x753,2,0.00073,269114,98.36469,273588
5274,Xapuu,2,0.00073,269116,98.36543,273588
5275,xavierguihot,2,0.00073,269118,98.36616,273588
5276,xenoterracide,2,0.00073,269120,98.36689,273588
5277,xfg,2,0.00073,269122,98.36762,273588
5278,XFree,2,0.00073,269124,98.36835,273588
5279,xiangyuecn,2,0.00073,269126,98.36908,273588
5280,xixilive,2,0.00073,269128,98.36981,273588
5281,yaelkeemink,2,0.00073,269130,98.37054,273588
5282,yannickglt,2,0.00073,269132,98.37127,273588
5283,yasoob,2,0.00073,269134,98.37200,273588
5284,yausername,2,0.00073,269136,98.37274,273588
5285,YawarRaza7349,2,0.00073,269138,98.37347,273588
5286,Yaxian,2,0.00073,269140,98.37420,273588
5287,ycmjason,2,0.00073,269142,98.37493,273588
5288,yenshih,2,0.00073,269144,98.37566,273588
5289,Yermo,2,0.00073,269146,98.37639,273588
5290,yesplease,2,0.00073,269148,98.37712,273588
5291,yichaowang,2,0.00073,269150,98.37785,273588
5292,yihangho,2,0.00073,269152,98.37858,273588
5293,Y-Less,2,0.00073,269154,98.37931,273588
5294,yodeyer,2,0.00073,269156,98.38005,273588
5295,YongseopKim,2,0.00073,269158,98.38078,273588
5296,yoshuawuyts,2,0.00073,269160,98.38151,273588
5297,yoshuki,2,0.00073,269162,98.38224,273588
5298,youdz,2,0.00073,269164,98.38297,273588
5299,Youmoo,2,0.00073,269166,98.38370,273588
5300,ystarlongzi,2,0.00073,269168,98.38443,273588
5301,ysugimoto,2,0.00073,269170,98.38516,273588
5302,yufcuy,2,0.00073,269172,98.38589,273588
5303,yuler,2,0.00073,269174,98.38663,273588
5304,yuriybash,2,0.00073,269176,98.38736,273588
5305,YuriyOborozhnyi,2,0.00073,269178,98.38809,273588
5306,YusongLiu,2,0.00073,269180,98.38882,273588
5307,yu-tian113,2,0.00073,269182,98.38955,273588
5308,yuxino,2,0.00073,269184,98.39028,273588
5309,z-10,2,0.00073,269186,98.39101,273588
5310,zackseuberling,2,0.00073,269188,98.39174,273588
5311,zalenix,2,0.00073,269190,98.39247,273588
5312,zartdinov,2,0.00073,269192,98.39320,273588
5313,zaygraveyard,2,0.00073,269194,98.39394,273588
5314,zazabe,2,0.00073,269196,98.39467,273588
5315,zce,2,0.00073,269198,98.39540,273588
5316,zdw,2,0.00073,269200,98.39613,273588
5317,zenazn,2,0.00073,269202,98.39686,273588
5318,zenflow,2,0.00073,269204,98.39759,273588
5319,zenglian,2,0.00073,269206,98.39832,273588
5320,zhangsu,2,0.00073,269208,98.39905,273588
5321,zhangtreefish,2,0.00073,269210,98.39978,273588
5322,zharro,2,0.00073,269212,98.40051,273588
5323,zhaxi,2,0.00073,269214,98.40125,273588
5324,zhenlan,2,0.00073,269216,98.40198,273588
5325,zhjwpku,2,0.00073,269218,98.40271,273588
5326,zicai,2,0.00073,269220,98.40344,273588
5327,ZitaNemeckova,2,0.00073,269222,98.40417,273588
5328,zivillian,2,0.00073,269224,98.40490,273588
5329,zlm2012,2,0.00073,269226,98.40563,273588
5330,zombieJ,2,0.00073,269228,98.40636,273588
5331,zzz6519003,2,0.00073,269230,98.40709,273588
5332,000panther,1,0.00037,269231,98.40746,273588
5333,03byron,1,0.00037,269232,98.40782,273588
5334,0emily0,1,0.00037,269233,98.40819,273588
5335,0x0539,1,0.00037,269234,98.40856,273588
5336,0x1mason,1,0.00037,269235,98.40892,273588
5337,0x2206,1,0.00037,269236,98.40929,273588
5338,0x6773,1,0.00037,269237,98.40965,273588
5339,0xmohit,1,0.00037,269238,98.41002,273588
5340,0zAND1z,1,0.00037,269239,98.41038,273588
5341,10xLaCroixDrinker,1,0.00037,269240,98.41075,273588
5342,1egoman,1,0.00037,269241,98.41111,273588
5343,231293,1,0.00037,269242,98.41148,273588
5344,243083df,1,0.00037,269243,98.41185,273588
5345,2efPer,1,0.00037,269244,98.41221,273588
5346,2is10,1,0.00037,269245,98.41258,273588
5347,38elements,1,0.00037,269246,98.41294,273588
5348,3flex,1,0.00037,269247,98.41331,273588
5349,3rf,1,0.00037,269248,98.41367,273588
5350,43081j,1,0.00037,269249,98.41404,273588
5351,4leem,1,0.00037,269250,98.41440,273588
5352,64lines,1,0.00037,269251,98.41477,273588
5353,91bananas,1,0.00037,269252,98.41514,273588
5354,A1vinSmith,1,0.00037,269253,98.41550,273588
5355,aakash2602,1,0.00037,269254,98.41587,273588
5356,aakoch,1,0.00037,269255,98.41623,273588
5357,aakti,1,0.00037,269256,98.41660,273588
5358,aaoferreira,1,0.00037,269257,98.41696,273588
5359,aarboleda1,1,0.00037,269258,98.41733,273588
5360,aaronang,1,0.00037,269259,98.41769,273588
5361,aaroncraig10e,1,0.00037,269260,98.41806,273588
5362,aaron-em,1,0.00037,269261,98.41842,273588
5363,AaronFriel,1,0.00037,269262,98.41879,273588
5364,aaronjensen,1,0.00037,269263,98.41916,273588
5365,aaronofleonard,1,0.00037,269264,98.41952,273588
5366,aartur,1,0.00037,269265,98.41989,273588
5367,aashikgowda,1,0.00037,269266,98.42025,273588
5368,aashil,1,0.00037,269267,98.42062,273588
5369,aassaad,1,0.00037,269268,98.42098,273588
5370,abatkin,1,0.00037,269269,98.42135,273588
5371,Abazhenov,1,0.00037,269270,98.42171,273588
5372,abdullahtariq1171,1,0.00037,269271,98.42208,273588
5373,abejfehr,1,0.00037,269272,98.42245,273588
5374,abettadapur,1,0.00037,269273,98.42281,273588
5375,AbhishekBiswal,1,0.00037,269274,98.42318,273588
5376,abiduzz420,1,0.00037,269275,98.42354,273588
5377,abierbaum,1,0.00037,269276,98.42391,273588
5378,abigsmall,1,0.00037,269277,98.42427,273588
5379,Aboisier,1,0.00037,269278,98.42464,273588
5380,aboveyou00,1,0.00037,269279,98.42500,273588
5381,abrad1212,1,0.00037,269280,98.42537,273588
5382,abraham,1,0.00037,269281,98.42574,273588
5383,abstein2,1,0.00037,269282,98.42610,273588
5384,abucur,1,0.00037,269283,98.42647,273588
5385,abvalentine,1,0.00037,269284,98.42683,273588
5386,abyx,1,0.00037,269285,98.42720,273588
5387,acdenhartog,1,0.00037,269286,98.42756,273588
5388,acdvorak,1,0.00037,269287,98.42793,273588
5389,acerbusace,1,0.00037,269288,98.42829,273588
5390,aceyoung9,1,0.00037,269289,98.42866,273588
5391,achimha,1,0.00037,269290,98.42902,273588
5392,acid-chicken,1,0.00037,269291,98.42939,273588
5393,acifani,1,0.00037,269292,98.42976,273588
5394,acinader,1,0.00037,269293,98.43012,273588
5395,acjay,1,0.00037,269294,98.43049,273588
5396,ACJustPlay,1,0.00037,269295,98.43085,273588
5397,acrazing,1,0.00037,269296,98.43122,273588
5398,acroca,1,0.00037,269297,98.43158,273588
5399,actra-gschuster,1,0.00037,269298,98.43195,273588
5400,acutexyz,1,0.00037,269299,98.43231,273588
5401,adam-26,1,0.00037,269300,98.43268,273588
5402,adamgruber,1,0.00037,269301,98.43305,273588
5403,adammacias,1,0.00037,269302,98.43341,273588
5404,adamreeve,1,0.00037,269303,98.43378,273588
5405,adamsea,1,0.00037,269304,98.43414,273588
5406,adamvoss,1,0.00037,269305,98.43451,273588
5407,AdamWills,1,0.00037,269306,98.43487,273588
5408,adamzap,1,0.00037,269307,98.43524,273588
5409,adelevie,1,0.00037,269308,98.43560,273588
5410,adeolabadmus,1,0.00037,269309,98.43597,273588
5411,adgoncal,1,0.00037,269310,98.43633,273588
5412,aditya1906,1,0.00037,269311,98.43670,273588
5413,adjohnson916,1,0.00037,269312,98.43707,273588
5414,adraeth,1,0.00037,269313,98.43743,273588
5415,adrianolek,1,0.00037,269314,98.43780,273588
5416,AdrianPal,1,0.00037,269315,98.43816,273588
5417,AdrienHorgnies,1,0.00037,269316,98.43853,273588
5418,adros,1,0.00037,269317,98.43889,273588
5419,adutra,1,0.00037,269318,98.43926,273588
5420,adwiii,1,0.00037,269319,98.43962,273588
5421,aegoroff,1,0.00037,269320,98.43999,273588
5422,aeschright,1,0.00037,269321,98.44036,273588
5423,afeld,1,0.00037,269322,98.44072,273588
5424,afhole,1,0.00037,269323,98.44109,273588
5425,aftab10662,1,0.00037,269324,98.44145,273588
5426,AftabAnsari10662,1,0.00037,269325,98.44182,273588
5427,agale123,1,0.00037,269326,98.44218,273588
5428,AGCB,1,0.00037,269327,98.44255,273588
5429,aghour,1,0.00037,269328,98.44291,273588
5430,agiron123,1,0.00037,269329,98.44328,273588
5431,agpreynolds,1,0.00037,269330,98.44365,273588
5432,aguynamedben,1,0.00037,269331,98.44401,273588
5433,agwells,1,0.00037,269332,98.44438,273588
5434,ahacking,1,0.00037,269333,98.44474,273588
5435,ahfarmer,1,0.00037,269334,98.44511,273588
5436,ahmdsolmn,1,0.00037,269335,98.44547,273588
5437,Ahmed,1,0.00037,269336,98.44584,273588
5438,ahmedsoliman92,1,0.00037,269337,98.44620,273588
5439,ahoisl,1,0.00037,269338,98.44657,273588
5440,ahonn,1,0.00037,269339,98.44693,273588
5441,AhsanAyaz,1,0.00037,269340,98.44730,273588
5442,aicest,1,0.00037,269341,98.44767,273588
5443,aidanxyz,1,0.00037,269342,98.44803,273588
5444,aifodu,1,0.00037,269343,98.44840,273588
5445,aigdonia,1,0.00037,269344,98.44876,273588
5446,aijo,1,0.00037,269345,98.44913,273588
5447,aisipos,1,0.00037,269346,98.44949,273588
5448,aizatsky-at-google,1,0.00037,269347,98.44986,273588
5449,ajayambre,1,0.00037,269348,98.45022,273588
5450,aj-dev,1,0.00037,269349,98.45059,273588
5451,ajhsu,1,0.00037,269350,98.45096,273588
5452,Ajido,1,0.00037,269351,98.45132,273588
5453,aj-r,1,0.00037,269352,98.45169,273588
5454,ak1r4,1,0.00037,269353,98.45205,273588
5455,akamike,1,0.00037,269354,98.45242,273588
5456,akd-io,1,0.00037,269355,98.45278,273588
5457,akheron,1,0.00037,269356,98.45315,273588
5458,Akim95,1,0.00037,269357,98.45351,273588
5459,akoken,1,0.00037,269358,98.45388,273588
5460,akost,1,0.00037,269359,98.45425,273588
5461,akshayp,1,0.00037,269360,98.45461,273588
5462,akulnurislam,1,0.00037,269361,98.45498,273588
5463,akvamalin,1,0.00037,269362,98.45534,273588
5464,akx,1,0.00037,269363,98.45571,273588
5465,alanmoo,1,0.00037,269364,98.45607,273588
5466,AlanParr,1,0.00037,269365,98.45644,273588
5467,alanrussian,1,0.00037,269366,98.45680,273588
5468,alanshaw,1,0.00037,269367,98.45717,273588
5469,alansouzati,1,0.00037,269368,98.45753,273588
5470,alaouy,1,0.00037,269369,98.45790,273588
5471,albermav,1,0.00037,269370,98.45827,273588
5472,Alberto-,1,0.00037,269371,98.45863,273588
5473,albertopiras,1,0.00037,269372,98.45900,273588
5474,alcalyn,1,0.00037,269373,98.45936,273588
5475,aldenml,1,0.00037,269374,98.45973,273588
5476,aldo-roman,1,0.00037,269375,98.46009,273588
5477,aleclarson,1,0.00037,269376,98.46046,273588
5478,aleeeftw,1,0.00037,269377,98.46082,273588
5479,alekseyzadorozhniy,1,0.00037,269378,98.46119,273588
5480,alewiscondev,1,0.00037,269379,98.46156,273588
5481,alex1712,1,0.00037,269380,98.46192,273588
5482,alex321,1,0.00037,269381,98.46229,273588
5483,alex94cp,1,0.00037,269382,98.46265,273588
5484,alex94puchades,1,0.00037,269383,98.46302,273588
5485,alexanderad,1,0.00037,269384,98.46338,273588
5486,alexander-bolshakov,1,0.00037,269385,98.46375,273588
5487,alexandercerutti,1,0.00037,269386,98.46411,273588
5488,AlexanderGH,1,0.00037,269387,98.46448,273588
5489,AlexanderGranhof,1,0.00037,269388,98.46484,273588
5490,AlexanderLukin,1,0.00037,269389,98.46521,273588
5491,AlexanderTserkovniy,1,0.00037,269390,98.46558,273588
5492,alexanderweiss,1,0.00037,269391,98.46594,273588
5493,Alexandrshy,1,0.00037,269392,98.46631,273588
5494,AlexBHarley,1,0.00037,269393,98.46667,273588
5495,alexbokii,1,0.00037,269394,98.46704,273588
5496,AlexDenisov,1,0.00037,269395,98.46740,273588
5497,alexdunphy,1,0.00037,269396,98.46777,273588
5498,Alexendoo,1,0.00037,269397,98.46813,273588
5499,Alexey-NM,1,0.00037,269398,98.46850,273588
5500,alexgibson,1,0.00037,269399,98.46887,273588
5501,alexhardwicke,1,0.00037,269400,98.46923,273588
5502,alexilyaev,1,0.00037,269401,98.46960,273588
5503,alexlouden,1,0.00037,269402,98.46996,273588
5504,AlexNeises,1,0.00037,269403,98.47033,273588
5505,alex-okrushko,1,0.00037,269404,98.47069,273588
5506,alexpien,1,0.00037,269405,98.47106,273588
5507,alexpls,1,0.00037,269406,98.47142,273588
5508,alexr101,1,0.00037,269407,98.47179,273588
5509,alexreardon,1,0.00037,269408,98.47216,273588
5510,alexrohleder,1,0.00037,269409,98.47252,273588
5511,alex-teren,1,0.00037,269410,98.47289,273588
5512,alexvictoor,1,0.00037,269411,98.47325,273588
5513,AlfioEmanueleFresta,1,0.00037,269412,98.47362,273588
5514,alfonsogoberjr,1,0.00037,269413,98.47398,273588
5515,alfredh,1,0.00037,269414,98.47435,273588
5516,alfredr,1,0.00037,269415,98.47471,273588
5517,ali,1,0.00037,269416,98.47508,273588
5518,alicederyn,1,0.00037,269417,98.47544,273588
5519,aliceklipper,1,0.00037,269418,98.47581,273588
5520,ali-master,1,0.00037,269419,98.47618,273588
5521,alirezaafkar,1,0.00037,269420,98.47654,273588
5522,alirezavalizade,1,0.00037,269421,98.47691,273588
5523,alisherdavronov,1,0.00037,269422,98.47727,273588
5524,alistair23,1,0.00037,269423,98.47764,273588
5525,alitaheri,1,0.00037,269424,98.47800,273588
5526,al-k21,1,0.00037,269425,98.47837,273588
5527,allanchau,1,0.00037,269426,98.47873,273588
5528,almirsarajcic,1,0.00037,269427,98.47910,273588
5529,AloisMahdal,1,0.00037,269428,98.47947,273588
5530,Alois-xx,1,0.00037,269429,98.47983,273588
5531,alopatin,1,0.00037,269430,98.48020,273588
5532,alopezsanchez,1,0.00037,269431,98.48056,273588
5533,alpencolt,1,0.00037,269432,98.48093,273588
5534,alsami,1,0.00037,269433,98.48129,273588
5535,alubbe,1,0.00037,269434,98.48166,273588
5536,alundiak,1,0.00037,269435,98.48202,273588
5537,alur,1,0.00037,269436,98.48239,273588
5538,alvarotrigo,1,0.00037,269437,98.48276,273588
5539,amalloy,1,0.00037,269438,98.48312,273588
5540,amaranthrose,1,0.00037,269439,98.48349,273588
5541,amaravora,1,0.00037,269440,98.48385,273588
5542,amaseda,1,0.00037,269441,98.48422,273588
5543,amfern,1,0.00037,269442,98.48458,273588
5544,amiller-gh,1,0.00037,269443,98.48495,273588
5545,amit3vr,1,0.00037,269444,98.48531,273588
5546,amitdash291,1,0.00037,269445,98.48568,273588
5547,amitzur,1,0.00037,269446,98.48604,273588
5548,AmmarHasan,1,0.00037,269447,98.48641,273588
5549,AMoreaux,1,0.00037,269448,98.48678,273588
5550,amritaramnauth,1,0.00037,269449,98.48714,273588
5551,amseager,1,0.00037,269450,98.48751,273588
5552,amurdock,1,0.00037,269451,98.48787,273588
5553,amygori,1,0.00037,269452,98.48824,273588
5554,amykyta,1,0.00037,269453,98.48860,273588
5555,AnaEliza,1,0.00037,269454,98.48897,273588
5556,anaibol,1,0.00037,269455,98.48933,273588
5557,AnandChowdhary,1,0.00037,269456,98.48970,273588
5558,anandkumarpatel,1,0.00037,269457,98.49007,273588
5559,anantanandgupta,1,0.00037,269458,98.49043,273588
5560,anatoliy8493,1,0.00037,269459,98.49080,273588
5561,anchnk,1,0.00037,269460,98.49116,273588
5562,andela-batolagbe,1,0.00037,269461,98.49153,273588
5563,AndersDJohnson,1,0.00037,269462,98.49189,273588
5564,AndersMad,1,0.00037,269463,98.49226,273588
5565,andersonaguiar,1,0.00037,269464,98.49262,273588
5566,Andersos,1,0.00037,269465,98.49299,273588
5567,andidavies92,1,0.00037,269466,98.49335,273588
5568,andidev,1,0.00037,269467,98.49372,273588
5569,andre487,1,0.00037,269468,98.49409,273588
5570,andrebsguedes,1,0.00037,269469,98.49445,273588
5571,Andrei15193,1,0.00037,269470,98.49482,273588
5572,AndreiRailean,1,0.00037,269471,98.49518,273588
5573,andrejsinigoj,1,0.00037,269472,98.49555,273588
5574,andre-n,1,0.00037,269473,98.49591,273588
5575,andrew,1,0.00037,269474,98.49628,273588
5576,Andrew8xx8,1,0.00037,269475,98.49664,273588
5577,andrewarchi,1,0.00037,269476,98.49701,273588
5578,andrewdotn,1,0.00037,269477,98.49738,273588
5579,AndrewFinlay,1,0.00037,269478,98.49774,273588
5580,AndrewHenderson,1,0.00037,269479,98.49811,273588
5581,andrewhood125,1,0.00037,269480,98.49847,273588
5582,andrewimm,1,0.00037,269481,98.49884,273588
5583,AndrewKvalheim,1,0.00037,269482,98.49920,273588
5584,andrewlock,1,0.00037,269483,98.49957,273588
5585,andrewnester,1,0.00037,269484,98.49993,273588
5586,andrewshir,1,0.00037,269485,98.50030,273588
5587,andrewzhaosc,1,0.00037,269486,98.50067,273588
5588,andreybleme,1,0.00037,269487,98.50103,273588
5589,andreypopp,1,0.00037,269488,98.50140,273588
5590,andreyst,1,0.00037,269489,98.50176,273588
5591,andriisoldatenko,1,0.00037,269490,98.50213,273588
5592,andschwa,1,0.00037,269491,98.50249,273588
5593,andydavies92,1,0.00037,269492,98.50286,273588
5594,andyfeller,1,0.00037,269493,98.50322,273588
5595,andys8,1,0.00037,269494,98.50359,273588
5596,andyshora,1,0.00037,269495,98.50395,273588
5597,Anemolo,1,0.00037,269496,98.50432,273588
5598,anfedorov,1,0.00037,269497,98.50469,273588
5599,angadgill92,1,0.00037,269498,98.50505,273588
5600,AngryPidgeon,1,0.00037,269499,98.50542,273588
5601,anibalsanchez,1,0.00037,269500,98.50578,273588
5602,aniruddha-adhikary,1,0.00037,269501,98.50615,273588
5603,ankeetmaini,1,0.00037,269502,98.50651,273588
5604,ankitbko,1,0.00037,269503,98.50688,273588
5605,anniepank,1,0.00037,269504,98.50724,273588
5606,Announcement,1,0.00037,269505,98.50761,273588
5607,Anomen,1,0.00037,269506,98.50798,273588
5608,anotherpit,1,0.00037,269507,98.50834,273588
5609,anselmbradford,1,0.00037,269508,98.50871,273588
5610,anslzo,1,0.00037,269509,98.50907,273588
5611,anteriovieira,1,0.00037,269510,98.50944,273588
5612,anthonyvdotbe,1,0.00037,269511,98.50980,273588
5613,AnthumChris,1,0.00037,269512,98.51017,273588
5614,antiufo,1,0.00037,269513,98.51053,273588
5615,antleblanc,1,0.00037,269514,98.51090,273588
5616,antoniopangallo,1,0.00037,269515,98.51127,273588
5617,antons,1,0.00037,269516,98.51163,273588
5618,antonstefanov,1,0.00037,269517,98.51200,273588
5619,antplant,1,0.00037,269518,98.51236,273588
5620,anubhavgupta,1,0.00037,269519,98.51273,273588
5621,anujaware,1,0.00037,269520,98.51309,273588
5622,AoDev,1,0.00037,269521,98.51346,273588
5623,APassanisi,1,0.00037,269522,98.51382,273588
5624,apostolos,1,0.00037,269523,98.51419,273588
5625,appden,1,0.00037,269524,98.51455,273588
5626,applideveloper,1,0.00037,269525,98.51492,273588
5627,AprilArcus,1,0.00037,269526,98.51529,273588
5628,Aprillion,1,0.00037,269527,98.51565,273588
5629,apsdehal,1,0.00037,269528,98.51602,273588
5630,apsknight,1,0.00037,269529,98.51638,273588
5631,aquarion,1,0.00037,269530,98.51675,273588
5632,ar7z1,1,0.00037,269531,98.51711,273588
5633,arahansen,1,0.00037,269532,98.51748,273588
5634,araname,1,0.00037,269533,98.51784,273588
5635,araslanov,1,0.00037,269534,98.51821,273588
5636,a-r-d,1,0.00037,269535,98.51858,273588
5637,aredridel,1,0.00037,269536,98.51894,273588
5638,arendjr,1,0.00037,269537,98.51931,273588
5639,arend-von-reinersdorff,1,0.00037,269538,98.51967,273588
5640,ares128,1,0.00037,269539,98.52004,273588
5641,Arhell,1,0.00037,269540,98.52040,273588
5642,arifogel,1,0.00037,269541,98.52077,273588
5643,arkamar,1,0.00037,269542,98.52113,273588
5644,arkan,1,0.00037,269543,98.52150,273588
5645,Arkanosis,1,0.00037,269544,98.52186,273588
5646,armandino,1,0.00037,269545,98.52223,273588
5647,arminherling,1,0.00037,269546,98.52260,273588
5648,arnaudroger,1,0.00037,269547,98.52296,273588
5649,arnaudruffin,1,0.00037,269548,98.52333,273588
5650,Arneball,1,0.00037,269549,98.52369,273588
5651,arodr967,1,0.00037,269550,98.52406,273588
5652,aroget,1,0.00037,269551,98.52442,273588
5653,arosh,1,0.00037,269552,98.52479,273588
5654,arouel,1,0.00037,269553,98.52515,273588
5655,arpit2438735,1,0.00037,269554,98.52552,273588
5656,ArtemKoval,1,0.00037,269555,98.52589,273588
5657,arthurschreiber,1,0.00037,269556,98.52625,273588
5658,ArtsiomCh,1,0.00037,269557,98.52662,273588
5659,arturoromeroslc,1,0.00037,269558,98.52698,273588
5660,arturoromerotcs,1,0.00037,269559,98.52735,273588
5661,artyil,1,0.00037,269560,98.52771,273588
5662,artywhite,1,0.00037,269561,98.52808,273588
5663,aruberto,1,0.00037,269562,98.52844,273588
5664,arunasank,1,0.00037,269563,98.52881,273588
5665,arxene,1,0.00037,269564,98.52918,273588
5666,aryelu,1,0.00037,269565,98.52954,273588
5667,arzafran,1,0.00037,269566,98.52991,273588
5668,asaarilahti,1,0.00037,269567,98.53027,273588
5669,asa-git,1,0.00037,269568,98.53064,273588
5670,asakaev,1,0.00037,269569,98.53100,273588
5671,ASayre,1,0.00037,269570,98.53137,273588
5672,ascott18,1,0.00037,269571,98.53173,273588
5673,aseovic,1,0.00037,269572,98.53210,273588
5674,ashishdawale20,1,0.00037,269573,98.53246,273588
5675,ashishpatelcs,1,0.00037,269574,98.53283,273588
5676,ashwinbhaskar,1,0.00037,269575,98.53320,273588
5677,asieira,1,0.00037,269576,98.53356,273588
5678,asiffermann,1,0.00037,269577,98.53393,273588
5679,asika32764,1,0.00037,269578,98.53429,273588
5680,asilinwei,1,0.00037,269579,98.53466,273588
5681,asilvas,1,0.00037,269580,98.53502,273588
5682,asiplas,1,0.00037,269581,98.53539,273588
5683,askoning,1,0.00037,269582,98.53575,273588
5684,asleepysamurai,1,0.00037,269583,98.53612,273588
5685,aspala,1,0.00037,269584,98.53649,273588
5686,asperry152,1,0.00037,269585,98.53685,273588
5687,aspyatkin,1,0.00037,269586,98.53722,273588
5688,Asthetic,1,0.00037,269587,98.53758,273588
5689,ateoi,1,0.00037,269588,98.53795,273588
5690,atifaziz,1,0.00037,269589,98.53831,273588
5691,atogata,1,0.00037,269590,98.53868,273588
5692,A-Tokyo,1,0.00037,269591,98.53904,273588
5693,atombrella,1,0.00037,269592,98.53941,273588
5694,atom-morgan,1,0.00037,269593,98.53978,273588
5695,augbog,1,0.00037,269594,98.54014,273588
5696,august782,1,0.00037,269595,98.54051,273588
5697,augusto-cdxs,1,0.00037,269596,98.54087,273588
5698,austinrmiller,1,0.00037,269597,98.54124,273588
5699,autowp,1,0.00037,269598,98.54160,273588
5700,autra,1,0.00037,269599,98.54197,273588
5701,avanderhoorn,1,0.00037,269600,98.54233,273588
5702,avdg,1,0.00037,269601,98.54270,273588
5703,avianbc,1,0.00037,269602,98.54306,273588
5704,avielfedida,1,0.00037,269603,98.54343,273588
5705,avnash,1,0.00037,269604,98.54380,273588
5706,avnersorek,1,0.00037,269605,98.54416,273588
5707,avsorokin,1,0.00037,269606,98.54453,273588
5708,AVVS,1,0.00037,269607,98.54489,273588
5709,awiddersheim,1,0.00037,269608,98.54526,273588
5710,Awk34,1,0.00037,269609,98.54562,273588
5711,awlayton,1,0.00037,269610,98.54599,273588
5712,awturner,1,0.00037,269611,98.54635,273588
5713,awused,1,0.00037,269612,98.54672,273588
5714,awwright,1,0.00037,269613,98.54709,273588
5715,axel-wilczek,1,0.00037,269614,98.54745,273588
5716,axu2,1,0.00037,269615,98.54782,273588
5717,Ayachii,1,0.00037,269616,98.54818,273588
5718,ayhaadam,1,0.00037,269617,98.54855,273588
5719,aymericbouzy,1,0.00037,269618,98.54891,273588
5720,AyushG3112,1,0.00037,269619,98.54928,273588
5721,AYWWWWW,1,0.00037,269620,98.54964,273588
5722,azrijamil,1,0.00037,269621,98.55001,273588
5723,azz,1,0.00037,269622,98.55038,273588
5724,B0k0,1,0.00037,269623,98.55074,273588
5725,baahmi,1,0.00037,269624,98.55111,273588
5726,babich-a,1,0.00037,269625,98.55147,273588
5727,baboquivari,1,0.00037,269626,98.55184,273588
5728,backuitist,1,0.00037,269627,98.55220,273588
5729,badrmodoukh,1,0.00037,269628,98.55257,273588
5730,bagerard,1,0.00037,269629,98.55293,273588
5731,BaileyJM02,1,0.00037,269630,98.55330,273588
5732,bakape,1,0.00037,269631,98.55366,273588
5733,bakkot,1,0.00037,269632,98.55403,273588
5734,bakorer,1,0.00037,269633,98.55440,273588
5735,balduncle,1,0.00037,269634,98.55476,273588
5736,balta3,1,0.00037,269635,98.55513,273588
5737,Bamieh,1,0.00037,269636,98.55549,273588
5738,banderson,1,0.00037,269637,98.55586,273588
5739,banterability,1,0.00037,269638,98.55622,273588
5740,bao987654321,1,0.00037,269639,98.55659,273588
5741,bargemb,1,0.00037,269640,98.55695,273588
5742,barik,1,0.00037,269641,98.55732,273588
5743,barneycarroll,1,0.00037,269642,98.55769,273588
5744,baronswindle,1,0.00037,269643,98.55805,273588
5745,barraq,1,0.00037,269644,98.55842,273588
5746,barrymichaeldoyle,1,0.00037,269645,98.55878,273588
5747,BartoszJanota,1,0.00037,269646,98.55915,273588
5748,bartriordan,1,0.00037,269647,98.55951,273588
5749,Baschdl,1,0.00037,269648,98.55988,273588
5750,basecode,1,0.00037,269649,98.56024,273588
5751,baspeeters,1,0.00037,269650,98.56061,273588
5752,bastih,1,0.00037,269651,98.56097,273588
5753,battaile,1,0.00037,269652,98.56134,273588
5754,bazuka5801,1,0.00037,269653,98.56171,273588
5755,bbalvanera,1,0.00037,269654,98.56207,273588
5756,bbarenblat,1,0.00037,269655,98.56244,273588
5757,bbenezech,1,0.00037,269656,98.56280,273588
5758,bbodenmiller,1,0.00037,269657,98.56317,273588
5759,bbolek,1,0.00037,269658,98.56353,273588
5760,bbrooks,1,0.00037,269659,98.56390,273588
5761,bbshih,1,0.00037,269660,98.56426,273588
5762,bbyars,1,0.00037,269661,98.56463,273588
5763,bcbcb,1,0.00037,269662,98.56500,273588
5764,bcorso,1,0.00037,269663,98.56536,273588
5765,bdanchilla,1,0.00037,269664,98.56573,273588
5766,BDav24,1,0.00037,269665,98.56609,273588
5767,bdmason,1,0.00037,269666,98.56646,273588
5768,bdonlan,1,0.00037,269667,98.56682,273588
5769,bearmini,1,0.00037,269668,98.56719,273588
5770,beatfactor,1,0.00037,269669,98.56755,273588
5771,bedakb,1,0.00037,269670,98.56792,273588
5772,bee0060,1,0.00037,269671,98.56829,273588
5773,bekker,1,0.00037,269672,98.56865,273588
5774,bekos,1,0.00037,269673,98.56902,273588
5775,Belax8,1,0.00037,269674,98.56938,273588
5776,Belev,1,0.00037,269675,98.56975,273588
5777,ben-bradley,1,0.00037,269676,98.57011,273588
5778,benceHornyak,1,0.00037,269677,98.57048,273588
5779,beneidel,1,0.00037,269678,98.57084,273588
5780,benekastah,1,0.00037,269679,98.57121,273588
5781,benelsen,1,0.00037,269680,98.57157,273588
5782,benfleis,1,0.00037,269681,98.57194,273588
5783,bengotow,1,0.00037,269682,98.57231,273588
5784,benhalpern,1,0.00037,269683,98.57267,273588
5785,benheymink,1,0.00037,269684,98.57304,273588
5786,benhutchins,1,0.00037,269685,98.57340,273588
5787,benigeri,1,0.00037,269686,98.57377,273588
5788,benjaffe,1,0.00037,269687,98.57413,273588
5789,benjamin-bader,1,0.00037,269688,98.57450,273588
5790,benjamindean,1,0.00037,269689,98.57486,273588
5791,benjamin-hodgson,1,0.00037,269690,98.57523,273588
5792,benjaminhoffman,1,0.00037,269691,98.57560,273588
5793,benjamminj,1,0.00037,269692,98.57596,273588
5794,benjefferies,1,0.00037,269693,98.57633,273588
5795,ben-joostens,1,0.00037,269694,98.57669,273588
5796,benjycui,1,0.00037,269695,98.57706,273588
5797,ben-manes,1,0.00037,269696,98.57742,273588
5798,benmccann,1,0.00037,269697,98.57779,273588
5799,benmoss,1,0.00037,269698,98.57815,273588
5800,bennycoomans,1,0.00037,269699,98.57852,273588
5801,ben-page,1,0.00037,269700,98.57889,273588
5802,benrei,1,0.00037,269701,98.57925,273588
5803,benstepp,1,0.00037,269702,98.57962,273588
5804,bernard-leech,1,0.00037,269703,98.57998,273588
5805,berndartmueller,1,0.00037,269704,98.58035,273588
5806,berniefitz82,1,0.00037,269705,98.58071,273588
5807,Betanu701,1,0.00037,269706,98.58108,273588
5808,betaveros,1,0.00037,269707,98.58144,273588
5809,bettiolo,1,0.00037,269708,98.58181,273588
5810,bevanhunt,1,0.00037,269709,98.58217,273588
5811,bfricka,1,0.00037,269710,98.58254,273588
5812,bglick,1,0.00037,269711,98.58291,273588
5813,bgord,1,0.00037,269712,98.58327,273588
5814,bgoscinski,1,0.00037,269713,98.58364,273588
5815,bgribaudo,1,0.00037,269714,98.58400,273588
5816,bgschiller,1,0.00037,269715,98.58437,273588
5817,bhdrkn,1,0.00037,269716,98.58473,273588
5818,bholley,1,0.00037,269717,98.58510,273588
5819,Bhudjo,1,0.00037,269718,98.58546,273588
5820,biboudis,1,0.00037,269719,98.58583,273588
5821,BigAB,1,0.00037,269720,98.58620,273588
5822,big-andy-coates,1,0.00037,269721,98.58656,273588
5823,Bigguy34,1,0.00037,269722,98.58693,273588
5824,biglovisa,1,0.00037,269723,98.58729,273588
5825,billschaller,1,0.00037,269724,98.58766,273588
5826,billytrend,1,0.00037,269725,98.58802,273588
5827,biokillos,1,0.00037,269726,98.58839,273588
5828,bioxcode,1,0.00037,269727,98.58875,273588
5829,birkmose,1,0.00037,269728,98.58912,273588
5830,bishabosha,1,0.00037,269729,98.58948,273588
5831,bishwei,1,0.00037,269730,98.58985,273588
5832,bitbonk,1,0.00037,269731,98.59022,273588
5833,bitsal,1,0.00037,269732,98.59058,273588
5834,bjornstar,1,0.00037,269733,98.59095,273588
5835,bjrmatos,1,0.00037,269734,98.59131,273588
5836,bkdotcom,1,0.00037,269735,98.59168,273588
5837,blackdynamo,1,0.00037,269736,98.59204,273588
5838,blainekasten,1,0.00037,269737,98.59241,273588
5839,blainesch,1,0.00037,269738,98.59277,273588
5840,blair,1,0.00037,269739,98.59314,273588
5841,Blaisorblade,1,0.00037,269740,98.59351,273588
5842,bleshik,1,0.00037,269741,98.59387,273588
5843,blia,1,0.00037,269742,98.59424,273588
5844,bloggervista,1,0.00037,269743,98.59460,273588
5845,blokfyuh,1,0.00037,269744,98.59497,273588
5846,BloodShura,1,0.00037,269745,98.59533,273588
5847,bloodyowl,1,0.00037,269746,98.59570,273588
5848,BlueAccords,1,0.00037,269747,98.59606,273588
5849,blueknob,1,0.00037,269748,98.59643,273588
5850,bluelineXY,1,0.00037,269749,98.59680,273588
5851,bmac,1,0.00037,269750,98.59716,273588
5852,bmeverett,1,0.00037,269751,98.59753,273588
5853,bmispelon,1,0.00037,269752,98.59789,273588
5854,bmwadforth,1,0.00037,269753,98.59826,273588
5855,bnb,1,0.00037,269754,98.59862,273588
5856,bnorm,1,0.00037,269755,98.59899,273588
5857,bnyu,1,0.00037,269756,98.59935,273588
5858,bobbyrenwick,1,0.00037,269757,98.59972,273588
5859,bobintornado,1,0.00037,269758,98.60008,273588
5860,BobSammers,1,0.00037,269759,98.60045,273588
5861,bocus,1,0.00037,269760,98.60082,273588
5862,Bodasia,1,0.00037,269761,98.60118,273588
5863,bodazhao,1,0.00037,269762,98.60155,273588
5864,bodewig,1,0.00037,269763,98.60191,273588
5865,bodgit,1,0.00037,269764,98.60228,273588
5866,bogas04,1,0.00037,269765,98.60264,273588
5867,BoLaMN,1,0.00037,269766,98.60301,273588
5868,bonham000,1,0.00037,269767,98.60337,273588
5869,bontibon,1,0.00037,269768,98.60374,273588
5870,BookOfGreg,1,0.00037,269769,98.60411,273588
5871,boopeshmahendran,1,0.00037,269770,98.60447,273588
5872,borgdylan,1,0.00037,269771,98.60484,273588
5873,borisyankov,1,0.00037,269772,98.60520,273588
5874,BorntraegerMarc,1,0.00037,269773,98.60557,273588
5875,BorodinDK,1,0.00037,269774,98.60593,273588
5876,borriglione,1,0.00037,269775,98.60630,273588
5877,borsna,1,0.00037,269776,98.60666,273588
5878,botaberg,1,0.00037,269777,98.60703,273588
5879,botovq,1,0.00037,269778,98.60740,273588
5880,bouk,1,0.00037,269779,98.60776,273588
5881,boutell,1,0.00037,269780,98.60813,273588
5882,bowlofeggs,1,0.00037,269781,98.60849,273588
5883,boyaq,1,0.00037,269782,98.60886,273588
5884,Bpaterak,1,0.00037,269783,98.60922,273588
5885,b-paul,1,0.00037,269784,98.60959,273588
5886,bpetex,1,0.00037,269785,98.60995,273588
5887,bploetz,1,0.00037,269786,98.61032,273588
5888,bportnoy,1,0.00037,269787,98.61068,273588
5889,braddunbar,1,0.00037,269788,98.61105,273588
5890,bradleyayers,1,0.00037,269789,98.61142,273588
5891,bradvogel,1,0.00037,269790,98.61178,273588
5892,brafdlog,1,0.00037,269791,98.61215,273588
5893,brahmnes,1,0.00037,269792,98.61251,273588
5894,brandon93s,1,0.00037,269793,98.61288,273588
5895,brandon-d-logan,1,0.00037,269794,98.61324,273588
5896,brandon-pereira,1,0.00037,269795,98.61361,273588
5897,BrandonSmith,1,0.00037,269796,98.61397,273588
5898,BredPet,1,0.00037,269797,98.61434,273588
5899,Breemua,1,0.00037,269798,98.61471,273588
5900,brendankenny,1,0.00037,269799,98.61507,273588
5901,brian428,1,0.00037,269800,98.61544,273588
5902,BrianDGLS,1,0.00037,269801,98.61580,273588
5903,BrianDiggs,1,0.00037,269802,98.61617,273588
5904,brian-mann,1,0.00037,269803,98.61653,273588
5905,briansmith,1,0.00037,269804,98.61690,273588
5906,brianwyantora,1,0.00037,269805,98.61726,273588
5907,brickspert,1,0.00037,269806,98.61763,273588
5908,bricss,1,0.00037,269807,98.61799,273588
5909,BrightLight,1,0.00037,269808,98.61836,273588
5910,brismuth,1,0.00037,269809,98.61873,273588
5911,brnrdog,1,0.00037,269810,98.61909,273588
5912,broder,1,0.00037,269811,98.61946,273588
5913,brodybits,1,0.00037,269812,98.61982,273588
5914,brunokrebs,1,0.00037,269813,98.62019,273588
5915,brunolins16,1,0.00037,269814,98.62055,273588
5916,brunoscopelliti,1,0.00037,269815,98.62092,273588
5917,bryanar,1,0.00037,269816,98.62128,273588
5918,bryanjenningz,1,0.00037,269817,98.62165,273588
5919,brycecr,1,0.00037,269818,98.62202,273588
5920,bsdjhb,1,0.00037,269819,98.62238,273588
5921,bsergei,1,0.00037,269820,98.62275,273588
5922,bshannon,1,0.00037,269821,98.62311,273588
5923,bsletten,1,0.00037,269822,98.62348,273588
5924,btd,1,0.00037,269823,98.62384,273588
5925,btholt,1,0.00037,269824,98.62421,273588
5926,btmills,1,0.00037,269825,98.62457,273588
5927,buddh4,1,0.00037,269826,98.62494,273588
5928,buddyabaddon,1,0.00037,269827,98.62531,273588
5929,buerkle,1,0.00037,269828,98.62567,273588
5930,bugknightyyp,1,0.00037,269829,98.62604,273588
5931,bugsancho,1,0.00037,269830,98.62640,273588
5932,bugtype,1,0.00037,269831,98.62677,273588
5933,bulach,1,0.00037,269832,98.62713,273588
5934,burnedram,1,0.00037,269833,98.62750,273588
5935,burningtree,1,0.00037,269834,98.62786,273588
5936,bushuai,1,0.00037,269835,98.62823,273588
5937,bustta,1,0.00037,269836,98.62859,273588
5938,butla,1,0.00037,269837,98.62896,273588
5939,butterprim,1,0.00037,269838,98.62933,273588
5940,buzden,1,0.00037,269839,98.62969,273588
5941,bvleur,1,0.00037,269840,98.63006,273588
5942,byr-gdp,1,0.00037,269841,98.63042,273588
5943,bz2,1,0.00037,269842,98.63079,273588
5944,C0rWin,1,0.00037,269843,98.63115,273588
5945,Cactucs,1,0.00037,269844,98.63152,273588
5946,caillou,1,0.00037,269845,98.63188,273588
5947,cakine,1,0.00037,269846,98.63225,273588
5948,califrench,1,0.00037,269847,98.63262,273588
5949,callumcodes,1,0.00037,269848,98.63298,273588
5950,calvinf,1,0.00037,269849,98.63335,273588
5951,Calyhre,1,0.00037,269850,98.63371,273588
5952,camrdale,1,0.00037,269851,98.63408,273588
5953,cancerberoSgx,1,0.00037,269852,98.63444,273588
5954,cannona,1,0.00037,269853,98.63481,273588
5955,capaj,1,0.00037,269854,98.63517,273588
5956,captain5050,1,0.00037,269855,98.63554,273588
5957,CaptainCow95,1,0.00037,269856,98.63591,273588
5958,captain-digitalsailors,1,0.00037,269857,98.63627,273588
5959,cardamon,1,0.00037,269858,98.63664,273588
5960,caridy,1,0.00037,269859,98.63700,273588
5961,carkod,1,0.00037,269860,98.63737,273588
5962,carlansley,1,0.00037,269861,98.63773,273588
5963,carlfranz,1,0.00037,269862,98.63810,273588
5964,carl-mastrangelo,1,0.00037,269863,98.63846,273588
5965,CarloMartini,1,0.00037,269864,98.63883,273588
5966,carlosasj,1,0.00037,269865,98.63919,273588
5967,carlosvargas,1,0.00037,269866,98.63956,273588
5968,Carlsson87,1,0.00037,269867,98.63993,273588
5969,carolinacmoravia,1,0.00037,269868,98.64029,273588
5970,carterchung,1,0.00037,269869,98.64066,273588
5971,carterkozak,1,0.00037,269870,98.64102,273588
5972,cascornelissen,1,0.00037,269871,98.64139,273588
5973,casdevs,1,0.00037,269872,98.64175,273588
5974,CaseyLeask,1,0.00037,269873,98.64212,273588
5975,castilloandres,1,0.00037,269874,98.64248,273588
5976,CasualSuperman,1,0.00037,269875,98.64285,273588
5977,catamphetamine,1,0.00037,269876,98.64322,273588
5978,catanm,1,0.00037,269877,98.64358,273588
5979,catcake,1,0.00037,269878,98.64395,273588
5980,caub,1,0.00037,269879,98.64431,273588
5981,cbejensen,1,0.00037,269880,98.64468,273588
5982,cbguder,1,0.00037,269881,98.64504,273588
5983,cbrianso,1,0.00037,269882,98.64541,273588
5984,cchanxzy,1,0.00037,269883,98.64577,273588
5985,ccjoywang,1,0.00037,269884,98.64614,273588
5986,cconroy,1,0.00037,269885,98.64650,273588
5987,cdoremus,1,0.00037,269886,98.64687,273588
5988,cemeyer,1,0.00037,269887,98.64724,273588
5989,ceph3us,1,0.00037,269888,98.64760,273588
5990,cesarandreu,1,0.00037,269889,98.64797,273588
5991,cesarblum,1,0.00037,269890,98.64833,273588
5992,cesarbs,1,0.00037,269891,98.64870,273588
5993,cesarwbr,1,0.00037,269892,98.64906,273588
5994,cgamache,1,0.00037,269893,98.64943,273588
5995,c-geek,1,0.00037,269894,98.64979,273588
5996,cgrail,1,0.00037,269895,98.65016,273588
5997,chadhietala,1,0.00037,269896,98.65053,273588
5998,chadselph,1,0.00037,269897,98.65089,273588
5999,ChaitanyaPramod,1,0.00037,269898,98.65126,273588
6000,chamila-c,1,0.00037,269899,98.65162,273588
6001,chancedickson,1,0.00037,269900,98.65199,273588
6002,changhw01,1,0.00037,269901,98.65235,273588
6003,changLiuUNSW,1,0.00037,269902,98.65272,273588
6004,channeladam,1,0.00037,269903,98.65308,273588
6005,Charca,1,0.00037,269904,98.65345,273588
6006,chardch,1,0.00037,269905,98.65382,273588
6007,CharlieGarcia,1,0.00037,269906,98.65418,273588
6008,charphi,1,0.00037,269907,98.65455,273588
6009,charukiewicz,1,0.00037,269908,98.65491,273588
6010,chaseadamsio,1,0.00037,269909,98.65528,273588
6011,cheeaun,1,0.00037,269910,98.65564,273588
6012,chenesan,1,0.00037,269911,98.65601,273588
6013,chengkungui,1,0.00037,269912,98.65637,273588
6014,chengluyu,1,0.00037,269913,98.65674,273588
6015,chenzhenxi,1,0.00037,269914,98.65710,273588
6016,cherniavskii,1,0.00037,269915,98.65747,273588
6017,chernysh,1,0.00037,269916,98.65784,273588
6018,chetbox,1,0.00037,269917,98.65820,273588
6019,chgc,1,0.00037,269918,98.65857,273588
6020,Chickenzilla,1,0.00037,269919,98.65893,273588
6021,chidozieononiwu,1,0.00037,269920,98.65930,273588
6022,chienkira,1,0.00037,269921,98.65966,273588
6023,Chima1707,1,0.00037,269922,98.66003,273588
6024,chinhodado,1,0.00037,269923,98.66039,273588
6025,chipaca,1,0.00037,269924,98.66076,273588
6026,chiragatlas,1,0.00037,269925,98.66113,273588
6027,chisler,1,0.00037,269926,98.66149,273588
6028,chmelevskij,1,0.00037,269927,98.66186,273588
6029,Chobbes,1,0.00037,269928,98.66222,273588
6030,chojrak11,1,0.00037,269929,98.66259,273588
6031,chris13524,1,0.00037,269930,98.66295,273588
6032,chris-barry,1,0.00037,269931,98.66332,273588
6033,chrisbianca,1,0.00037,269932,98.66368,273588
6034,Chrisboh,1,0.00037,269933,98.66405,273588
6035,chrisbolin,1,0.00037,269934,98.66442,273588
6036,chrisbujok,1,0.00037,269935,98.66478,273588
6037,chriscalo,1,0.00037,269936,98.66515,273588
6038,chriscartlidge,1,0.00037,269937,98.66551,273588
6039,chrisgavin,1,0.00037,269938,98.66588,273588
6040,chrisgrovers,1,0.00037,269939,98.66624,273588
6041,chriskrolak,1,0.00037,269940,98.66661,273588
6042,chriskuehl,1,0.00037,269941,98.66697,273588
6043,chris-martin,1,0.00037,269942,98.66734,273588
6044,chrisprice,1,0.00037,269943,98.66770,273588
6045,chrisranderson,1,0.00037,269944,98.66807,273588
6046,chrisrpatterson,1,0.00037,269945,98.66844,273588
6047,chrisself,1,0.00037,269946,98.66880,273588
6048,christianbundy,1,0.00037,269947,98.66917,273588
6049,ChristianSchwarz,1,0.00037,269948,98.66953,273588
6050,ChristianUlbrich,1,0.00037,269949,98.66990,273588
6051,christikaes,1,0.00037,269950,98.67026,273588
6052,ChristopherDavenport,1,0.00037,269951,98.67063,273588
6053,christopherjbaker,1,0.00037,269952,98.67099,273588
6054,christophetd,1,0.00037,269953,98.67136,273588
6055,chrisui,1,0.00037,269954,98.67173,273588
6056,chrisvfabio,1,0.00037,269955,98.67209,273588
6057,chrisyip,1,0.00037,269956,98.67246,273588
6058,chromakey,1,0.00037,269957,98.67282,273588
6059,chrstnbrn,1,0.00037,269958,98.67319,273588
6060,chtseac,1,0.00037,269959,98.67355,273588
6061,chulkilee,1,0.00037,269960,98.67392,273588
6062,chumtoadafuq,1,0.00037,269961,98.67428,273588
6063,ChuntaoLu,1,0.00037,269962,98.67465,273588
6064,Chyngyz,1,0.00037,269963,98.67501,273588
6065,ciceropablo,1,0.00037,269964,98.67538,273588
6066,ciddan,1,0.00037,269965,98.67575,273588
6067,citium,1,0.00037,269966,98.67611,273588
6068,cjc343,1,0.00037,269967,98.67648,273588
6069,cjpillsbury,1,0.00037,269968,98.67684,273588
6070,ckross01,1,0.00037,269969,98.67721,273588
6071,ckuhn,1,0.00037,269970,98.67757,273588
6072,cladera,1,0.00037,269971,98.67794,273588
6073,clairecliu,1,0.00037,269972,98.67830,273588
6074,clairecoloma,1,0.00037,269973,98.67867,273588
6075,claudi,1,0.00037,269974,98.67904,273588
6076,claudiopro,1,0.00037,269975,98.67940,273588
6077,clavecoder,1,0.00037,269976,98.67977,273588
6078,clawr,1,0.00037,269977,98.68013,273588
6079,claylo,1,0.00037,269978,98.68050,273588
6080,cleitonmendonca,1,0.00037,269979,98.68086,273588
6081,clhenrick,1,0.00037,269980,98.68123,273588
6082,cliener,1,0.00037,269981,98.68159,273588
6083,clockworked247,1,0.00037,269982,98.68196,273588
6084,C-Lodder,1,0.00037,269983,98.68233,273588
6085,cloojure,1,0.00037,269984,98.68269,273588
6086,clucey,1,0.00037,269985,98.68306,273588
6087,cmatheson,1,0.00037,269986,98.68342,273588
6088,cmpt376edits,1,0.00037,269987,98.68379,273588
6089,cmwall,1,0.00037,269988,98.68415,273588
6090,cnblogs-dudu,1,0.00037,269989,98.68452,273588
6091,cnwhy,1,0.00037,269990,98.68488,273588
6092,cod7alex,1,0.00037,269991,98.68525,273588
6093,codef0rmer,1,0.00037,269992,98.68561,273588
6094,CodeFoodPixels,1,0.00037,269993,98.68598,273588
6095,codeheroics,1,0.00037,269994,98.68635,273588
6096,codepodu,1,0.00037,269995,98.68671,273588
6097,coderberry,1,0.00037,269996,98.68708,273588
6098,CoderK,1,0.00037,269997,98.68744,273588
6099,CodeTherapist,1,0.00037,269998,98.68781,273588
6100,codewiz,1,0.00037,269999,98.68817,273588
6101,CodinCat,1,0.00037,270000,98.68854,273588
6102,CodingFabian,1,0.00037,270001,98.68890,273588
6103,codingismy11to7,1,0.00037,270002,98.68927,273588
6104,codingtwinky,1,0.00037,270003,98.68964,273588
6105,codito,1,0.00037,270004,98.69000,273588
6106,CodogoFreddie,1,0.00037,270005,98.69037,273588
6107,codyj110,1,0.00037,270006,98.69073,273588
6108,codylerum,1,0.00037,270007,98.69110,273588
6109,Cody-Nicholson,1,0.00037,270008,98.69146,273588
6110,coenm,1,0.00037,270009,98.69183,273588
6111,colelawrence,1,0.00037,270010,98.69219,273588
6112,coleturner,1,0.00037,270011,98.69256,273588
6113,collink,1,0.00037,270012,98.69293,273588
6114,compulim,1,0.00037,270013,98.69329,273588
6115,coms,1,0.00037,270014,98.69366,273588
6116,conartist6,1,0.00037,270015,98.69402,273588
6117,ConnorMcF,1,0.00037,270016,98.69439,273588
6118,ConradIrwin,1,0.00037,270017,98.69475,273588
6119,conradoplg,1,0.00037,270018,98.69512,273588
6120,CoolCoderTony,1,0.00037,270019,98.69548,273588
6121,coolgod,1,0.00037,270020,98.69585,273588
6122,CoolGoose,1,0.00037,270021,98.69621,273588
6123,coorasse,1,0.00037,270022,98.69658,273588
6124,coreh,1,0.00037,270023,98.69695,273588
6125,Corillian,1,0.00037,270024,98.69731,273588
6126,cornedor,1,0.00037,270025,98.69768,273588
6127,cortopy,1,0.00037,270026,98.69804,273588
6128,coryasilva,1,0.00037,270027,98.69841,273588
6129,costahome,1,0.00037,270028,98.69877,273588
6130,countless-integers,1,0.00037,270029,98.69914,273588
6131,coutin,1,0.00037,270030,98.69950,273588
6132,couven92,1,0.00037,270031,98.69987,273588
6133,covener,1,0.00037,270032,98.70024,273588
6134,cowwoc,1,0.00037,270033,98.70060,273588
6135,cpillsbury,1,0.00037,270034,98.70097,273588
6136,cpiotr,1,0.00037,270035,98.70133,273588
6137,cquanu,1,0.00037,270036,98.70170,273588
6138,craigajohnson,1,0.00037,270037,98.70206,273588
6139,craigdanj,1,0.00037,270038,98.70243,273588
6140,cravler,1,0.00037,270039,98.70279,273588
6141,CRC-Mismatch,1,0.00037,270040,98.70316,273588
6142,crhistianramirez,1,0.00037,270041,98.70353,273588
6143,crmckenzie,1,0.00037,270042,98.70389,273588
6144,Cronan,1,0.00037,270043,98.70426,273588
6145,crosscompile,1,0.00037,270044,98.70462,273588
6146,crteal,1,0.00037,270045,98.70499,273588
6147,crux153,1,0.00037,270046,98.70535,273588
6148,Crysinyan,1,0.00037,270047,98.70572,273588
6149,csbok,1,0.00037,270048,98.70608,273588
6150,CSchulz,1,0.00037,270049,98.70645,273588
6151,CSharpFan,1,0.00037,270050,98.70681,273588
6152,Cslove,1,0.00037,270051,98.70718,273588
6153,csswizardry,1,0.00037,270052,98.70755,273588
6154,cstamas,1,0.00037,270053,98.70791,273588
6155,csvn,1,0.00037,270054,98.70828,273588
6156,ctide,1,0.00037,270055,98.70864,273588
6157,ctyar,1,0.00037,270056,98.70901,273588
6158,cukejianya,1,0.00037,270057,98.70937,273588
6159,culmat,1,0.00037,270058,98.70974,273588
6160,curiousdannii,1,0.00037,270059,98.71010,273588
6161,curtgrimes,1,0.00037,270060,98.71047,273588
6162,cweems,1,0.00037,270061,98.71084,273588
6163,cwohlman,1,0.00037,270062,98.71120,273588
6164,CWSpear,1,0.00037,270063,98.71157,273588
6165,CXuesong,1,0.00037,270064,98.71193,273588
6166,cyberjacob,1,0.00037,270065,98.71230,273588
6167,CyborgMaster,1,0.00037,270066,98.71266,273588
6168,cydhaselton,1,0.00037,270067,98.71303,273588
6169,cydrobolt,1,0.00037,270068,98.71339,273588
6170,cypok,1,0.00037,270069,98.71376,273588
6171,czamp,1,0.00037,270070,98.71412,273588
6172,d6u,1,0.00037,270071,98.71449,273588
6173,DaAwesomeP,1,0.00037,270072,98.71486,273588
6174,dackmin,1,0.00037,270073,98.71522,273588
6175,daedalus28,1,0.00037,270074,98.71559,273588
6176,daevidpreis,1,0.00037,270075,98.71595,273588
6177,dafo,1,0.00037,270076,98.71632,273588
6178,daggerjames,1,0.00037,270077,98.71668,273588
6179,dagstuan,1,0.00037,270078,98.71705,273588
6180,dahim2006,1,0.00037,270079,98.71741,273588
6181,dalyhabit,1,0.00037,270080,98.71778,273588
6182,damian,1,0.00037,270081,98.71815,273588
6183,damrbaby,1,0.00037,270082,98.71851,273588
6184,damusnet,1,0.00037,270083,98.71888,273588
6185,dangreen,1,0.00037,270084,98.71924,273588
6186,daniel347x,1,0.00037,270085,98.71961,273588
6187,danielb2,1,0.00037,270086,98.71997,273588
6188,DanielBaird,1,0.00037,270087,98.72034,273588
6189,danielberndt,1,0.00037,270088,98.72070,273588
6190,danielgindi,1,0.00037,270089,98.72107,273588
6191,danielmachado,1,0.00037,270090,98.72144,273588
6192,danielmendel,1,0.00037,270091,98.72180,273588
6193,danielnorberg,1,0.00037,270092,98.72217,273588
6194,DanielPintilei,1,0.00037,270093,98.72253,273588
6195,danielpowell4,1,0.00037,270094,98.72290,273588
6196,danielrob,1,0.00037,270095,98.72326,273588
6197,danielsharvey,1,0.00037,270096,98.72363,273588
6198,danieltaub96,1,0.00037,270097,98.72399,273588
6199,daniilguit,1,0.00037,270098,98.72436,273588
6200,dankelleher,1,0.00037,270099,98.72472,273588
6201,dankurka,1,0.00037,270100,98.72509,273588
6202,danmana,1,0.00037,270101,98.72546,273588
6203,DannyDelott,1,0.00037,270102,98.72582,273588
6204,dannyvernovsky,1,0.00037,270103,98.72619,273588
6205,danpatnate,1,0.00037,270104,98.72655,273588
6206,darcyadams,1,0.00037,270105,98.72692,273588
6207,darcyparker,1,0.00037,270106,98.72728,273588
6208,dariocravero,1,0.00037,270107,98.72765,273588
6209,DarkDimius,1,0.00037,270108,98.72801,273588
6210,DarkScorpion,1,0.00037,270109,98.72838,273588
6211,Darnor,1,0.00037,270110,98.72875,273588
6212,darxis,1,0.00037,270111,98.72911,273588
6213,dasa,1,0.00037,270112,98.72948,273588
6214,DaSchTour,1,0.00037,270113,98.72984,273588
6215,das-peter,1,0.00037,270114,98.73021,273588
6216,dasraf9,1,0.00037,270115,98.73057,273588
6217,datyayu,1,0.00037,270116,98.73094,273588
6218,daurnimator,1,0.00037,270117,98.73130,273588
6219,DaveJarvis,1,0.00037,270118,98.73167,273588
6220,davemeetsworld,1,0.00037,270119,98.73204,273588
6221,davestewart,1,0.00037,270120,98.73240,273588
6222,davethegr8,1,0.00037,270121,98.73277,273588
6223,david0178418,1,0.00037,270122,98.73313,273588
6224,davidadas,1,0.00037,270123,98.73350,273588
6225,DavidARussell,1,0.00037,270124,98.73386,273588
6226,davidblnc,1,0.00037,270125,98.73423,273588
6227,davidcigital,1,0.00037,270126,98.73459,273588
6228,DavidDTA,1,0.00037,270127,98.73496,273588
6229,davideast,1,0.00037,270128,98.73532,273588
6230,DavideD,1,0.00037,270129,98.73569,273588
6231,DavideViolante,1,0.00037,270130,98.73606,273588
6232,davidfurlong,1,0.00037,270131,98.73642,273588
6233,davidgilbertson,1,0.00037,270132,98.73679,273588
6234,DavidGregory084,1,0.00037,270133,98.73715,273588
6235,davidjrichardson,1,0.00037,270134,98.73752,273588
6236,davidkpiano,1,0.00037,270135,98.73788,273588
6237,davidlehn,1,0.00037,270136,98.73825,273588
6238,davidmoten,1,0.00037,270137,98.73861,273588
6239,davidpatrick,1,0.00037,270138,98.73898,273588
6240,davidrbright,1,0.00037,270139,98.73935,273588
6241,david-reiman-ck,1,0.00037,270140,98.73971,273588
6242,davidsheldon,1,0.00037,270141,98.74008,273588
6243,DavidTPate,1,0.00037,270142,98.74044,273588
6244,davidwood,1,0.00037,270143,98.74081,273588
6245,daviferreira,1,0.00037,270144,98.74117,273588
6246,davilimap,1,0.00037,270145,98.74154,273588
6247,davxy,1,0.00037,270146,98.74190,273588
6248,davzucky,1,0.00037,270147,98.74227,273588
6249,DawidTabak,1,0.00037,270148,98.74263,273588
6250,dbardbar,1,0.00037,270149,98.74300,273588
6251,dbkaplun,1,0.00037,270150,98.74337,273588
6252,dbkirk4211,1,0.00037,270151,98.74373,273588
6253,dbmikus,1,0.00037,270152,98.74410,273588
6254,dborowitz,1,0.00037,270153,98.74446,273588
6255,dboshardy,1,0.00037,270154,98.74483,273588
6256,dbrugne,1,0.00037,270155,98.74519,273588
6257,dcbrwn,1,0.00037,270156,98.74556,273588
6258,dcsp,1,0.00037,270157,98.74592,273588
6259,DCtheTall,1,0.00037,270158,98.74629,273588
6260,dcworldwide,1,0.00037,270159,98.74666,273588
6261,ddebree,1,0.00037,270160,98.74702,273588
6262,ddneat,1,0.00037,270161,98.74739,273588
6263,DDRBoxman,1,0.00037,270162,98.74775,273588
6264,ddrjm,1,0.00037,270163,98.74812,273588
6265,deadbeef404,1,0.00037,270164,98.74848,273588
6266,deamme,1,0.00037,270165,98.74885,273588
6267,Dean177,1,0.00037,270166,98.74921,273588
6268,deanban,1,0.00037,270167,98.74958,273588
6269,debajitr,1,0.00037,270168,98.74995,273588
6270,debudda,1,0.00037,270169,98.75031,273588
6271,decentralion,1,0.00037,270170,98.75068,273588
6272,deebloo,1,0.00037,270171,98.75104,273588
6273,deecewan,1,0.00037,270172,98.75141,273588
6274,deed02392,1,0.00037,270173,98.75177,273588
6275,deepakpathania,1,0.00037,270174,98.75214,273588
6276,deepcoldy,1,0.00037,270175,98.75250,273588
6277,deformhead,1,0.00037,270176,98.75287,273588
6278,DemianD,1,0.00037,270177,98.75323,273588
6279,demmz,1,0.00037,270178,98.75360,273588
6280,demoneaux,1,0.00037,270179,98.75397,273588
6281,Demurgos,1,0.00037,270180,98.75433,273588
6282,den314,1,0.00037,270181,98.75470,273588
6283,deniss-muhla,1,0.00037,270182,98.75506,273588
6284,depr,1,0.00037,270183,98.75543,273588
6285,dereckson,1,0.00037,270184,98.75579,273588
6286,Derek-Ashmore,1,0.00037,270185,98.75616,273588
6287,dereksantos,1,0.00037,270186,98.75652,273588
6288,derekstavis,1,0.00037,270187,98.75689,273588
6289,DerFlatulator,1,0.00037,270188,98.75726,273588
6290,derLukers,1,0.00037,270189,98.75762,273588
6291,desheikh,1,0.00037,270190,98.75799,273588
6292,designeng,1,0.00037,270191,98.75835,273588
6293,designfrontier,1,0.00037,270192,98.75872,273588
6294,d-e-s-o,1,0.00037,270193,98.75908,273588
6295,DesWurstes,1,0.00037,270194,98.75945,273588
6296,devdot,1,0.00037,270195,98.75981,273588
6297,developit,1,0.00037,270196,98.76018,273588
6298,DevInstinct,1,0.00037,270197,98.76055,273588
6299,devknoll,1,0.00037,270198,98.76091,273588
6300,devonharvey,1,0.00037,270199,98.76128,273588
6301,devtanc,1,0.00037,270200,98.76164,273588
6302,dewaffled,1,0.00037,270201,98.76201,273588
6303,deyboy90,1,0.00037,270202,98.76237,273588
6304,deyhle,1,0.00037,270203,98.76274,273588
6305,df3n5,1,0.00037,270204,98.76310,273588
6306,dfarrow0,1,0.00037,270205,98.76347,273588
6307,dferber90,1,0.00037,270206,98.76383,273588
6308,d-fischer,1,0.00037,270207,98.76420,273588
6309,dgofman,1,0.00037,270208,98.76457,273588
6310,dgrcode,1,0.00037,270209,98.76493,273588
6311,dgreensp,1,0.00037,270210,98.76530,273588
6312,dgrove,1,0.00037,270211,98.76566,273588
6313,dguyonvarch,1,0.00037,270212,98.76603,273588
6314,dgwynne,1,0.00037,270213,98.76639,273588
6315,dhcmrlchtdj,1,0.00037,270214,98.76676,273588
6316,DheerajVislavath,1,0.00037,270215,98.76712,273588
6317,dhoepelman,1,0.00037,270216,98.76749,273588
6318,dhritzkiv,1,0.00037,270217,98.76786,273588
6319,dhrubesh,1,0.00037,270218,98.76822,273588
6320,dhruvdutt,1,0.00037,270219,98.76859,273588
6321,diamondo25,1,0.00037,270220,98.76895,273588
6322,dieb,1,0.00037,270221,98.76932,273588
6323,DieBauer,1,0.00037,270222,98.76968,273588
6324,diegolacarta,1,0.00037,270223,98.77005,273588
6325,digitaldavenyc,1,0.00037,270224,98.77041,273588
6326,Dignifiedquire,1,0.00037,270225,98.77078,273588
6327,dilidili,1,0.00037,270226,98.77114,273588
6328,dillonchanis,1,0.00037,270227,98.77151,273588
6329,dinomite,1,0.00037,270228,98.77188,273588
6330,disc99,1,0.00037,270229,98.77224,273588
6331,discosultan,1,0.00037,270230,98.77261,273588
6332,DJCordhose,1,0.00037,270231,98.77297,273588
6333,djds23,1,0.00037,270232,98.77334,273588
6334,djindjic,1,0.00037,270233,98.77370,273588
6335,djkirby,1,0.00037,270234,98.77407,273588
6336,djulien,1,0.00037,270235,98.77443,273588
6337,djy0,1,0.00037,270236,98.77480,273588
6338,dkagedal,1,0.00037,270237,98.77517,273588
6339,dkebler,1,0.00037,270238,98.77553,273588
6340,dlazerka,1,0.00037,270239,98.77590,273588
6341,dlecocq,1,0.00037,270240,98.77626,273588
6342,dlindenkreuz,1,0.00037,270241,98.77663,273588
6343,d-los,1,0.00037,270242,98.77699,273588
6344,dlwalsh,1,0.00037,270243,98.77736,273588
6345,dmap,1,0.00037,270244,98.77772,273588
6346,dmarkow,1,0.00037,270245,98.77809,273588
6347,dmin,1,0.00037,270246,98.77846,273588
6348,DmitryGaravsky,1,0.00037,270247,98.77882,273588
6349,DmitryGonchar,1,0.00037,270248,98.77919,273588
6350,dmitrysteblyuk,1,0.00037,270249,98.77955,273588
6351,dmitryvk,1,0.00037,270250,98.77992,273588
6352,dmjones500,1,0.00037,270251,98.78028,273588
6353,dmklementiev,1,0.00037,270252,98.78065,273588
6354,dmlukichev,1,0.00037,270253,98.78101,273588
6355,dmurat,1,0.00037,270254,98.78138,273588
6356,dnperfors,1,0.00037,270255,98.78174,273588
6357,dnshi,1,0.00037,270256,98.78211,273588
6358,doctyper,1,0.00037,270257,98.78248,273588
6359,doersino,1,0.00037,270258,98.78284,273588
6360,dogancelik,1,0.00037,270259,98.78321,273588
6361,dogboydog,1,0.00037,270260,98.78357,273588
6362,Dok11,1,0.00037,270261,98.78394,273588
6363,domcc,1,0.00037,270262,98.78430,273588
6364,domenic,1,0.00037,270263,98.78467,273588
6365,Dominator008,1,0.00037,270264,98.78503,273588
6366,dominicbarnes,1,0.00037,270265,98.78540,273588
6367,dominictarr,1,0.00037,270266,98.78577,273588
6368,DominikPieper,1,0.00037,270267,98.78613,273588
6369,donabrams,1,0.00037,270268,98.78650,273588
6370,DonaldHarris,1,0.00037,270269,98.78686,273588
6371,dongyuwei,1,0.00037,270270,98.78723,273588
6372,DonnieWest,1,0.00037,270271,98.78759,273588
6373,dorktobes,1,0.00037,270272,98.78796,273588
6374,dortonway,1,0.00037,270273,98.78832,273588
6375,Dorvaryn,1,0.00037,270274,98.78869,273588
6376,dosentmatter,1,0.00037,270275,98.78906,273588
6377,dotchev,1,0.00037,270276,98.78942,273588
6378,dotproto,1,0.00037,270277,98.78979,273588
6379,doug2k1,1,0.00037,270278,98.79015,273588
6380,doug-a-brunner,1,0.00037,270279,98.79052,273588
6381,Douglas-Cleghorn,1,0.00037,270280,98.79088,273588
6382,dpaoliello,1,0.00037,270281,98.79125,273588
6383,dpellier,1,0.00037,270282,98.79161,273588
6384,dperezde,1,0.00037,270283,98.79198,273588
6385,dprotaso,1,0.00037,270284,98.79234,273588
6386,dpursehouse,1,0.00037,270285,98.79271,273588
6387,dracos,1,0.00037,270286,98.79308,273588
6388,dragmove,1,0.00037,270287,98.79344,273588
6389,dragn,1,0.00037,270288,98.79381,273588
6390,drajakumar,1,0.00037,270289,98.79417,273588
6391,drawski,1,0.00037,270290,98.79454,273588
6392,drcapulet,1,0.00037,270291,98.79490,273588
6393,DrDanRyan,1,0.00037,270292,98.79527,273588
6394,drdelambre,1,0.00037,270293,98.79563,273588
6395,dreadwail,1,0.00037,270294,98.79600,273588
6396,drewburlingame,1,0.00037,270295,98.79637,273588
6397,drew-moore,1,0.00037,270296,98.79673,273588
6398,dreyacosta,1,0.00037,270297,98.79710,273588
6399,drichard,1,0.00037,270298,98.79746,273588
6400,drieseng,1,0.00037,270299,98.79783,273588
6401,driverpt,1,0.00037,270300,98.79819,273588
6402,drothmaler,1,0.00037,270301,98.79856,273588
6403,ds300,1,0.00037,270302,98.79892,273588
6404,dschinde,1,0.00037,270303,98.79929,273588
6405,dsherret,1,0.00037,270304,98.79965,273588
6406,dstrohl,1,0.00037,270305,98.80002,273588
6407,dsuket,1,0.00037,270306,98.80039,273588
6408,dsw2127,1,0.00037,270307,98.80075,273588
6409,dtabuenc,1,0.00037,270308,98.80112,273588
6410,dtgoitia,1,0.00037,270309,98.80148,273588
6411,dtothefp,1,0.00037,270310,98.80185,273588
6412,dtslvr,1,0.00037,270311,98.80221,273588
6413,Ducki,1,0.00037,270312,98.80258,273588
6414,DudaKamil,1,0.00037,270313,98.80294,273588
6415,duereg,1,0.00037,270314,98.80331,273588
6416,Duhemm,1,0.00037,270315,98.80368,273588
6417,dukeyin,1,0.00037,270316,98.80404,273588
6418,dunglas,1,0.00037,270317,98.80441,273588
6419,dungsaga,1,0.00037,270318,98.80477,273588
6420,dunnock,1,0.00037,270319,98.80514,273588
6421,dvandyke,1,0.00037,270320,98.80550,273588
6422,dvishniakov,1,0.00037,270321,98.80587,273588
6423,dwelle,1,0.00037,270322,98.80623,273588
6424,dwhieb,1,0.00037,270323,98.80660,273588
6425,DXFiles,1,0.00037,270324,98.80697,273588
6426,dylang,1,0.00037,270325,98.80733,273588
6427,dzcpy,1,0.00037,270326,98.80770,273588
6428,DzonnyDZ,1,0.00037,270327,98.80806,273588
6429,eabalea,1,0.00037,270328,98.80843,273588
6430,EamonHetherton,1,0.00037,270329,98.80879,273588
6431,ebradyjobory,1,0.00037,270330,98.80916,273588
6432,ecasilla,1,0.00037,270331,98.80952,273588
6433,ecbrodie,1,0.00037,270332,98.80989,273588
6434,ecki,1,0.00037,270333,98.81025,273588
6435,eclipsewebmaster,1,0.00037,270334,98.81062,273588
6436,ecmadao,1,0.00037,270335,98.81099,273588
6437,edalquist,1,0.00037,270336,98.81135,273588
6438,eddiejaoude,1,0.00037,270337,98.81172,273588
6439,EddyVerbruggen,1,0.00037,270338,98.81208,273588
6440,edelangh,1,0.00037,270339,98.81245,273588
6441,edenlee1212,1,0.00037,270340,98.81281,273588
6442,edeustace,1,0.00037,270341,98.81318,273588
6443,edi9999,1,0.00037,270342,98.81354,273588
6444,edmBernard,1,0.00037,270343,98.81391,273588
6445,edmellum,1,0.00037,270344,98.81428,273588
6446,edofic,1,0.00037,270345,98.81464,273588
6447,edolic,1,0.00037,270346,98.81501,273588
6448,edorivai,1,0.00037,270347,98.81537,273588
6449,eduardbadillo,1,0.00037,270348,98.81574,273588
6450,eduardische,1,0.00037,270349,98.81610,273588
6451,edudojevic,1,0.00037,270350,98.81647,273588
6452,edusperoni,1,0.00037,270351,98.81683,273588
6453,edwinychu,1,0.00037,270352,98.81720,273588
6454,edysegura,1,0.00037,270353,98.81757,273588
6455,ee92,1,0.00037,270354,98.81793,273588
6456,EECOLOR,1,0.00037,270355,98.81830,273588
6457,eek,1,0.00037,270356,98.81866,273588
6458,eelkeblok,1,0.00037,270357,98.81903,273588
6459,eemmosi,1,0.00037,270358,98.81939,273588
6460,eeroan,1,0.00037,270359,98.81976,273588
6461,eforsberg,1,0.00037,270360,98.82012,273588
6462,egflores,1,0.00037,270361,98.82049,273588
6463,EgidioCaprino,1,0.00037,270362,98.82085,273588
6464,ehtb,1,0.00037,270363,98.82122,273588
6465,eigan,1,0.00037,270364,98.82159,273588
6466,einarq,1,0.00037,270365,98.82195,273588
6467,eisber,1,0.00037,270366,98.82232,273588
6468,ekevoo,1,0.00037,270367,98.82268,273588
6469,ekmartin,1,0.00037,270368,98.82305,273588
6470,ekuefler,1,0.00037,270369,98.82341,273588
6471,elAndyG,1,0.00037,270370,98.82378,273588
6472,elboman,1,0.00037,270371,98.82414,273588
6473,elderbas,1,0.00037,270372,98.82451,273588
6474,elemount,1,0.00037,270373,98.82488,273588
6475,eleumik,1,0.00037,270374,98.82524,273588
6476,ElfoLiNk,1,0.00037,270375,98.82561,273588
6477,elimach,1,0.00037,270376,98.82597,273588
6478,elinor-fung,1,0.00037,270377,98.82634,273588
6479,eljobe,1,0.00037,270378,98.82670,273588
6480,elliottsj,1,0.00037,270379,98.82707,273588
6481,elongl,1,0.00037,270380,98.82743,273588
6482,elquatro,1,0.00037,270381,98.82780,273588
6483,elsbree,1,0.00037,270382,98.82816,273588
6484,eltonmesquita,1,0.00037,270383,98.82853,273588
6485,elv1s42,1,0.00037,270384,98.82890,273588
6486,elyobo,1,0.00037,270385,98.82926,273588
6487,elzapp,1,0.00037,270386,98.82963,273588
6488,emibloque,1,0.00037,270387,98.82999,273588
6489,emmanuelgautier,1,0.00037,270388,98.83036,273588
6490,emopers,1,0.00037,270389,98.83072,273588
6491,EmpeRoar,1,0.00037,270390,98.83109,273588
6492,enapupe,1,0.00037,270391,98.83145,273588
6493,enaqx,1,0.00037,270392,98.83182,273588
6494,enbo,1,0.00037,270393,98.83219,273588
6495,EndangeredMassa,1,0.00037,270394,98.83255,273588
6496,Ende93,1,0.00037,270395,98.83292,273588
6497,Enet4,1,0.00037,270396,98.83328,273588
6498,Enigo,1,0.00037,270397,98.83365,273588
6499,entozoon,1,0.00037,270398,98.83401,273588
6500,entronad,1,0.00037,270399,98.83438,273588
6501,Enuvid,1,0.00037,270400,98.83474,273588
6502,envolute,1,0.00037,270401,98.83511,273588
6503,enzanki-ars,1,0.00037,270402,98.83548,273588
6504,eoL95,1,0.00037,270403,98.83584,273588
6505,Eomm,1,0.00037,270404,98.83621,273588
6506,eosimosu,1,0.00037,270405,98.83657,273588
6507,epelc,1,0.00037,270406,98.83694,273588
6508,epicfaace,1,0.00037,270407,98.83730,273588
6509,EQuimper,1,0.00037,270408,98.83767,273588
6510,er1c,1,0.00037,270409,98.83803,273588
6511,eran-nussbaum,1,0.00037,270410,98.83840,273588
6512,eranshmil,1,0.00037,270411,98.83876,273588
6513,erf,1,0.00037,270412,98.83913,273588
6514,erhangundogan,1,0.00037,270413,98.83950,273588
6515,erhise,1,0.00037,270414,98.83986,273588
6516,ericanderson,1,0.00037,270415,98.84023,273588
6517,EricByers,1,0.00037,270416,98.84059,273588
6518,ericchernuka,1,0.00037,270417,98.84096,273588
6519,ericdahl,1,0.00037,270418,98.84132,273588
6520,ericjim,1,0.00037,270419,98.84169,273588
6521,ErickSanVal,1,0.00037,270420,98.84205,273588
6522,ericmartel,1,0.00037,270421,98.84242,273588
6523,ericmatthys,1,0.00037,270422,98.84279,273588
6524,ericprud,1,0.00037,270423,98.84315,273588
6525,ericyang89,1,0.00037,270424,98.84352,273588
6526,ericz,1,0.00037,270425,98.84388,273588
6527,erikbern,1,0.00037,270426,98.84425,273588
6528,erikdonohoo,1,0.00037,270427,98.84461,273588
6529,eriklax,1,0.00037,270428,98.84498,273588
6530,erinspice,1,0.00037,270429,98.84534,273588
6531,ErisDS,1,0.00037,270430,98.84571,273588
6532,ernbrn,1,0.00037,270431,98.84608,273588
6533,ErwinJanssen,1,0.00037,270432,98.84644,273588
6534,esarbe,1,0.00037,270433,98.84681,273588
6535,esbena,1,0.00037,270434,98.84717,273588
6536,esfand-r,1,0.00037,270435,98.84754,273588
6537,esiegel,1,0.00037,270436,98.84790,273588
6538,EspadaV8,1,0.00037,270437,98.84827,273588
6539,estaub,1,0.00037,270438,98.84863,273588
6540,estellecomment,1,0.00037,270439,98.84900,273588
6541,estrada9166,1,0.00037,270440,98.84936,273588
6542,E-T-,1,0.00037,270441,98.84973,273588
6543,etaty,1,0.00037,270442,98.85010,273588
6544,eteeselink,1,0.00037,270443,98.85046,273588
6545,etler,1,0.00037,270444,98.85083,273588
6546,eugeneotto,1,0.00037,270445,98.85119,273588
6547,eugenesmlv,1,0.00037,270446,98.85156,273588
6548,eungjun-yi,1,0.00037,270447,98.85192,273588
6549,evanbattaglia,1,0.00037,270448,98.85229,273588
6550,evanfuture,1,0.00037,270449,98.85265,273588
6551,evanlucas,1,0.00037,270450,98.85302,273588
6552,evan-scott-zocdoc,1,0.00037,270451,98.85339,273588
6553,evanshortiss,1,0.00037,270452,98.85375,273588
6554,eventualbuddha,1,0.00037,270453,98.85412,273588
6555,everdimension,1,0.00037,270454,98.85448,273588
6556,evolvah,1,0.00037,270455,98.85485,273588
6557,ExalDraen,1,0.00037,270456,98.85521,273588
6558,exalted,1,0.00037,270457,98.85558,273588
6559,eximius313,1,0.00037,270458,98.85594,273588
6560,ezhlobo,1,0.00037,270459,98.85631,273588
6561,ezsilmar,1,0.00037,270460,98.85668,273588
6562,ezze,1,0.00037,270461,98.85704,273588
6563,faascape,1,0.00037,270462,98.85741,273588
6564,faazshift,1,0.00037,270463,98.85777,273588
6565,fabdouglas,1,0.00037,270464,98.85814,273588
6566,fabienrenaud,1,0.00037,270465,98.85850,273588
6567,fabioloreggian,1,0.00037,270466,98.85887,273588
6568,fadamsen,1,0.00037,270467,98.85923,273588
6569,fanofxiaofeng,1,0.00037,270468,98.85960,273588
6570,faressoft,1,0.00037,270469,98.85996,273588
6571,faridfor,1,0.00037,270470,98.86033,273588
6572,farnabaz,1,0.00037,270471,98.86070,273588
6573,farrago,1,0.00037,270472,98.86106,273588
6574,FarSeeing,1,0.00037,270473,98.86143,273588
6575,fatcerberus,1,0.00037,270474,98.86179,273588
6576,fatfisz,1,0.00037,270475,98.86216,273588
6577,fatosmorina,1,0.00037,270476,98.86252,273588
6578,fazlerocks,1,0.00037,270477,98.86289,273588
6579,fb55,1,0.00037,270478,98.86325,273588
6580,fbaeta,1,0.00037,270479,98.86362,273588
6581,fbroda,1,0.00037,270480,98.86399,273588
6582,fckt,1,0.00037,270481,98.86435,273588
6583,fcostarodrigo,1,0.00037,270482,98.86472,273588
6584,fdaciuk,1,0.00037,270483,98.86508,273588
6585,fdesu,1,0.00037,270484,98.86545,273588
6586,fearphage,1,0.00037,270485,98.86581,273588
6587,federicojasson,1,0.00037,270486,98.86618,273588
6588,fedochet,1,0.00037,270487,98.86654,273588
6589,fedyk,1,0.00037,270488,98.86691,273588
6590,FelipeAdorno,1,0.00037,270489,98.86727,273588
6591,felipefcm,1,0.00037,270490,98.86764,273588
6592,felixfbecker,1,0.00037,270491,98.86801,273588
6593,Felixzz,1,0.00037,270492,98.86837,273588
6594,feministy,1,0.00037,270493,98.86874,273588
6595,FermiDirak,1,0.00037,270494,98.86910,273588
6596,ferstl,1,0.00037,270495,98.86947,273588
6597,fetis,1,0.00037,270496,98.86983,273588
6598,ffoodd,1,0.00037,270497,98.87020,273588
6599,fgnass,1,0.00037,270498,98.87056,273588
6600,fhalde,1,0.00037,270499,98.87093,273588
6601,fhellwig,1,0.00037,270500,98.87130,273588
6602,fhinkel,1,0.00037,270501,98.87166,273588
6603,fhnaseer,1,0.00037,270502,98.87203,273588
6604,fictitious,1,0.00037,270503,98.87239,273588
6605,findepi,1,0.00037,270504,98.87276,273588
6606,fisherspy,1,0.00037,270505,98.87312,273588
6607,fisherwebdev,1,0.00037,270506,98.87349,273588
6608,fitiskin,1,0.00037,270507,98.87385,273588
6609,fiznool,1,0.00037,270508,98.87422,273588
6610,fk,1,0.00037,270509,98.87459,273588
6611,FlamesoFF,1,0.00037,270510,98.87495,273588
6612,FlatEarthTruth,1,0.00037,270511,98.87532,273588
6613,flaviommedeiros,1,0.00037,270512,98.87568,273588
6614,flcdrg,1,0.00037,270513,98.87605,273588
6615,FLGMwt,1,0.00037,270514,98.87641,273588
6616,floppym,1,0.00037,270515,98.87678,273588
6617,Floriferous,1,0.00037,270516,98.87714,273588
6618,FlorisXll,1,0.00037,270517,98.87751,273588
6619,flotwig,1,0.00037,270518,98.87787,273588
6620,flozano,1,0.00037,270519,98.87824,273588
6621,flozz,1,0.00037,270520,98.87861,273588
6622,flugger,1,0.00037,270521,98.87897,273588
6623,flut1,1,0.00037,270522,98.87934,273588
6624,flx-dev,1,0.00037,270523,98.87970,273588
6625,flx-l,1,0.00037,270524,98.88007,273588
6626,flyingsouthwind,1,0.00037,270525,98.88043,273588
6627,fmoo,1,0.00037,270526,98.88080,273588
6628,fnll,1,0.00037,270527,98.88116,273588
6629,foladipo,1,0.00037,270528,98.88153,273588
6630,forforeach,1,0.00037,270529,98.88190,273588
6631,formido,1,0.00037,270530,98.88226,273588
6632,fouadnashat,1,0.00037,270531,98.88263,273588
6633,fourcolors,1,0.00037,270532,98.88299,273588
6634,FourwingsY,1,0.00037,270533,98.88336,273588
6635,fracmak,1,0.00037,270534,98.88372,273588
6636,framp,1,0.00037,270535,98.88409,273588
6637,francescoinfante,1,0.00037,270536,98.88445,273588
6638,franciscovelez,1,0.00037,270537,98.88482,273588
6639,francoiscote,1,0.00037,270538,98.88519,273588
6640,frangio,1,0.00037,270539,98.88555,273588
6641,frankadrian,1,0.00037,270540,98.88592,273588
6642,frankbuckley,1,0.00037,270541,98.88628,273588
6643,frankie567,1,0.00037,270542,98.88665,273588
6644,frankier,1,0.00037,270543,98.88701,273588
6645,FrankPeschel-Gallee,1,0.00037,270544,98.88738,273588
6646,frankwallis,1,0.00037,270545,98.88774,273588
6647,frasertweedale,1,0.00037,270546,98.88811,273588
6648,frbncis,1,0.00037,270547,98.88847,273588
6649,FreddieRidell,1,0.00037,270548,98.88884,273588
6650,freddyrangel,1,0.00037,270549,98.88921,273588
6651,fredeil,1,0.00037,270550,98.88957,273588
6652,FRedEnergy,1,0.00037,270551,98.88994,273588
6653,frederfred,1,0.00037,270552,98.89030,273588
6654,frederickfogerty,1,0.00037,270553,98.89067,273588
6655,frederikbosch,1,0.00037,270554,98.89103,273588
6656,frederikwh,1,0.00037,270555,98.89140,273588
6657,FreeleX,1,0.00037,270556,98.89176,273588
6658,FreezyLemon,1,0.00037,270557,98.89213,273588
6659,fregante,1,0.00037,270558,98.89250,273588
6660,FrenchHipster,1,0.00037,270559,98.89286,273588
6661,frewsxcv,1,0.00037,270560,98.89323,273588
6662,fricci,1,0.00037,270561,98.89359,273588
6663,fritx,1,0.00037,270562,98.89396,273588
6664,frob,1,0.00037,270563,98.89432,273588
6665,fromheten,1,0.00037,270564,98.89469,273588
6666,frontsideair,1,0.00037,270565,98.89505,273588
6667,frux,1,0.00037,270566,98.89542,273588
6668,frxnz,1,0.00037,270567,98.89578,273588
6669,fryn,1,0.00037,270568,98.89615,273588
6670,frystpingvin,1,0.00037,270569,98.89652,273588
6671,fsateler,1,0.00037,270570,98.89688,273588
6672,fsbatista,1,0.00037,270571,98.89725,273588
6673,fschueller-ifd,1,0.00037,270572,98.89761,273588
6674,FSou1,1,0.00037,270573,98.89798,273588
6675,fubar-coder,1,0.00037,270574,98.89834,273588
6676,fullheightcoding,1,0.00037,270575,98.89871,273588
6677,fultonm,1,0.00037,270576,98.89907,273588
6678,FumiyaShibusawa,1,0.00037,270577,98.89944,273588
6679,funklos,1,0.00037,270578,98.89981,273588
6680,fureweb-com,1,0.00037,270579,98.90017,273588
6681,futurist,1,0.00037,270580,98.90054,273588
6682,fvictorio,1,0.00037,270581,98.90090,273588
6683,fxck,1,0.00037,270582,98.90127,273588
6684,fxfactorial,1,0.00037,270583,98.90163,273588
6685,fxleyu,1,0.00037,270584,98.90200,273588
6686,Fyers,1,0.00037,270585,98.90236,273588
6687,fz568573448,1,0.00037,270586,98.90273,273588
6688,fzxt,1,0.00037,270587,98.90310,273588
6689,G100g,1,0.00037,270588,98.90346,273588
6690,G1NA,1,0.00037,270589,98.90383,273588
6691,Gaafar,1,0.00037,270590,98.90419,273588
6692,Gabb1995,1,0.00037,270591,98.90456,273588
6693,gabegorelick,1,0.00037,270592,98.90492,273588
6694,gabelevi,1,0.00037,270593,98.90529,273588
6695,gabrielmcoelho,1,0.00037,270594,98.90565,273588
6696,gabsferreira,1,0.00037,270595,98.90602,273588
6697,gabskoro,1,0.00037,270596,98.90638,273588
6698,gadtfly,1,0.00037,270597,98.90675,273588
6699,gafter,1,0.00037,270598,98.90712,273588
6700,gaganis,1,0.00037,270599,98.90748,273588
6701,galadriel2143,1,0.00037,270600,98.90785,273588
6702,galenandrew,1,0.00037,270601,98.90821,273588
6703,gallatin,1,0.00037,270602,98.90858,273588
6704,gamtiq,1,0.00037,270603,98.90894,273588
6705,gaohailang,1,0.00037,270604,98.90931,273588
6706,gaplo917,1,0.00037,270605,98.90967,273588
6707,garbles,1,0.00037,270606,98.91004,273588
6708,gardiac2002,1,0.00037,270607,98.91041,273588
6709,GarethSmall,1,0.00037,270608,98.91077,273588
6710,garrypolley,1,0.00037,270609,98.91114,273588
6711,garthk,1,0.00037,270610,98.91150,273588
6712,garyiwu,1,0.00037,270611,98.91187,273588
6713,garymathews,1,0.00037,270612,98.91223,273588
6714,Gary-Zh,1,0.00037,270613,98.91260,273588
6715,gaspard,1,0.00037,270614,98.91296,273588
6716,gaurav,1,0.00037,270615,98.91333,273588
6717,gavacho,1,0.00037,270616,98.91370,273588
6718,gbataille,1,0.00037,270617,98.91406,273588
6719,gcangussu,1,0.00037,270618,98.91443,273588
6720,GCHQDeveloper500,1,0.00037,270619,98.91479,273588
6721,gclaramunt,1,0.00037,270620,98.91516,273588
6722,gctmt,1,0.00037,270621,98.91552,273588
6723,gcxRun,1,0.00037,270622,98.91589,273588
6724,gdh1995,1,0.00037,270623,98.91625,273588
6725,geckon,1,0.00037,270624,98.91662,273588
6726,geek,1,0.00037,270625,98.91698,273588
6727,geekjob-ru,1,0.00037,270626,98.91735,273588
6728,gef756,1,0.00037,270627,98.91772,273588
6729,genepaul,1,0.00037,270628,98.91808,273588
6730,generalov,1,0.00037,270629,98.91845,273588
6731,gentoo90,1,0.00037,270630,98.91881,273588
6732,geobde,1,0.00037,270631,98.91918,273588
6733,geoffrey,1,0.00037,270632,98.91954,273588
6734,geoffreybauduin,1,0.00037,270633,98.91991,273588
6735,GeorgeGkas,1,0.00037,270634,98.92027,273588
6736,george-ranjan,1,0.00037,270635,98.92064,273588
6737,geraldolsribeiro,1,0.00037,270636,98.92101,273588
6738,geratorres,1,0.00037,270637,98.92137,273588
6739,GerjanOnline,1,0.00037,270638,98.92174,273588
6740,germ13,1,0.00037,270639,98.92210,273588
6741,gesellix,1,0.00037,270640,98.92247,273588
6742,getaaron,1,0.00037,270641,98.92283,273588
6743,getkey,1,0.00037,270642,98.92320,273588
6744,getsetbro,1,0.00037,270643,98.92356,273588
6745,gettinToasty,1,0.00037,270644,98.92393,273588
6746,gfx,1,0.00037,270645,98.92429,273588
6747,ghandhikus,1,0.00037,270646,98.92466,273588
6748,ghik,1,0.00037,270647,98.92503,273588
6749,ght,1,0.00037,270648,98.92539,273588
6750,Gi11i4m,1,0.00037,270649,98.92576,273588
6751,giacomocerquone,1,0.00037,270650,98.92612,273588
6752,GianlucaGuarini,1,0.00037,270651,98.92649,273588
6753,gibfahn,1,0.00037,270652,98.92685,273588
6754,gilad61,1,0.00037,270653,98.92722,273588
6755,gilbarbara,1,0.00037,270654,98.92758,273588
6756,gilbox,1,0.00037,270655,98.92795,273588
6757,gildean,1,0.00037,270656,98.92832,273588
6758,Ginden,1,0.00037,270657,98.92868,273588
6759,gingur,1,0.00037,270658,98.92905,273588
6760,Ginkooo,1,0.00037,270659,98.92941,273588
6761,Giorgi,1,0.00037,270660,98.92978,273588
6762,girtsernstsons,1,0.00037,270661,98.93014,273588
6763,gitgrimbo,1,0.00037,270662,98.93051,273588
6764,giuseppeg,1,0.00037,270663,98.93087,273588
6765,GiuseppePiscopo,1,0.00037,270664,98.93124,273588
6766,gj,1,0.00037,270665,98.93161,273588
6767,gka,1,0.00037,270666,98.93197,273588
6768,gkal19,1,0.00037,270667,98.93234,273588
6769,gkatsev,1,0.00037,270668,98.93270,273588
6770,gknauth,1,0.00037,270669,98.93307,273588
6771,glasperfan,1,0.00037,270670,98.93343,273588
6772,Glavin001,1,0.00037,270671,98.93380,273588
6773,Glease,1,0.00037,270672,98.93416,273588
6774,glena,1,0.00037,270673,98.93453,273588
6775,glennawatson,1,0.00037,270674,98.93489,273588
6776,glensc,1,0.00037,270675,98.93526,273588
6777,Globegitter,1,0.00037,270676,98.93563,273588
6778,glorieux-f,1,0.00037,270677,98.93599,273588
6779,glouischandra,1,0.00037,270678,98.93636,273588
6780,GlulkAlex,1,0.00037,270679,98.93672,273588
6781,gm758,1,0.00037,270680,98.93709,273588
6782,gmaclennan,1,0.00037,270681,98.93745,273588
6783,gmcquistin,1,0.00037,270682,98.93782,273588
6784,gmile,1,0.00037,270683,98.93818,273588
6785,gnowland,1,0.00037,270684,98.93855,273588
6786,GochoMugo,1,0.00037,270685,98.93892,273588
6787,godban,1,0.00037,270686,98.93928,273588
6788,gokaco,1,0.00037,270687,98.93965,273588
6789,gokaygurcan,1,0.00037,270688,98.94001,273588
6790,golear91,1,0.00037,270689,98.94038,273588
6791,goleary,1,0.00037,270690,98.94074,273588
6792,Gommorach,1,0.00037,270691,98.94111,273588
6793,gonzojive,1,0.00037,270692,98.94147,273588
6794,googya,1,0.00037,270693,98.94184,273588
6795,gortok,1,0.00037,270694,98.94221,273588
6796,gouch,1,0.00037,270695,98.94257,273588
6797,govert,1,0.00037,270696,98.94294,273588
6798,goyney,1,0.00037,270697,98.94330,273588
6799,gpapin,1,0.00037,270698,98.94367,273588
6800,grahamedgecombe,1,0.00037,270699,98.94403,273588
6801,GrahamWalters,1,0.00037,270700,98.94440,273588
6802,Granjow,1,0.00037,270701,98.94476,273588
6803,grantcarthew,1,0.00037,270702,98.94513,273588
6804,grassator,1,0.00037,270703,98.94549,273588
6805,greatjack1,1,0.00037,270704,98.94586,273588
6806,greenberga,1,0.00037,270705,98.94623,273588
6807,gregestren,1,0.00037,270706,98.94659,273588
6808,greggman,1,0.00037,270707,98.94696,273588
6809,Gregory-Bell,1,0.00037,270708,98.94732,273588
6810,gregorym,1,0.00037,270709,98.94769,273588
6811,gregrperkins,1,0.00037,270710,98.94805,273588
6812,gregsheremeta,1,0.00037,270711,98.94842,273588
6813,gregtyler,1,0.00037,270712,98.94878,273588
6814,gretzky,1,0.00037,270713,98.94915,273588
6815,grgur,1,0.00037,270714,98.94952,273588
6816,griffinmichl,1,0.00037,270715,98.94988,273588
6817,GrigoriyZander,1,0.00037,270716,98.95025,273588
6818,grubersjoe,1,0.00037,270717,98.95061,273588
6819,grushetsky,1,0.00037,270718,98.95098,273588
6820,gsfreema,1,0.00037,270719,98.95134,273588
6821,gtanner,1,0.00037,270720,98.95171,273588
6822,gugu,1,0.00037,270721,98.95207,273588
6823,guicar,1,0.00037,270722,98.95244,273588
6824,guiled,1,0.00037,270723,98.95280,273588
6825,guillaumebarranco,1,0.00037,270724,98.95317,273588
6826,guillaumebriday,1,0.00037,270725,98.95354,273588
6827,guptasourabh,1,0.00037,270726,98.95390,273588
6828,gurisko,1,0.00037,270727,98.95427,273588
6829,GurliGebis,1,0.00037,270728,98.95463,273588
6830,gusgard,1,0.00037,270729,98.95500,273588
6831,gustavnikolaj,1,0.00037,270730,98.95536,273588
6832,gustavomazzoni,1,0.00037,270731,98.95573,273588
6833,guyben13,1,0.00037,270732,98.95609,273588
6834,guyellis,1,0.00037,270733,98.95646,273588
6835,gvangool,1,0.00037,270734,98.95683,273588
6836,gwelr,1,0.00037,270735,98.95719,273588
6837,Gwerlas,1,0.00037,270736,98.95756,273588
6838,gwhenne,1,0.00037,270737,98.95792,273588
6839,gwmccull,1,0.00037,270738,98.95829,273588
6840,gxela,1,0.00037,270739,98.95865,273588
6841,Gxh-beGreat,1,0.00037,270740,98.95902,273588
6842,gyandeeps,1,0.00037,270741,98.95938,273588
6843,gyeates,1,0.00037,270742,98.95975,273588
6844,gypsydave5,1,0.00037,270743,98.96012,273588
6845,GyrosGeier,1,0.00037,270744,98.96048,273588
6846,ha404,1,0.00037,270745,98.96085,273588
6847,hacke2,1,0.00037,270746,98.96121,273588
6848,haf,1,0.00037,270747,98.96158,273588
6849,hakanostrom,1,0.00037,270748,98.96194,273588
6850,HakurouKen,1,0.00037,270749,98.96231,273588
6851,halex2005,1,0.00037,270750,98.96267,273588
6852,halvves,1,0.00037,270751,98.96304,273588
6853,hamlim,1,0.00037,270752,98.96340,273588
6854,hammy2899,1,0.00037,270753,98.96377,273588
6855,hand515,1,0.00037,270754,98.96414,273588
6856,handrews,1,0.00037,270755,98.96450,273588
6857,hanzichi,1,0.00037,270756,98.96487,273588
6858,happylolonly,1,0.00037,270757,98.96523,273588
6859,hareshambaliya,1,0.00037,270758,98.96560,273588
6860,harningt,1,0.00037,270759,98.96596,273588
6861,harpreetkhalsagtbit,1,0.00037,270760,98.96633,273588
6862,HarrisonJackson,1,0.00037,270761,98.96669,273588
6863,Harvinator,1,0.00037,270762,98.96706,273588
6864,hasegao,1,0.00037,270763,98.96743,273588
6865,hashplus,1,0.00037,270764,98.96779,273588
6866,haskellcamargo,1,0.00037,270765,98.96816,273588
6867,Hatlen,1,0.00037,270766,98.96852,273588
6868,havenchyk,1,0.00037,270767,98.96889,273588
6869,Hawkeye1909,1,0.00037,270768,98.96925,273588
6870,hawkins,1,0.00037,270769,98.96962,273588
6871,hayawata3626,1,0.00037,270770,98.96998,273588
6872,haydnhkim,1,0.00037,270771,98.97035,273588
6873,hazzik,1,0.00037,270772,98.97072,273588
6874,h-des,1,0.00037,270773,98.97108,273588
6875,hdeshev,1,0.00037,270774,98.97145,273588
6876,heath3,1,0.00037,270775,98.97181,273588
6877,hedgepigdaniel,1,0.00037,270776,98.97218,273588
6878,hedgerh,1,0.00037,270777,98.97254,273588
6879,heidid,1,0.00037,270778,98.97291,273588
6880,heikkilamarko,1,0.00037,270779,98.97327,273588
6881,hekar,1,0.00037,270780,98.97364,273588
6882,hekike,1,0.00037,270781,98.97400,273588
6883,hellectronic,1,0.00037,270782,98.97437,273588
6884,heloflier,1,0.00037,270783,98.97474,273588
6885,Hendeca,1,0.00037,270784,98.97510,273588
6886,hendrikebbers,1,0.00037,270785,98.97547,273588
6887,hendrysadrak,1,0.00037,270786,98.97583,273588
6888,henkmollema,1,0.00037,270787,98.97620,273588
6889,henrik,1,0.00037,270788,98.97656,273588
6890,HermanEldering,1,0.00037,270789,98.97693,273588
6891,herrkris,1,0.00037,270790,98.97729,273588
6892,HershVar,1,0.00037,270791,98.97766,273588
6893,heshamamin,1,0.00037,270792,98.97803,273588
6894,hesiod,1,0.00037,270793,98.97839,273588
6895,hessmjr,1,0.00037,270794,98.97876,273588
6896,heyamykate,1,0.00037,270795,98.97912,273588
6897,heygrady,1,0.00037,270796,98.97949,273588
6898,heyMP,1,0.00037,270797,98.97985,273588
6899,hile,1,0.00037,270798,98.98022,273588
6900,hillelcoren,1,0.00037,270799,98.98058,273588
6901,himkt,1,0.00037,270800,98.98095,273588
6902,hiroppy,1,0.00037,270801,98.98131,273588
6903,Hirse,1,0.00037,270802,98.98168,273588
6904,hitstergtd,1,0.00037,270803,98.98205,273588
6905,hiyosi,1,0.00037,270804,98.98241,273588
6906,hmarr,1,0.00037,270805,98.98278,273588
6907,hmble,1,0.00037,270806,98.98314,273588
6908,hobbysoldat,1,0.00037,270807,98.98351,273588
6909,hogart,1,0.00037,270808,98.98387,273588
6910,HoldYourWaffle,1,0.00037,270809,98.98424,273588
6911,holm,1,0.00037,270810,98.98460,273588
6912,hom-bahrani,1,0.00037,270811,98.98497,273588
6913,homeworkprod,1,0.00037,270812,98.98534,273588
6914,Hongarc,1,0.00037,270813,98.98570,273588
6915,hongliang5316,1,0.00037,270814,98.98607,273588
6916,honzi,1,0.00037,270815,98.98643,273588
6917,hoobdeebla,1,0.00037,270816,98.98680,273588
6918,Hookyns,1,0.00037,270817,98.98716,273588
6919,horx,1,0.00037,270818,98.98753,273588
6920,hosamaly,1,0.00037,270819,98.98789,273588
6921,hosembafer,1,0.00037,270820,98.98826,273588
6922,hotaru355,1,0.00037,270821,98.98863,273588
6923,Hotell,1,0.00037,270822,98.98899,273588
6924,howlowck,1,0.00037,270823,98.98936,273588
6925,hoyMS,1,0.00037,270824,98.98972,273588
6926,hozefaj,1,0.00037,270825,98.99009,273588
6927,hquan,1,0.00037,270826,98.99045,273588
6928,hqzxzwb,1,0.00037,270827,98.99082,273588
6929,hrldcpr,1,0.00037,270828,98.99118,273588
6930,hshankar,1,0.00037,270829,98.99155,273588
6931,Huachao,1,0.00037,270830,98.99191,273588
6932,huggaf,1,0.00037,270831,98.99228,273588
6933,HumanEquivalentUnit,1,0.00037,270832,98.99265,273588
6934,Hunrik,1,0.00037,270833,98.99301,273588
6935,hupfis,1,0.00037,270834,98.99338,273588
6936,HurricaneJames,1,0.00037,270835,98.99374,273588
6937,huseyinbabal,1,0.00037,270836,98.99411,273588
6938,huww98,1,0.00037,270837,98.99447,273588
6939,huxi,1,0.00037,270838,98.99484,273588
6940,hver,1,0.00037,270839,98.99520,273588
6941,hvrauhal,1,0.00037,270840,98.99557,273588
6942,hweeks,1,0.00037,270841,98.99594,273588
6943,hwesol13,1,0.00037,270842,98.99630,273588
6944,hxw,1,0.00037,270843,98.99667,273588
6945,hyandell,1,0.00037,270844,98.99703,273588
6946,Hypercubed,1,0.00037,270845,98.99740,273588
6947,iamakulov,1,0.00037,270846,98.99776,273588
6948,iamatinkerer,1,0.00037,270847,98.99813,273588
6949,iamdanfox,1,0.00037,270848,98.99849,273588
6950,iam-merlin,1,0.00037,270849,98.99886,273588
6951,iammerrick,1,0.00037,270850,98.99923,273588
6952,iamplugged,1,0.00037,270851,98.99959,273588
6953,iamravenous,1,0.00037,270852,98.99996,273588
6954,iamstiil,1,0.00037,270853,99.00032,273588
6955,iamstolis,1,0.00037,270854,99.00069,273588
6956,iamtommcc,1,0.00037,270855,99.00105,273588
6957,iancmyers,1,0.00037,270856,99.00142,273588
6958,ianlyons,1,0.00037,270857,99.00178,273588
6959,ianstormtaylor,1,0.00037,270858,99.00215,273588
6960,iawia002,1,0.00037,270859,99.00251,273588
6961,ibnesayeed,1,0.00037,270860,99.00288,273588
6962,ibnIrshad,1,0.00037,270861,99.00325,273588
6963,ibrahimpg,1,0.00037,270862,99.00361,273588
6964,ibriq,1,0.00037,270863,99.00398,273588
6965,ichaki5748,1,0.00037,270864,99.00434,273588
6966,idangozlan,1,0.00037,270865,99.00471,273588
6967,id-ilych,1,0.00037,270866,99.00507,273588
6968,idirouhab,1,0.00037,270867,99.00544,273588
6969,idler8,1,0.00037,270868,99.00580,273588
6970,idlewinn,1,0.00037,270869,99.00617,273588
6971,idmontie,1,0.00037,270870,99.00654,273588
6972,ienzam,1,0.00037,270871,99.00690,273588
6973,ifigotin,1,0.00037,270872,99.00727,273588
6974,iflan,1,0.00037,270873,99.00763,273588
6975,ifyoumakeit,1,0.00037,270874,99.00800,273588
6976,ignacioiglesias,1,0.00037,270875,99.00836,273588
6977,ignasne,1,0.00037,270876,99.00873,273588
6978,igncp,1,0.00037,270877,99.00909,273588
6979,ignu,1,0.00037,270878,99.00946,273588
6980,igorgolovanov,1,0.00037,270879,99.00982,273588
6981,igorKryvenko,1,0.00037,270880,99.01019,273588
6982,IgorMiller,1,0.00037,270881,99.01056,273588
6983,igor-savin-ht,1,0.00037,270882,99.01092,273588
6984,igorskuhar,1,0.00037,270883,99.01129,273588
6985,igor-susic,1,0.00037,270884,99.01165,273588
6986,ihac,1,0.00037,270885,99.01202,273588
6987,ijuma,1,0.00037,270886,99.01238,273588
6988,ikasumiwt,1,0.00037,270887,99.01275,273588
6989,ikea-dless,1,0.00037,270888,99.01311,273588
6990,iKevinY,1,0.00037,270889,99.01348,273588
6991,ikilled,1,0.00037,270890,99.01385,273588
6992,ikourfaln,1,0.00037,270891,99.01421,273588
6993,ileontiuc,1,0.00037,270892,99.01458,273588
6994,ilgrosso,1,0.00037,270893,99.01494,273588
6995,ilmarmors,1,0.00037,270894,99.01531,273588
6996,iluxonchik,1,0.00037,270895,99.01567,273588
6997,ilya-bin,1,0.00037,270896,99.01604,273588
6998,IlyaBiryukov,1,0.00037,270897,99.01640,273588
6999,IlyaGrebnov,1,0.00037,270898,99.01677,273588
7000,ilyapx,1,0.00037,270899,99.01714,273588
7001,imakowski,1,0.00037,270900,99.01750,273588
7002,imbolo,1,0.00037,270901,99.01787,273588
7003,imbstack,1,0.00037,270902,99.01823,273588
7004,imdevin567,1,0.00037,270903,99.01860,273588
7005,immannino,1,0.00037,270904,99.01896,273588
7006,ImmortalJINX,1,0.00037,270905,99.01933,273588
7007,imysak,1,0.00037,270906,99.01969,273588
7008,inabajunmr,1,0.00037,270907,99.02006,273588
7009,incompl,1,0.00037,270908,99.02042,273588
7010,indy-singh,1,0.00037,270909,99.02079,273588
7011,ineuwirth,1,0.00037,270910,99.02116,273588
7012,InfinityOne,1,0.00037,270911,99.02152,273588
7013,infused,1,0.00037,270912,99.02189,273588
7014,inglesp,1,0.00037,270913,99.02225,273588
7015,ingvarc,1,0.00037,270914,99.02262,273588
7016,Iniesta8,1,0.00037,270915,99.02298,273588
7017,inikulin,1,0.00037,270916,99.02335,273588
7018,insanity54,1,0.00037,270917,99.02371,273588
7019,insfrag,1,0.00037,270918,99.02408,273588
7020,Interfere,1,0.00037,270919,99.02445,273588
7021,intronic,1,0.00037,270920,99.02481,273588
7022,inversion,1,0.00037,270921,99.02518,273588
7023,InvertedAcceleration,1,0.00037,270922,99.02554,273588
7024,invictusmaneo,1,0.00037,270923,99.02591,273588
7025,io7m,1,0.00037,270924,99.02627,273588
7026,IOAyman,1,0.00037,270925,99.02664,273588
7027,IonicaBizau,1,0.00037,270926,99.02700,273588
7028,ioss,1,0.00037,270927,99.02737,273588
7029,ipetez,1,0.00037,270928,99.02774,273588
7030,iphands,1,0.00037,270929,99.02810,273588
7031,ipolevoy,1,0.00037,270930,99.02847,273588
7032,irustm,1,0.00037,270931,99.02883,273588
7033,isaaclyman,1,0.00037,270932,99.02920,273588
7034,isabellatea,1,0.00037,270933,99.02956,273588
7035,isaiahnields,1,0.00037,270934,99.02993,273588
7036,isayme,1,0.00037,270935,99.03029,273588
7037,iskilled,1,0.00037,270936,99.03066,273588
7038,ismailarilik,1,0.00037,270937,99.03102,273588
7039,ismamz,1,0.00037,270938,99.03139,273588
7040,isnotinvain,1,0.00037,270939,99.03176,273588
7041,isTravis,1,0.00037,270940,99.03212,273588
7042,italopessoa,1,0.00037,270941,99.03249,273588
7043,ITonyLi,1,0.00037,270942,99.03285,273588
7044,itrofimow,1,0.00037,270943,99.03322,273588
7045,itslenny,1,0.00037,270944,99.03358,273588
7046,ivangabriele,1,0.00037,270945,99.03395,273588
7047,IvanGoncharov,1,0.00037,270946,99.03431,273588
7048,Ivan-Kalatchev,1,0.00037,270947,99.03468,273588
7049,IvanKishchenko,1,0.00037,270948,99.03505,273588
7050,IvanVergiliev,1,0.00037,270949,99.03541,273588
7051,Ivanwangcy,1,0.00037,270950,99.03578,273588
7052,IVLIU,1,0.00037,270951,99.03614,273588
7053,ivogabe,1,0.00037,270952,99.03651,273588
7054,ixalon,1,0.00037,270953,99.03687,273588
7055,izebit,1,0.00037,270954,99.03724,273588
7056,izeigerman,1,0.00037,270955,99.03760,273588
7057,J2TeaM,1,0.00037,270956,99.03797,273588
7058,jacamera,1,0.00037,270957,99.03834,273588
7059,jacenko,1,0.00037,270958,99.03870,273588
7060,jack4it,1,0.00037,270959,99.03907,273588
7061,JackDanger,1,0.00037,270960,99.03943,273588
7062,jackiewung,1,0.00037,270961,99.03980,273588
7063,jackkoenig,1,0.00037,270962,99.04016,273588
7064,jackmarchant,1,0.00037,270963,99.04053,273588
7065,jacksdrobinson,1,0.00037,270964,99.04089,273588
7066,Jacksunwei,1,0.00037,270965,99.04126,273588
7067,JackuB,1,0.00037,270966,99.04162,273588
7068,jackwanders,1,0.00037,270967,99.04199,273588
7069,Jack-Works,1,0.00037,270968,99.04236,273588
7070,jacob87o2,1,0.00037,270969,99.04272,273588
7071,jacobangel,1,0.00037,270970,99.04309,273588
7072,jacobcarpenter,1,0.00037,270971,99.04345,273588
7073,jacobrossi,1,0.00037,270972,99.04382,273588
7074,jacobwindsor,1,0.00037,270973,99.04418,273588
7075,jacopofar,1,0.00037,270974,99.04455,273588
7076,JaeHunRo,1,0.00037,270975,99.04491,273588
7077,jaens,1,0.00037,270976,99.04528,273588
7078,JAFong,1,0.00037,270977,99.04565,273588
7079,jaimeagudo,1,0.00037,270978,99.04601,273588
7080,jakemingolla,1,0.00037,270979,99.04638,273588
7081,jakepetroules,1,0.00037,270980,99.04674,273588
7082,jalexanderfox,1,0.00037,270981,99.04711,273588
7083,jaller94,1,0.00037,270982,99.04747,273588
7084,jamesarosen,1,0.00037,270983,99.04784,273588
7085,jamesbechet,1,0.00037,270984,99.04820,273588
7086,jamesblacklock,1,0.00037,270985,99.04857,273588
7087,JamesCropcho,1,0.00037,270986,99.04893,273588
7088,James-Dunn,1,0.00037,270987,99.04930,273588
7089,jamesevickery,1,0.00037,270988,99.04967,273588
7090,jameslaneconkling,1,0.00037,270989,99.05003,273588
7091,jameslyon,1,0.00037,270990,99.05040,273588
7092,JamesMessinger,1,0.00037,270991,99.05076,273588
7093,jamesmosier,1,0.00037,270992,99.05113,273588
7094,jamesr73,1,0.00037,270993,99.05149,273588
7095,jamesreggio,1,0.00037,270994,99.05186,273588
7096,jamesseanwright,1,0.00037,270995,99.05222,273588
7097,jamischarles,1,0.00037,270996,99.05259,273588
7098,janaagaard75,1,0.00037,270997,99.05296,273588
7099,janczer,1,0.00037,270998,99.05332,273588
7100,janderudder,1,0.00037,270999,99.05369,273588
7101,jankal,1,0.00037,271000,99.05405,273588
7102,JanMalch,1,0.00037,271001,99.05442,273588
7103,janno-p,1,0.00037,271002,99.05478,273588
7104,janolivermr,1,0.00037,271003,99.05515,273588
7105,Janpopan,1,0.00037,271004,99.05551,273588
7106,Janpot,1,0.00037,271005,99.05588,273588
7107,janraasch,1,0.00037,271006,99.05625,273588
7108,japgolly,1,0.00037,271007,99.05661,273588
7109,jardilio,1,0.00037,271008,99.05698,273588
7110,jaredcacurak,1,0.00037,271009,99.05734,273588
7111,jaredcnance,1,0.00037,271010,99.05771,273588
7112,Jared-Dev,1,0.00037,271011,99.05807,273588
7113,jaredsuttles,1,0.00037,271012,99.05844,273588
7114,jarenduan,1,0.00037,271013,99.05880,273588
7115,jareware,1,0.00037,271014,99.05917,273588
7116,jarstingstall,1,0.00037,271015,99.05953,273588
7117,jart,1,0.00037,271016,99.05990,273588
7118,jarthod,1,0.00037,271017,99.06027,273588
7119,jas14,1,0.00037,271018,99.06063,273588
7120,Jas-n,1,0.00037,271019,99.06100,273588
7121,jasom,1,0.00037,271020,99.06136,273588
7122,Jason2031,1,0.00037,271021,99.06173,273588
7123,jasongrout,1,0.00037,271022,99.06209,273588
7124,jason-larigakis-hs,1,0.00037,271023,99.06246,273588
7125,JasonLinMS,1,0.00037,271024,99.06282,273588
7126,jasonly,1,0.00037,271025,99.06319,273588
7127,jasonmerino,1,0.00037,271026,99.06356,273588
7128,jasononeil,1,0.00037,271027,99.06392,273588
7129,jasonslyvia,1,0.00037,271028,99.06429,273588
7130,jasonwoods-7,1,0.00037,271029,99.06465,273588
7131,jaubourg,1,0.00037,271030,99.06502,273588
7132,javabada,1,0.00037,271031,99.06538,273588
7133,javabrett,1,0.00037,271032,99.06575,273588
7134,Javache,1,0.00037,271033,99.06611,273588
7135,javawizard,1,0.00037,271034,99.06648,273588
7136,javespi,1,0.00037,271035,99.06685,273588
7137,javiercejudo,1,0.00037,271036,99.06721,273588
7138,jaw187,1,0.00037,271037,99.06758,273588
7139,jawish,1,0.00037,271038,99.06794,273588
7140,jawn,1,0.00037,271039,99.06831,273588
7141,jay98014,1,0.00037,271040,99.06867,273588
7142,JayArby,1,0.00037,271041,99.06904,273588
7143,jayeb,1,0.00037,271042,99.06940,273588
7144,JaysonRaymond,1,0.00037,271043,99.06977,273588
7145,jbasney,1,0.00037,271044,99.07013,273588
7146,jberry93,1,0.00037,271045,99.07050,273588
7147,jbleduigou,1,0.00037,271046,99.07087,273588
7148,jbmoelker,1,0.00037,271047,99.07123,273588
7149,jbogard,1,0.00037,271048,99.07160,273588
7150,jbojcic1,1,0.00037,271049,99.07196,273588
7151,jboulouloubi,1,0.00037,271050,99.07233,273588
7152,jbrower2,1,0.00037,271051,99.07269,273588
7153,jbrudvik,1,0.00037,271052,99.07306,273588
7154,jcdickinson,1,0.00037,271053,99.07342,273588
7155,jch,1,0.00037,271054,99.07379,273588
7156,jcroll,1,0.00037,271055,99.07416,273588
7157,jcruz2us,1,0.00037,271056,99.07452,273588
7158,jct-amzn,1,0.00037,271057,99.07489,273588
7159,jdai8,1,0.00037,271058,99.07525,273588
7160,jden,1,0.00037,271059,99.07562,273588
7161,jdevelop,1,0.00037,271060,99.07598,273588
7162,jdmichal,1,0.00037,271061,99.07635,273588
7163,jdom,1,0.00037,271062,99.07671,273588
7164,jdreesen,1,0.00037,271063,99.07708,273588
7165,jdspugh,1,0.00037,271064,99.07744,273588
7166,jean-emmanuel,1,0.00037,271065,99.07781,273588
7167,jechevarria,1,0.00037,271066,99.07818,273588
7168,jeduan,1,0.00037,271067,99.07854,273588
7169,JeffAshton,1,0.00037,271068,99.07891,273588
7170,jeffbski,1,0.00037,271069,99.07927,273588
7171,jefffriesen,1,0.00037,271070,99.07964,273588
7172,jeffkole,1,0.00037,271071,99.08000,273588
7173,jeffmahoney,1,0.00037,271072,99.08037,273588
7174,jeffnelson,1,0.00037,271073,99.08073,273588
7175,JeffQuandt,1,0.00037,271074,99.08110,273588
7176,jegtnes,1,0.00037,271075,99.08147,273588
7177,jehadja,1,0.00037,271076,99.08183,273588
7178,jehon,1,0.00037,271077,99.08220,273588
7179,jeltz,1,0.00037,271078,99.08256,273588
7180,jendib,1,0.00037,271079,99.08293,273588
7181,jennifer-shehane,1,0.00037,271080,99.08329,273588
7182,jeonghwan-kim,1,0.00037,271081,99.08366,273588
7183,jeremy-deutsch,1,0.00037,271082,99.08402,273588
7184,jeremy-w,1,0.00037,271083,99.08439,273588
7185,jerodsanto,1,0.00037,271084,99.08476,273588
7186,jeromepl,1,0.00037,271085,99.08512,273588
7187,jesperll,1,0.00037,271086,99.08549,273588
7188,jesperronn,1,0.00037,271087,99.08585,273588
7189,jesusfreak3,1,0.00037,271088,99.08622,273588
7190,jettcalleja,1,0.00037,271089,99.08658,273588
7191,jeyraof,1,0.00037,271090,99.08695,273588
7192,jezzay,1,0.00037,271091,99.08731,273588
7193,jf17,1,0.00037,271092,99.08768,273588
7194,jfairbank,1,0.00037,271093,99.08804,273588
7195,jfigus,1,0.00037,271094,99.08841,273588
7196,jfurie,1,0.00037,271095,99.08878,273588
7197,jgolieb,1,0.00037,271096,99.08914,273588
7198,jhalickman,1,0.00037,271097,99.08951,273588
7199,jha-naman,1,0.00037,271098,99.08987,273588
7200,jhecking,1,0.00037,271099,99.09024,273588
7201,jhen0409,1,0.00037,271100,99.09060,273588
7202,jhicken,1,0.00037,271101,99.09097,273588
7203,jhickson,1,0.00037,271102,99.09133,273588
7204,jhuang314,1,0.00037,271103,99.09170,273588
7205,jiakuan,1,0.00037,271104,99.09207,273588
7206,jianglai,1,0.00037,271105,99.09243,273588
7207,jibbajabba,1,0.00037,271106,99.09280,273588
7208,JimBobSquarePants,1,0.00037,271107,99.09316,273588
7209,jimbrowne,1,0.00037,271108,99.09353,273588
7210,jimf,1,0.00037,271109,99.09389,273588
7211,jimmy-e,1,0.00037,271110,99.09426,273588
7212,jimparsley,1,0.00037,271111,99.09462,273588
7213,jimreader,1,0.00037,271112,99.09499,273588
7214,JimTheMan,1,0.00037,271113,99.09536,273588
7215,JinHash5,1,0.00037,271114,99.09572,273588
7216,jintoppy,1,0.00037,271115,99.09609,273588
7217,JinxiuLee,1,0.00037,271116,99.09645,273588
7218,jiria,1,0.00037,271117,99.09682,273588
7219,JiriHorky,1,0.00037,271118,99.09718,273588
7220,JitixPhotobox,1,0.00037,271119,99.09755,273588
7221,jiverson,1,0.00037,271120,99.09791,273588
7222,jiyeonseo,1,0.00037,271121,99.09828,273588
7223,jjhampton,1,0.00037,271122,99.09864,273588
7224,jjingrong,1,0.00037,271123,99.09901,273588
7225,jjjjw,1,0.00037,271124,99.09938,273588
7226,jjlharrison,1,0.00037,271125,99.09974,273588
7227,jjohannes,1,0.00037,271126,99.10011,273588
7228,jjoselv,1,0.00037,271127,99.10047,273588
7229,jkitchin,1,0.00037,271128,99.10084,273588
7230,jlanng,1,0.00037,271129,99.10120,273588
7231,jldec,1,0.00037,271130,99.10157,273588
7232,jlewicki,1,0.00037,271131,99.10193,273588
7233,jlolling,1,0.00037,271132,99.10230,273588
7234,jmartin84,1,0.00037,271133,99.10267,273588
7235,jmmk,1,0.00037,271134,99.10303,273588
7236,JMounier,1,0.00037,271135,99.10340,273588
7237,jmsv,1,0.00037,271136,99.10376,273588
7238,jmthibault79,1,0.00037,271137,99.10413,273588
7239,jnfingerle,1,0.00037,271138,99.10449,273588
7240,jnu,1,0.00037,271139,99.10486,273588
7241,joankaradimov,1,0.00037,271140,99.10522,273588
7242,jobeland,1,0.00037,271141,99.10559,273588
7243,joefraley,1,0.00037,271142,99.10595,273588
7244,joehni,1,0.00037,271143,99.10632,273588
7245,joelbrewer,1,0.00037,271144,99.10669,273588
7246,joeldenning,1,0.00037,271145,99.10705,273588
7247,joelee,1,0.00037,271146,99.10742,273588
7248,joelgallant,1,0.00037,271147,99.10778,273588
7249,joelittlejohn,1,0.00037,271148,99.10815,273588
7250,JoelOtter,1,0.00037,271149,99.10851,273588
7251,joelseq,1,0.00037,271150,99.10888,273588
7252,joemcelroy,1,0.00037,271151,99.10924,273588
7253,joepie91,1,0.00037,271152,99.10961,273588
7254,joewagner,1,0.00037,271153,99.10998,273588
7255,JoeWagner,1,0.00037,271154,99.11034,273588
7256,JoeyBurzynski,1,0.00037,271155,99.11071,273588
7257,JoeZheng2015,1,0.00037,271156,99.11107,273588
7258,johanhenrikssn,1,0.00037,271157,99.11144,273588
7259,johanlelan,1,0.00037,271158,99.11180,273588
7260,johanneslumpe,1,0.00037,271159,99.11217,273588
7261,johannesschaefer,1,0.00037,271160,99.11253,273588
7262,johanneswuerbach,1,0.00037,271161,99.11290,273588
7263,johncrisostomo,1,0.00037,271162,99.11327,273588
7264,john-d-pelingo,1,0.00037,271163,99.11363,273588
7265,JohnHughesAtlantech,1,0.00037,271164,99.11400,273588
7266,johnideal,1,0.00037,271165,99.11436,273588
7267,johnjacobkenny,1,0.00037,271166,99.11473,273588
7268,johnjelinek,1,0.00037,271167,99.11509,273588
7269,johnlinp,1,0.00037,271168,99.11546,273588
7270,johnny-mh,1,0.00037,271169,99.11582,273588
7271,johnpapa,1,0.00037,271170,99.11619,273588
7272,johnynek,1,0.00037,271171,99.11655,273588
7273,joineral32,1,0.00037,271172,99.11692,273588
7274,Jokero,1,0.00037,271173,99.11729,273588
7275,jomeier,1,0.00037,271174,99.11765,273588
7276,jon301,1,0.00037,271175,99.11802,273588
7277,jonashdown,1,0.00037,271176,99.11838,273588
7278,jonathangarelick,1,0.00037,271177,99.11875,273588
7279,jonathanp,1,0.00037,271178,99.11911,273588
7280,JonathanSun,1,0.00037,271179,99.11948,273588
7281,jonathathan,1,0.00037,271180,99.11984,273588
7282,jonchester,1,0.00037,271181,99.12021,273588
7283,jondubois,1,0.00037,271182,99.12058,273588
7284,jonekdahl,1,0.00037,271183,99.12094,273588
7285,JonForest,1,0.00037,271184,99.12131,273588
7286,jonfortescue,1,0.00037,271185,99.12167,273588
7287,jonganc,1,0.00037,271186,99.12204,273588
7288,JongHeonChoi,1,0.00037,271187,99.12240,273588
7289,jongyoonlee,1,0.00037,271188,99.12277,273588
7290,jonmiles,1,0.00037,271189,99.12313,273588
7291,jonorossi,1,0.00037,271190,99.12350,273588
7292,jonoskar,1,0.00037,271191,99.12387,273588
7293,JonRimmer,1,0.00037,271192,99.12423,273588
7294,jonscottclark,1,0.00037,271193,99.12460,273588
7295,jontejj,1,0.00037,271194,99.12496,273588
7296,joordas,1,0.00037,271195,99.12533,273588
7297,joost-de-vries,1,0.00037,271196,99.12569,273588
7298,joostme,1,0.00037,271197,99.12606,273588
7299,jordalgo,1,0.00037,271198,99.12642,273588
7300,jordangray,1,0.00037,271199,99.12679,273588
7301,jordanhendricks,1,0.00037,271200,99.12715,273588
7302,jorgebay,1,0.00037,271201,99.12752,273588
7303,Joris-van-der-Wel,1,0.00037,271202,99.12789,273588
7304,jorrit-wehelp,1,0.00037,271203,99.12825,273588
7305,joschi,1,0.00037,271204,99.12862,273588
7306,josdea,1,0.00037,271205,99.12898,273588
7307,jose4125,1,0.00037,271206,99.12935,273588
7308,josecolella,1,0.00037,271207,99.12971,273588
7309,joseigor,1,0.00037,271208,99.13008,273588
7310,JosephAmalfitanoSSA,1,0.00037,271209,99.13044,273588
7311,josephjaniga,1,0.00037,271210,99.13081,273588
7312,josephlbarnett,1,0.00037,271211,99.13118,273588
7313,josephrubin,1,0.00037,271212,99.13154,273588
7314,JosephWoodward,1,0.00037,271213,99.13191,273588
7315,Josh-a-e,1,0.00037,271214,99.13227,273588
7316,JoshAntBrown,1,0.00037,271215,99.13264,273588
7317,joshbambrick,1,0.00037,271216,99.13300,273588
7318,joshhunt,1,0.00037,271217,99.13337,273588
7319,joshk,1,0.00037,271218,99.13373,273588
7320,joshkurz,1,0.00037,271219,99.13410,273588
7321,joshomccarty,1,0.00037,271220,99.13446,273588
7322,JoshSGman,1,0.00037,271221,99.13483,273588
7323,joshuago,1,0.00037,271222,99.13520,273588
7324,JoshuaScript,1,0.00037,271223,99.13556,273588
7325,joshunger,1,0.00037,271224,99.13593,273588
7326,joshux,1,0.00037,271225,99.13629,273588
7327,JoshWillik,1,0.00037,271226,99.13666,273588
7328,josiasmontag,1,0.00037,271227,99.13702,273588
7329,joyeecheung,1,0.00037,271228,99.13739,273588
7330,joymufeng,1,0.00037,271229,99.13775,273588
7331,jozlnr,1,0.00037,271230,99.13812,273588
7332,jparise,1,0.00037,271231,99.13849,273588
7333,jpaugh,1,0.00037,271232,99.13885,273588
7334,jpiccari,1,0.00037,271233,99.13922,273588
7335,jpierson,1,0.00037,271234,99.13958,273588
7336,jpoon,1,0.00037,271235,99.13995,273588
7337,jpreese,1,0.00037,271236,99.14031,273588
7338,JProgrammer,1,0.00037,271237,99.14068,273588
7339,jpwiddy,1,0.00037,271238,99.14104,273588
7340,jramosf,1,0.00037,271239,99.14141,273588
7341,jrevillas,1,0.00037,271240,99.14178,273588
7342,jrgm,1,0.00037,271241,99.14214,273588
7343,jrmarino,1,0.00037,271242,99.14251,273588
7344,jrobison153,1,0.00037,271243,99.14287,273588
7345,jrouly,1,0.00037,271244,99.14324,273588
7346,jrvidal,1,0.00037,271245,99.14360,273588
7347,jryu,1,0.00037,271246,99.14397,273588
7348,jsampson2,1,0.00037,271247,99.14433,273588
7349,jsamr,1,0.00037,271248,99.14470,273588
7350,jschaf,1,0.00037,271249,99.14506,273588
7351,jsdevel,1,0.00037,271250,99.14543,273588
7352,jsdf,1,0.00037,271251,99.14580,273588
7353,jsha,1,0.00037,271252,99.14616,273588
7354,jshoudy11,1,0.00037,271253,99.14653,273588
7355,jskierbi,1,0.00037,271254,99.14689,273588
7356,jsong0605,1,0.00037,271255,99.14726,273588
7357,jstamerj,1,0.00037,271256,99.14762,273588
7358,j-stewart,1,0.00037,271257,99.14799,273588
7359,jstoja,1,0.00037,271258,99.14835,273588
7360,jstrutz,1,0.00037,271259,99.14872,273588
7361,jsumners,1,0.00037,271260,99.14909,273588
7362,jt143,1,0.00037,271261,99.14945,273588
7363,jtattermusch,1,0.00037,271262,99.14982,273588
7364,jtbandes,1,0.00037,271263,99.15018,273588
7365,jthelin,1,0.00037,271264,99.15055,273588
7366,jtmalinowski,1,0.00037,271265,99.15091,273588
7367,jtrumbull,1,0.00037,271266,99.15128,273588
7368,jtwebman,1,0.00037,271267,99.15164,273588
7369,juancho1,1,0.00037,271268,99.15201,273588
7370,JuanjoSalvador,1,0.00037,271269,99.15238,273588
7371,juanpablo-santos,1,0.00037,271270,99.15274,273588
7372,judikdavid,1,0.00037,271271,99.15311,273588
7373,juliankrispel,1,0.00037,271272,99.15347,273588
7374,juliuszsompolski,1,0.00037,271273,99.15384,273588
7375,julmot,1,0.00037,271274,99.15420,273588
7376,Jun711,1,0.00037,271275,99.15457,273588
7377,junajan,1,0.00037,271276,99.15493,273588
7378,jung-kim,1,0.00037,271277,99.15530,273588
7379,JunhoKim01,1,0.00037,271278,99.15566,273588
7380,junosuarez,1,0.00037,271279,99.15603,273588
7381,JustArchi,1,0.00037,271280,99.15640,273588
7382,JustBlackBird,1,0.00037,271281,99.15676,273588
7383,justincy,1,0.00037,271282,99.15713,273588
7384,justinmchase,1,0.00037,271283,99.15749,273588
7385,JustinPihony,1,0.00037,271284,99.15786,273588
7386,JustinTRoss,1,0.00037,271285,99.15822,273588
7387,jvanoostveen,1,0.00037,271286,99.15859,273588
7388,jvcjunior,1,0.00037,271287,99.15895,273588
7389,jvelo,1,0.00037,271288,99.15932,273588
7390,jviereck,1,0.00037,271289,99.15969,273588
7391,jviotti,1,0.00037,271290,99.16005,273588
7392,jw-00000,1,0.00037,271291,99.16042,273588
7393,jwcarman,1,0.00037,271292,99.16078,273588
7394,jwcarroll,1,0.00037,271293,99.16115,273588
7395,jwKimo,1,0.00037,271294,99.16151,273588
7396,jwkratz,1,0.00037,271295,99.16188,273588
7397,jwp3243,1,0.00037,271296,99.16224,273588
7398,JWTappert,1,0.00037,271297,99.16261,273588
7399,jysoo,1,0.00037,271298,99.16297,273588
7400,jyterencekim,1,0.00037,271299,99.16334,273588
7401,jzabroski,1,0.00037,271300,99.16371,273588
7402,jzischkau,1,0.00037,271301,99.16407,273588
7403,k0st1x,1,0.00037,271302,99.16444,273588
7404,k1988,1,0.00037,271303,99.16480,273588
7405,kafein,1,0.00037,271304,99.16517,273588
7406,kahunacohen,1,0.00037,271305,99.16553,273588
7407,kaie,1,0.00037,271306,99.16590,273588
7408,kaiyuanw,1,0.00037,271307,99.16626,273588
7409,kaizora,1,0.00037,271308,99.16663,273588
7410,kambo,1,0.00037,271309,99.16700,273588
7411,kamilduda,1,0.00037,271310,99.16736,273588
7412,kamioftea,1,0.00037,271311,99.16773,273588
7413,kamlekar,1,0.00037,271312,99.16809,273588
7414,Kamshak,1,0.00037,271313,99.16846,273588
7415,kandros,1,0.00037,271314,99.16882,273588
7416,kannanekanath,1,0.00037,271315,99.16919,273588
7417,kant,1,0.00037,271316,99.16955,273588
7418,kapilgorve,1,0.00037,271317,99.16992,273588
7419,kapooostin,1,0.00037,271318,99.17029,273588
7420,Karamell,1,0.00037,271319,99.17065,273588
7421,karan-96,1,0.00037,271320,99.17102,273588
7422,karanjthakkar,1,0.00037,271321,99.17138,273588
7423,karataev,1,0.00037,271322,99.17175,273588
7424,karczk,1,0.00037,271323,99.17211,273588
7425,karlcoelho,1,0.00037,271324,99.17248,273588
7426,karlnorling,1,0.00037,271325,99.17284,273588
7427,karlpatrickespiritu,1,0.00037,271326,99.17321,273588
7428,Karthikvenkat86,1,0.00037,271327,99.17357,273588
7429,kartiklad,1,0.00037,271328,99.17394,273588
7430,kashiro,1,0.00037,271329,99.17431,273588
7431,kasiditi,1,0.00037,271330,99.17467,273588
7432,kassemsandarusi,1,0.00037,271331,99.17504,273588
7433,kassens,1,0.00037,271332,99.17540,273588
7434,kasunt84,1,0.00037,271333,99.17577,273588
7435,katemihalikova,1,0.00037,271334,99.17613,273588
7436,Katherraptor,1,0.00037,271335,99.17650,273588
7437,katiaeirin,1,0.00037,271336,99.17686,273588
7438,katsos,1,0.00037,271337,99.17723,273588
7439,Kaushik1987,1,0.00037,271338,99.17760,273588
7440,kausters,1,0.00037,271339,99.17796,273588
7441,kaylangan,1,0.00037,271340,99.17833,273588
7442,kaypro4,1,0.00037,271341,99.17869,273588
7443,kazssym,1,0.00037,271342,99.17906,273588
7444,kazuki229,1,0.00037,271343,99.17942,273588
7445,kbariotis,1,0.00037,271344,99.17979,273588
7446,kbrgl,1,0.00037,271345,99.18015,273588
7447,k-cheng,1,0.00037,271346,99.18052,273588
7448,kchirls,1,0.00037,271347,99.18089,273588
7449,kcthota,1,0.00037,271348,99.18125,273588
7450,keigo,1,0.00037,271349,99.18162,273588
7451,keirog,1,0.00037,271350,99.18198,273588
7452,kelebra,1,0.00037,271351,99.18235,273588
7453,kellypleahy,1,0.00037,271352,99.18271,273588
7454,kellyrmilligan,1,0.00037,271353,99.18308,273588
7455,kenhowardpdx,1,0.00037,271354,99.18344,273588
7456,kennynaoh,1,0.00037,271355,99.18381,273588
7457,kenperkins,1,0.00037,271356,99.18417,273588
7458,kenrota,1,0.00037,271357,99.18454,273588
7459,kepta,1,0.00037,271358,99.18491,273588
7460,kevin940726,1,0.00037,271359,99.18527,273588
7461,Kevinci,1,0.00037,271360,99.18564,273588
7462,kevincupp,1,0.00037,271361,99.18600,273588
7463,kevin-david,1,0.00037,271362,99.18637,273588
7464,Kevin-K,1,0.00037,271363,99.18673,273588
7465,kevinkassimo,1,0.00037,271364,99.18710,273588
7466,kevinmost,1,0.00037,271365,99.18746,273588
7467,kevinphelps,1,0.00037,271366,99.18783,273588
7468,kevinsawicki,1,0.00037,271367,99.18820,273588
7469,kevinslin,1,0.00037,271368,99.18856,273588
7470,KevinTCoughlin,1,0.00037,271369,99.18893,273588
7471,kevinwestern,1,0.00037,271370,99.18929,273588
7472,KeweiCodes,1,0.00037,271371,99.18966,273588
7473,keyten,1,0.00037,271372,99.19002,273588
7474,khernyo,1,0.00037,271373,99.19039,273588
7475,Khez,1,0.00037,271374,99.19075,273588
7476,kiavashp,1,0.00037,271375,99.19112,273588
7477,kidonng,1,0.00037,271376,99.19149,273588
7478,kikyous,1,0.00037,271377,99.19185,273588
7479,kilianc,1,0.00037,271378,99.19222,273588
7480,kilida,1,0.00037,271379,99.19258,273588
7481,KillaBee1985,1,0.00037,271380,99.19295,273588
7482,KillWolfVlad,1,0.00037,271381,99.19331,273588
7483,kilotaras,1,0.00037,271382,99.19368,273588
7484,kimmobrunfeldt,1,0.00037,271383,99.19404,273588
7485,KindDragon,1,0.00037,271384,99.19441,273588
7486,kingdido999,1,0.00037,271385,99.19477,273588
7487,kini,1,0.00037,271386,99.19514,273588
7488,kira1928,1,0.00037,271387,99.19551,273588
7489,kirill-konshin,1,0.00037,271388,99.19587,273588
7490,KirillOsenkov,1,0.00037,271389,99.19624,273588
7491,kirill-vlasov,1,0.00037,271390,99.19660,273588
7492,kirkthompson,1,0.00037,271391,99.19697,273588
7493,kitsonk,1,0.00037,271392,99.19733,273588
7494,KittieCrash,1,0.00037,271393,99.19770,273588
7495,kjivan,1,0.00037,271394,99.19806,273588
7496,klamping,1,0.00037,271395,99.19843,273588
7497,klausbayrhammer,1,0.00037,271396,99.19880,273588
7498,klemenoslaj,1,0.00037,271397,99.19916,273588
7499,klimashkin,1,0.00037,271398,99.19953,273588
7500,klippx,1,0.00037,271399,99.19989,273588
7501,klis87,1,0.00037,271400,99.20026,273588
7502,klopfdreh,1,0.00037,271401,99.20062,273588
7503,kloun,1,0.00037,271402,99.20099,273588
7504,Kmaschta,1,0.00037,271403,99.20135,273588
7505,knholland,1,0.00037,271404,99.20172,273588
7506,knjk04,1,0.00037,271405,99.20208,273588
7507,kno10,1,0.00037,271406,99.20245,273588
7508,knoxcard,1,0.00037,271407,99.20282,273588
7509,k-nut,1,0.00037,271408,99.20318,273588
7510,kobayashi,1,0.00037,271409,99.20355,273588
7511,KodrAus,1,0.00037,271410,99.20391,273588
7512,koenigst,1,0.00037,271411,99.20428,273588
7513,kohashi,1,0.00037,271412,99.20464,273588
7514,koh-taka,1,0.00037,271413,99.20501,273588
7515,koistya,1,0.00037,271414,99.20537,273588
7516,kolomiichenko,1,0.00037,271415,99.20574,273588
7517,KoltesDigital,1,0.00037,271416,99.20611,273588
7518,konekoya,1,0.00037,271417,99.20647,273588
7519,kon-shou,1,0.00037,271418,99.20684,273588
7520,KonstaL,1,0.00037,271419,99.20720,273588
7521,konteck,1,0.00037,271420,99.20757,273588
7522,koopero,1,0.00037,271421,99.20793,273588
7523,kootoopas,1,0.00037,271422,99.20830,273588
7524,kopylovvlad,1,0.00037,271423,99.20866,273588
7525,koraytugay,1,0.00037,271424,99.20903,273588
7526,Kornel,1,0.00037,271425,99.20940,273588
7527,koto,1,0.00037,271426,99.20976,273588
7528,Kouzukii,1,0.00037,271427,99.21013,273588
7529,kp96,1,0.00037,271428,99.21049,273588
7530,Krajsnick,1,0.00037,271429,99.21086,273588
7531,krenor,1,0.00037,271430,99.21122,273588
7532,Kreozot,1,0.00037,271431,99.21159,273588
7533,KristofMorva,1,0.00037,271432,99.21195,273588
7534,krnsripati,1,0.00037,271433,99.21232,273588
7535,krosenberg,1,0.00037,271434,99.21268,273588
7536,krotscheck,1,0.00037,271435,99.21305,273588
7537,kryogenic,1,0.00037,271436,99.21342,273588
7538,kryops,1,0.00037,271437,99.21378,273588
7539,krzyk,1,0.00037,271438,99.21415,273588
7540,krzywiecki,1,0.00037,271439,99.21451,273588
7541,k-schneider,1,0.00037,271440,99.21488,273588
7542,ksheedlo,1,0.00037,271441,99.21524,273588
7543,kshetline,1,0.00037,271442,99.21561,273588
7544,kshitijb,1,0.00037,271443,99.21597,273588
7545,ksloan,1,0.00037,271444,99.21634,273588
7546,ksnabb,1,0.00037,271445,99.21671,273588
7547,kspearrin,1,0.00037,271446,99.21707,273588
7548,KSXGitHub,1,0.00037,271447,99.21744,273588
7549,ku8ar,1,0.00037,271448,99.21780,273588
7550,kubosho,1,0.00037,271449,99.21817,273588
7551,kuhlenh,1,0.00037,271450,99.21853,273588
7552,kuitos,1,0.00037,271451,99.21890,273588
7553,kukat,1,0.00037,271452,99.21926,273588
7554,kukjevov,1,0.00037,271453,99.21963,273588
7555,kulek1,1,0.00037,271454,99.22000,273588
7556,Kundan28,1,0.00037,271455,99.22036,273588
7557,kunxian-xia,1,0.00037,271456,99.22073,273588
7558,kuroky360,1,0.00037,271457,99.22109,273588
7559,kusold,1,0.00037,271458,99.22146,273588
7560,kutagh,1,0.00037,271459,99.22182,273588
7561,kvochko,1,0.00037,271460,99.22219,273588
7562,kwelch,1,0.00037,271461,99.22255,273588
7563,kwizzn,1,0.00037,271462,99.22292,273588
7564,kybetter,1,0.00037,271463,99.22328,273588
7565,kyeotic,1,0.00037,271464,99.22365,273588
7566,kyle116,1,0.00037,271465,99.22402,273588
7567,kylezeeuwen,1,0.00037,271466,99.22438,273588
7568,kyoz,1,0.00037,271467,99.22475,273588
7569,kyranet,1,0.00037,271468,99.22511,273588
7570,Laassari,1,0.00037,271469,99.22548,273588
7571,laat,1,0.00037,271470,99.22584,273588
7572,lahmatiy,1,0.00037,271471,99.22621,273588
7573,lalithpolepeddi,1,0.00037,271472,99.22657,273588
7574,lambdageek,1,0.00037,271473,99.22694,273588
7575,lambdista,1,0.00037,271474,99.22731,273588
7576,lamby,1,0.00037,271475,99.22767,273588
7577,lamo2k123,1,0.00037,271476,99.22804,273588
7578,Lange,1,0.00037,271477,99.22840,273588
7579,laranhee,1,0.00037,271478,99.22877,273588
7580,larrys,1,0.00037,271479,99.22913,273588
7581,larrywest42,1,0.00037,271480,99.22950,273588
7582,larsrh,1,0.00037,271481,99.22986,273588
7583,LarsTi,1,0.00037,271482,99.23023,273588
7584,larzknoke,1,0.00037,271483,99.23059,273588
7585,Lasering,1,0.00037,271484,99.23096,273588
7586,lashad,1,0.00037,271485,99.23133,273588
7587,laurawalker,1,0.00037,271486,99.23169,273588
7588,laurentgoudet,1,0.00037,271487,99.23206,273588
7589,laurentkempe,1,0.00037,271488,99.23242,273588
7590,lauriejones,1,0.00037,271489,99.23279,273588
7591,laurio,1,0.00037,271490,99.23315,273588
7592,lazaroalvarenga,1,0.00037,271491,99.23352,273588
7593,lbesson,1,0.00037,271492,99.23388,273588
7594,lbogdan,1,0.00037,271493,99.23425,273588
7595,lboullo0,1,0.00037,271494,99.23462,273588
7596,lbragaglia,1,0.00037,271495,99.23498,273588
7597,lcarva,1,0.00037,271496,99.23535,273588
7598,lcoote,1,0.00037,271497,99.23571,273588
7599,lddubeau,1,0.00037,271498,99.23608,273588
7600,ledbit,1,0.00037,271499,99.23644,273588
7601,lehni,1,0.00037,271500,99.23681,273588
7602,leibale,1,0.00037,271501,99.23717,273588
7603,leidegre,1,0.00037,271502,99.23754,273588
7604,leighsn,1,0.00037,271503,99.23791,273588
7605,leipert,1,0.00037,271504,99.23827,273588
7606,lenisha,1,0.00037,271505,99.23864,273588
7607,lennym,1,0.00037,271506,99.23900,273588
7608,lenovouser,1,0.00037,271507,99.23937,273588
7609,leocaseiro,1,0.00037,271508,99.23973,273588
7610,LeoColomb,1,0.00037,271509,99.24010,273588
7611,LeoDanielsson,1,0.00037,271510,99.24046,273588
7612,leoger,1,0.00037,271511,99.24083,273588
7613,leonardodino,1,0.00037,271512,99.24119,273588
7614,leongjiameng,1,0.00037,271513,99.24156,273588
7615,leongrdic,1,0.00037,271514,99.24193,273588
7616,leoselig,1,0.00037,271515,99.24229,273588
7617,leosvelperez,1,0.00037,271516,99.24266,273588
7618,leothorp,1,0.00037,271517,99.24302,273588
7619,leotsarev,1,0.00037,271518,99.24339,273588
7620,lersek,1,0.00037,271519,99.24375,273588
7621,lesiak,1,0.00037,271520,99.24412,273588
7622,lessfish,1,0.00037,271521,99.24448,273588
7623,letiemble,1,0.00037,271522,99.24485,273588
7624,LetItRock,1,0.00037,271523,99.24522,273588
7625,letrhee-nsr,1,0.00037,271524,99.24558,273588
7626,levibotelho,1,0.00037,271525,99.24595,273588
7627,LeviticusMB,1,0.00037,271526,99.24631,273588
7628,lewurm,1,0.00037,271527,99.24668,273588
7629,lex111,1,0.00037,271528,99.24704,273588
7630,lexdene,1,0.00037,271529,99.24741,273588
7631,lexinerus,1,0.00037,271530,99.24777,273588
7632,lfaraone,1,0.00037,271531,99.24814,273588
7633,lgaticaq,1,0.00037,271532,99.24851,273588
7634,lgraubner,1,0.00037,271533,99.24887,273588
7635,LiadIdan,1,0.00037,271534,99.24924,273588
7636,liady,1,0.00037,271535,99.24960,273588
7637,libetl,1,0.00037,271536,99.24997,273588
7638,LichKing-lee,1,0.00037,271537,99.25033,273588
7639,lielfr,1,0.00037,271538,99.25070,273588
7640,lifeisfoo,1,0.00037,271539,99.25106,273588
7641,lifuhuang,1,0.00037,271540,99.25143,273588
7642,lifus,1,0.00037,271541,99.25179,273588
7643,lightbringer1991,1,0.00037,271542,99.25216,273588
7644,lillo42,1,0.00037,271543,99.25253,273588
7645,lina,1,0.00037,271544,99.25289,273588
7646,Linard11,1,0.00037,271545,99.25326,273588
7647,lindboe,1,0.00037,271546,99.25362,273588
7648,lindner,1,0.00037,271547,99.25399,273588
7649,link-alex,1,0.00037,271548,99.25435,273588
7650,lioman,1,0.00037,271549,99.25472,273588
7651,lionello,1,0.00037,271550,99.25508,273588
7652,liorcode,1,0.00037,271551,99.25545,273588
7653,liranc,1,0.00037,271552,99.25582,273588
7654,liry,1,0.00037,271553,99.25618,273588
7655,lisapfisterer,1,0.00037,271554,99.25655,273588
7656,liskin,1,0.00037,271555,99.25691,273588
7657,liudongmiao,1,0.00037,271556,99.25728,273588
7658,liuhelen10,1,0.00037,271557,99.25764,273588
7659,liunian,1,0.00037,271558,99.25801,273588
7660,liutao,1,0.00037,271559,99.25837,273588
7661,LKI,1,0.00037,271560,99.25874,273588
7662,llekn,1,0.00037,271561,99.25910,273588
7663,lloy0076,1,0.00037,271562,99.25947,273588
7664,lm1,1,0.00037,271563,99.25984,273588
7665,lndbrg,1,0.00037,271564,99.26020,273588
7666,lnkvisitor,1,0.00037,271565,99.26057,273588
7667,locknono,1,0.00037,271566,99.26093,273588
7668,logiclrd,1,0.00037,271567,99.26130,273588
7669,logihome,1,0.00037,271568,99.26166,273588
7670,loilo,1,0.00037,271569,99.26203,273588
7671,Lokua,1,0.00037,271570,99.26239,273588
7672,longagofaraway,1,0.00037,271571,99.26276,273588
7673,lopezcjf,1,0.00037,271572,99.26313,273588
7674,LordMike,1,0.00037,271573,99.26349,273588
7675,lorenzph,1,0.00037,271574,99.26386,273588
7676,LosBunkos,1,0.00037,271575,99.26422,273588
7677,LotharOfTheHillPeople,1,0.00037,271576,99.26459,273588
7678,lpandzic,1,0.00037,271577,99.26495,273588
7679,lpolepeddi,1,0.00037,271578,99.26532,273588
7680,Lroca88,1,0.00037,271579,99.26568,273588
7681,lrstanley,1,0.00037,271580,99.26605,273588
7682,ls-guillaume-rebesche,1,0.00037,271581,99.26642,273588
7683,LTMenezes,1,0.00037,271582,99.26678,273588
7684,luanmuniz,1,0.00037,271583,99.26715,273588
7685,luanpotter,1,0.00037,271584,99.26751,273588
7686,lucalas,1,0.00037,271585,99.26788,273588
7687,lucas-aragno,1,0.00037,271586,99.26824,273588
7688,luccioman,1,0.00037,271587,99.26861,273588
7689,Luciferius,1,0.00037,271588,99.26897,273588
7690,luciferous,1,0.00037,271589,99.26934,273588
7691,Ludevik,1,0.00037,271590,99.26970,273588
7692,ludovic-henry,1,0.00037,271591,99.27007,273588
7693,ludovicofischer,1,0.00037,271592,99.27044,273588
7694,ludovicoforace,1,0.00037,271593,99.27080,273588
7695,ludvigsen,1,0.00037,271594,99.27117,273588
7696,LudwikJaniuk,1,0.00037,271595,99.27153,273588
7697,lufegit,1,0.00037,271596,99.27190,273588
7698,luggage66,1,0.00037,271597,99.27226,273588
7699,luislobo,1,0.00037,271598,99.27263,273588
7700,lukechilds,1,0.00037,271599,99.27299,273588
7701,lukecwik,1,0.00037,271600,99.27336,273588
7702,lukeed,1,0.00037,271601,99.27373,273588
7703,lukemcgregor,1,0.00037,271602,99.27409,273588
7704,lukewagner,1,0.00037,271603,99.27446,273588
7705,lullajd,1,0.00037,271604,99.27482,273588
7706,lunaticare,1,0.00037,271605,99.27519,273588
7707,lusarz,1,0.00037,271606,99.27555,273588
7708,lutovich,1,0.00037,271607,99.27592,273588
7709,lvivski,1,0.00037,271608,99.27628,273588
7710,lvzhenbang,1,0.00037,271609,99.27665,273588
7711,lweichselbaum,1,0.00037,271610,99.27702,273588
7712,lx1036,1,0.00037,271611,99.27738,273588
7713,lxxxvi,1,0.00037,271612,99.27775,273588
7714,lydell,1,0.00037,271613,99.27811,273588
7715,lylek,1,0.00037,271614,99.27848,273588
7716,Ly-lns,1,0.00037,271615,99.27884,273588
7717,lyonplus,1,0.00037,271616,99.27921,273588
7718,Lysander6,1,0.00037,271617,99.27957,273588
7719,lzybkr,1,0.00037,271618,99.27994,273588
7720,m08pvv-zz,1,0.00037,271619,99.28030,273588
7721,m0xb,1,0.00037,271620,99.28067,273588
7722,m1guelpf,1,0.00037,271621,99.28104,273588
7723,m1neral,1,0.00037,271622,99.28140,273588
7724,m59peacemaker,1,0.00037,271623,99.28177,273588
7725,maartentibau,1,0.00037,271624,99.28213,273588
7726,machaval,1,0.00037,271625,99.28250,273588
7727,Maciek416,1,0.00037,271626,99.28286,273588
7728,Macil,1,0.00037,271627,99.28323,273588
7729,madarche,1,0.00037,271628,99.28359,273588
7730,madelson,1,0.00037,271629,99.28396,273588
7731,madenwala,1,0.00037,271630,99.28433,273588
7732,MadLittleMods,1,0.00037,271631,99.28469,273588
7733,madrob,1,0.00037,271632,99.28506,273588
7734,magdazk,1,0.00037,271633,99.28542,273588
7735,magicdawn,1,0.00037,271634,99.28579,273588
7736,MagikSquirrel,1,0.00037,271635,99.28615,273588
7737,magnudae,1,0.00037,271636,99.28652,273588
7738,magro,1,0.00037,271637,99.28688,273588
7739,maherbeg,1,0.00037,271638,99.28725,273588
7740,MahmudH,1,0.00037,271639,99.28761,273588
7741,mainakae,1,0.00037,271640,99.28798,273588
7742,maiph,1,0.00037,271641,99.28835,273588
7743,Maistho,1,0.00037,271642,99.28871,273588
7744,majecty,1,0.00037,271643,99.28908,273588
7745,makrandgupta,1,0.00037,271644,99.28944,273588
7746,maks-rafalko,1,0.00037,271645,99.28981,273588
7747,malcolmrebughini,1,0.00037,271646,99.29017,273588
7748,malfist,1,0.00037,271647,99.29054,273588
7749,Malizor,1,0.00037,271648,99.29090,273588
7750,malladi-s,1,0.00037,271649,99.29127,273588
7751,malthejorgensen,1,0.00037,271650,99.29164,273588
7752,malud,1,0.00037,271651,99.29200,273588
7753,Mamboleoo,1,0.00037,271652,99.29237,273588
7754,mandawah,1,0.00037,271653,99.29273,273588
7755,ManickaP,1,0.00037,271654,99.29310,273588
7756,mani-mishra,1,0.00037,271655,99.29346,273588
7757,Manishearth,1,0.00037,271656,99.29383,273588
7758,ManoelLobo,1,0.00037,271657,99.29419,273588
7759,manospasj,1,0.00037,271658,99.29456,273588
7760,manrueda,1,0.00037,271659,99.29493,273588
7761,manudwarf,1,0.00037,271660,99.29529,273588
7762,manuelkollus,1,0.00037,271661,99.29566,273588
7763,manveru,1,0.00037,271662,99.29602,273588
7764,marado,1,0.00037,271663,99.29639,273588
7765,marc-christian-schulze,1,0.00037,271664,99.29675,273588
7766,MarcelGerber,1,0.00037,271665,99.29712,273588
7767,marcelometal,1,0.00037,271666,99.29748,273588
7768,marcfallows,1,0.00037,271667,99.29785,273588
7769,marchant,1,0.00037,271668,99.29821,273588
7770,marclipovsky,1,0.00037,271669,99.29858,273588
7771,marcnet80,1,0.00037,271670,99.29895,273588
7772,marcoil,1,0.00037,271671,99.29931,273588
7773,Marcono1234,1,0.00037,271672,99.29968,273588
7774,marcoow,1,0.00037,271673,99.30004,273588
7775,marcprux,1,0.00037,271674,99.30041,273588
7776,marcrocny,1,0.00037,271675,99.30077,273588
7777,MarcT512,1,0.00037,271676,99.30114,273588
7778,marcus-h,1,0.00037,271677,99.30150,273588
7779,marcusmolchany,1,0.00037,271678,99.30187,273588
7780,marcuspoehls,1,0.00037,271679,99.30224,273588
7781,marcusradell,1,0.00037,271680,99.30260,273588
7782,marcuswhybrow,1,0.00037,271681,99.30297,273588
7783,mardibiase,1,0.00037,271682,99.30333,273588
7784,marekventur,1,0.00037,271683,99.30370,273588
7785,MaridProject,1,0.00037,271684,99.30406,273588
7786,mariecl,1,0.00037,271685,99.30443,273588
7787,mariodu,1,0.00037,271686,99.30479,273588
7788,marioestradarosa,1,0.00037,271687,99.30516,273588
7789,marios-zindilis,1,0.00037,271688,99.30553,273588
7790,marjakh,1,0.00037,271689,99.30589,273588
7791,marjan-georgiev,1,0.00037,271690,99.30626,273588
7792,markandrus,1,0.00037,271691,99.30662,273588
7793,MarkArranz,1,0.00037,271692,99.30699,273588
7794,markau,1,0.00037,271693,99.30735,273588
7795,markbirbeck,1,0.00037,271694,99.30772,273588
7796,MarkChrisLevy,1,0.00037,271695,99.30808,273588
7797,Marketionist,1,0.00037,271696,99.30845,273588
7798,markhurd,1,0.00037,271697,99.30881,273588
7799,markjackson02,1,0.00037,271698,99.30918,273588
7800,marko-asplund,1,0.00037,271699,99.30955,273588
7801,marko-bekhta,1,0.00037,271700,99.30991,273588
7802,marko-vasic,1,0.00037,271701,99.31028,273588
7803,MarkPollmann,1,0.00037,271702,99.31064,273588
7804,mark-rushakoff,1,0.00037,271703,99.31101,273588
7805,marksanghoonkim,1,0.00037,271704,99.31137,273588
7806,markshannon,1,0.00037,271705,99.31174,273588
7807,markspolakovs,1,0.00037,271706,99.31210,273588
7808,marktinsley,1,0.00037,271707,99.31247,273588
7809,markusjura,1,0.00037,271708,99.31284,273588
7810,markyen,1,0.00037,271709,99.31320,273588
7811,marlon360,1,0.00037,271710,99.31357,273588
7812,marlonmleite,1,0.00037,271711,99.31393,273588
7813,marshall007,1,0.00037,271712,99.31430,273588
7814,MarSik,1,0.00037,271713,99.31466,273588
7815,marthagenaars,1,0.00037,271714,99.31503,273588
7816,MartinKamenov,1,0.00037,271715,99.31539,273588
7817,martinwoodward,1,0.00037,271716,99.31576,273588
7818,martomi,1,0.00037,271717,99.31612,273588
7819,Marv51,1,0.00037,271718,99.31649,273588
7820,masao,1,0.00037,271719,99.31686,273588
7821,Maskedman99,1,0.00037,271720,99.31722,273588
7822,masteradhoc,1,0.00037,271721,99.31759,273588
7823,masterfung,1,0.00037,271722,99.31795,273588
7824,masterots,1,0.00037,271723,99.31832,273588
7825,mastojun,1,0.00037,271724,99.31868,273588
7826,matankb,1,0.00037,271725,99.31905,273588
7827,matchu,1,0.00037,271726,99.31941,273588
7828,matejskubic,1,0.00037,271727,99.31978,273588
7829,matejstrasek,1,0.00037,271728,99.32015,273588
7830,mateusz-matela,1,0.00037,271729,99.32051,273588
7831,matheusazzi,1,0.00037,271730,99.32088,273588
7832,matheushf,1,0.00037,271731,99.32124,273588
7833,mathhun,1,0.00037,271732,99.32161,273588
7834,mathiasrw,1,0.00037,271733,99.32197,273588
7835,mathielo,1,0.00037,271734,99.32234,273588
7836,Mathieuu,1,0.00037,271735,99.32270,273588
7837,mathisonian,1,0.00037,271736,99.32307,273588
7838,matias-capeletto,1,0.00037,271737,99.32344,273588
7839,matiaszanolli,1,0.00037,271738,99.32380,273588
7840,matildasmeds,1,0.00037,271739,99.32417,273588
7841,matryo,1,0.00037,271740,99.32453,273588
7842,mattbab,1,0.00037,271741,99.32490,273588
7843,mattc41190,1,0.00037,271742,99.32526,273588
7844,MattCain,1,0.00037,271743,99.32563,273588
7845,MattCBowman,1,0.00037,271744,99.32599,273588
7846,matt-duch,1,0.00037,271745,99.32636,273588
7847,matteason,1,0.00037,271746,99.32672,273588
7848,matteosuppo,1,0.00037,271747,99.32709,273588
7849,matthargett,1,0.00037,271748,99.32746,273588
7850,matthauck,1,0.00037,271749,99.32782,273588
7851,matt-hernandez,1,0.00037,271750,99.32819,273588
7852,MatthewBeardmore,1,0.00037,271751,99.32855,273588
7853,matthewcm,1,0.00037,271752,99.32892,273588
7854,Matthew-Davey,1,0.00037,271753,99.32928,273588
7855,matthewdias,1,0.00037,271754,99.32965,273588
7856,matthewlooi,1,0.00037,271755,99.33001,273588
7857,matthewloring,1,0.00037,271756,99.33038,273588
7858,matthiasdebaere,1,0.00037,271757,99.33075,273588
7859,MatthieuLemoine,1,0.00037,271758,99.33111,273588
7860,matthijsbreemans,1,0.00037,271759,99.33148,273588
7861,mattiamanzati,1,0.00037,271760,99.33184,273588
7862,MattiasBuelens,1,0.00037,271761,99.33221,273588
7863,MattijsKneppers,1,0.00037,271762,99.33257,273588
7864,MattKotsenas,1,0.00037,271763,99.33294,273588
7865,mattlubner,1,0.00037,271764,99.33330,273588
7866,MattMcFarland,1,0.00037,271765,99.33367,273588
7867,mattnelson,1,0.00037,271766,99.33404,273588
7868,mattpwhite,1,0.00037,271767,99.33440,273588
7869,MattSturgeon,1,0.00037,271768,99.33477,273588
7870,matt-thomson,1,0.00037,271769,99.33513,273588
7871,mauricedb,1,0.00037,271770,99.33550,273588
7872,maxd,1,0.00037,271771,99.33586,273588
7873,MaxHorstmann,1,0.00037,271772,99.33623,273588
7874,MaximAbramchuck,1,0.00037,271773,99.33659,273588
7875,maximandrews,1,0.00037,271774,99.33696,273588
7876,maximelafarie,1,0.00037,271775,99.33732,273588
7877,maximevaly,1,0.00037,271776,99.33769,273588
7878,maximgatilin,1,0.00037,271777,99.33806,273588
7879,MaximRouiller,1,0.00037,271778,99.33842,273588
7880,maxisam,1,0.00037,271779,99.33879,273588
7881,maxjoehnk,1,0.00037,271780,99.33915,273588
7882,maxkoryukov,1,0.00037,271781,99.33952,273588
7883,maxkostow,1,0.00037,271782,99.33988,273588
7884,MaxMommersteeg,1,0.00037,271783,99.34025,273588
7885,Max-Moro,1,0.00037,271784,99.34061,273588
7886,max-mykhailenko,1,0.00037,271785,99.34098,273588
7887,MaxShoshin,1,0.00037,271786,99.34135,273588
7888,maxthyen,1,0.00037,271787,99.34171,273588
7889,maxweldsouza,1,0.00037,271788,99.34208,273588
7890,Mazuh,1,0.00037,271789,99.34244,273588
7891,mbad0la,1,0.00037,271790,99.34281,273588
7892,mborst,1,0.00037,271791,99.34317,273588
7893,mbusso,1,0.00037,271792,99.34354,273588
7894,mcauser,1,0.00037,271793,99.34390,273588
7895,MCAxiaz,1,0.00037,271794,99.34427,273588
7896,mccbraxton,1,0.00037,271795,99.34463,273588
7897,mcgraphix,1,0.00037,271796,99.34500,273588
7898,mches,1,0.00037,271797,99.34537,273588
7899,mciezadlo,1,0.00037,271798,99.34573,273588
7900,mcintdan,1,0.00037,271799,99.34610,273588
7901,mcjlnrtwcz,1,0.00037,271800,99.34646,273588
7902,mcobrien,1,0.00037,271801,99.34683,273588
7903,mdaverde,1,0.00037,271802,99.34719,273588
7904,mdcanham,1,0.00037,271803,99.34756,273588
7905,mderriey,1,0.00037,271804,99.34792,273588
7906,mdisg,1,0.00037,271805,99.34829,273588
7907,mdogadailo,1,0.00037,271806,99.34866,273588
7908,mdonoughe,1,0.00037,271807,99.34902,273588
7909,mduu,1,0.00037,271808,99.34939,273588
7910,me89,1,0.00037,271809,99.34975,273588
7911,mechpen,1,0.00037,271810,99.35012,273588
7912,medanat,1,0.00037,271811,99.35048,273588
7913,mehcode,1,0.00037,271812,99.35085,273588
7914,mehrabisajad,1,0.00037,271813,99.35121,273588
7915,meletisf,1,0.00037,271814,99.35158,273588
7916,melezov,1,0.00037,271815,99.35195,273588
7917,melloware,1,0.00037,271816,99.35231,273588
7918,melnikov-s,1,0.00037,271817,99.35268,273588
7919,melquiadess,1,0.00037,271818,99.35304,273588
7920,melvin0008,1,0.00037,271819,99.35341,273588
7921,memoryhole,1,0.00037,271820,99.35377,273588
7922,mempf,1,0.00037,271821,99.35414,273588
7923,mergebandit,1,0.00037,271822,99.35450,273588
7924,merriam,1,0.00037,271823,99.35487,273588
7925,mesaugat,1,0.00037,271824,99.35523,273588
7926,messense,1,0.00037,271825,99.35560,273588
7927,mestremuten,1,0.00037,271826,99.35597,273588
7928,meteorlxy,1,0.00037,271827,99.35633,273588
7929,meyertee,1,0.00037,271828,99.35670,273588
7930,mgalante,1,0.00037,271829,99.35706,273588
7931,mgilson,1,0.00037,271830,99.35743,273588
7932,mgorabbani,1,0.00037,271831,99.35779,273588
7933,mhassan1,1,0.00037,271832,99.35816,273588
7934,mh-cbon,1,0.00037,271833,99.35852,273588
7935,mhils,1,0.00037,271834,99.35889,273588
7936,mholo65,1,0.00037,271835,99.35926,273588
7937,micha149,1,0.00037,271836,99.35962,273588
7938,Michael77,1,0.00037,271837,99.35999,273588
7939,michaelbjames,1,0.00037,271838,99.36035,273588
7940,MichaelBuerge,1,0.00037,271839,99.36072,273588
7941,michaelcheng924,1,0.00037,271840,99.36108,273588
7942,MichaelEvans,1,0.00037,271841,99.36145,273588
7943,MichaelFoss,1,0.00037,271842,99.36181,273588
7944,michaelhixson,1,0.00037,271843,99.36218,273588
7945,michaelhofer,1,0.00037,271844,99.36255,273588
7946,michaelhofer-slg,1,0.00037,271845,99.36291,273588
7947,michaeljota,1,0.00037,271846,99.36328,273588
7948,michaellieberherr,1,0.00037,271847,99.36364,273588
7949,michaellieberherrr,1,0.00037,271848,99.36401,273588
7950,michaelpg,1,0.00037,271849,99.36437,273588
7951,michaelpigg,1,0.00037,271850,99.36474,273588
7952,michaelsavich,1,0.00037,271851,99.36510,273588
7953,michaelthe,1,0.00037,271852,99.36547,273588
7954,MichaReiser,1,0.00037,271853,99.36583,273588
7955,michastreppel,1,0.00037,271854,99.36620,273588
7956,michelsalib,1,0.00037,271855,99.36657,273588
7957,michi84o,1,0.00037,271856,99.36693,273588
7958,Mickael-van-der-Beek,1,0.00037,271857,99.36730,273588
7959,miestasmia,1,0.00037,271858,99.36766,273588
7960,migg24,1,0.00037,271859,99.36803,273588
7961,MiguelCastillo,1,0.00037,271860,99.36839,273588
7962,migueldeicaza,1,0.00037,271861,99.36876,273588
7963,migueloller,1,0.00037,271862,99.36912,273588
7964,MihaiB,1,0.00037,271863,99.36949,273588
7965,mihailik,1,0.00037,271864,99.36986,273588
7966,Miha-x64,1,0.00037,271865,99.37022,273588
7967,MihaZupan,1,0.00037,271866,99.37059,273588
7968,Mik13,1,0.00037,271867,99.37095,273588
7969,MikailBag,1,0.00037,271868,99.37132,273588
7970,Mike96Angelo,1,0.00037,271869,99.37168,273588
7971,MikeFH,1,0.00037,271870,99.37205,273588
7972,mikelseverson,1,0.00037,271871,99.37241,273588
7973,mikemaccana,1,0.00037,271872,99.37278,273588
7974,mike-marcacci,1,0.00037,271873,99.37315,273588
7975,mikemeko,1,0.00037,271874,99.37351,273588
7976,mikenikles,1,0.00037,271875,99.37388,273588
7977,mikeparas,1,0.00037,271876,99.37424,273588
7978,MikePopoloski,1,0.00037,271877,99.37461,273588
7979,MikeRogers0,1,0.00037,271878,99.37497,273588
7980,MikeRyanDev,1,0.00037,271879,99.37534,273588
7981,miketaylr,1,0.00037,271880,99.37570,273588
7982,MikevanDongen,1,0.00037,271881,99.37607,273588
7983,mike-weshop,1,0.00037,271882,99.37643,273588
7984,mikexstudios,1,0.00037,271883,99.37680,273588
7985,mikeybyker,1,0.00037,271884,99.37717,273588
7986,mikhailshilkov,1,0.00037,271885,99.37753,273588
7987,mikrofusion,1,0.00037,271886,99.37790,273588
7988,miksh7,1,0.00037,271887,99.37826,273588
7989,mildis,1,0.00037,271888,99.37863,273588
7990,milesthedisch,1,0.00037,271889,99.37899,273588
7991,milk54,1,0.00037,271890,99.37936,273588
7992,milosprv,1,0.00037,271891,99.37972,273588
7993,miloush,1,0.00037,271892,99.38009,273588
7994,MiltonAkash,1,0.00037,271893,99.38046,273588
7995,Mindstormer619,1,0.00037,271894,99.38082,273588
7996,MingYinLv,1,0.00037,271895,99.38119,273588
7997,MinhNguyenDev,1,0.00037,271896,99.38155,273588
7998,minho42,1,0.00037,271897,99.38192,273588
7999,MiniGod,1,0.00037,271898,99.38228,273588
8000,mips-r6,1,0.00037,271899,99.38265,273588
8001,mirekfranc,1,0.00037,271900,99.38301,273588
8002,mirhagk,1,0.00037,271901,99.38338,273588
8003,mirkods,1,0.00037,271902,99.38374,273588
8004,miserylee,1,0.00037,271903,99.38411,273588
8005,mismith,1,0.00037,271904,99.38448,273588
8006,misogl,1,0.00037,271905,99.38484,273588
8007,misterbeegee,1,0.00037,271906,99.38521,273588
8008,miteshaghera,1,0.00037,271907,99.38557,273588
8009,miteshvmehta,1,0.00037,271908,99.38594,273588
8010,mitranim,1,0.00037,271909,99.38630,273588
8011,mittcoats,1,0.00037,271910,99.38667,273588
8012,mjawulski,1,0.00037,271911,99.38703,273588
8013,mjedrzejek,1,0.00037,271912,99.38740,273588
8014,mjesun,1,0.00037,271913,99.38777,273588
8015,mjgs,1,0.00037,271914,99.38813,273588
8016,mjhasbach,1,0.00037,271915,99.38850,273588
8017,mjpieters,1,0.00037,271916,99.38886,273588
8018,mjw56,1,0.00037,271917,99.38923,273588
8019,mkanat,1,0.00037,271918,99.38959,273588
8020,mkantor,1,0.00037,271919,99.38996,273588
8021,mkawalec,1,0.00037,271920,99.39032,273588
8022,mkborg,1,0.00037,271921,99.39069,273588
8023,mkell85,1,0.00037,271922,99.39106,273588
8024,mkennedy3000,1,0.00037,271923,99.39142,273588
8025,mking,1,0.00037,271924,99.39179,273588
8026,mklement0,1,0.00037,271925,99.39215,273588
8027,mkokho,1,0.00037,271926,99.39252,273588
8028,mkupiniak,1,0.00037,271927,99.39288,273588
8029,mlacouture,1,0.00037,271928,99.39325,273588
8030,mleibman,1,0.00037,271929,99.39361,273588
8031,mlewand,1,0.00037,271930,99.39398,273588
8032,mlissner,1,0.00037,271931,99.39434,273588
8033,mlostekk,1,0.00037,271932,99.39471,273588
8034,mmedal,1,0.00037,271933,99.39508,273588
8035,mmimica,1,0.00037,271934,99.39544,273588
8036,mminer,1,0.00037,271935,99.39581,273588
8037,mmis1000,1,0.00037,271936,99.39617,273588
8038,mmoffitt,1,0.00037,271937,99.39654,273588
8039,mmorearty,1,0.00037,271938,99.39690,273588
8040,mmoss,1,0.00037,271939,99.39727,273588
8041,mmynsted,1,0.00037,271940,99.39763,273588
8042,mnahkies,1,0.00037,271941,99.39800,273588
8043,mnmtanish,1,0.00037,271942,99.39837,273588
8044,mnpenner,1,0.00037,271943,99.39873,273588
8045,mnutt,1,0.00037,271944,99.39910,273588
8046,mo,1,0.00037,271945,99.39946,273588
8047,modernlegend,1,0.00037,271946,99.39983,273588
8048,MoenCertiK,1,0.00037,271947,99.40019,273588
8049,Moeriki,1,0.00037,271948,99.40056,273588
8050,mohamed-ismat,1,0.00037,271949,99.40092,273588
8051,mohan-mu,1,0.00037,271950,99.40129,273588
8052,Mohit21GoJs,1,0.00037,271951,99.40166,273588
8053,mohitchugh,1,0.00037,271952,99.40202,273588
8054,mohnmu,1,0.00037,271953,99.40239,273588
8055,mohuk,1,0.00037,271954,99.40275,273588
8056,moismat,1,0.00037,271955,99.40312,273588
8057,mondaychen,1,0.00037,271956,99.40348,273588
8058,monkeym4ster,1,0.00037,271957,99.40385,273588
8059,monners,1,0.00037,271958,99.40421,273588
8060,MoonBall,1,0.00037,271959,99.40458,273588
8061,morchard,1,0.00037,271960,99.40494,273588
8062,Morhaus,1,0.00037,271961,99.40531,273588
8063,Moriadry,1,0.00037,271962,99.40568,273588
8064,morishitter,1,0.00037,271963,99.40604,273588
8065,morningmemo,1,0.00037,271964,99.40641,273588
8066,morsdyce,1,0.00037,271965,99.40677,273588
8067,MosheZemah,1,0.00037,271966,99.40714,273588
8068,mostwired,1,0.00037,271967,99.40750,273588
8069,motet-a,1,0.00037,271968,99.40787,273588
8070,motlin,1,0.00037,271969,99.40823,273588
8071,mouadennaciri,1,0.00037,271970,99.40860,273588
8072,mourawaldson,1,0.00037,271971,99.40897,273588
8073,MouriNaruto,1,0.00037,271972,99.40933,273588
8074,Mozilla-GitHub-Standards,1,0.00037,271973,99.40970,273588
8075,mpabst,1,0.00037,271974,99.41006,273588
8076,mpccolorado,1,0.00037,271975,99.41043,273588
8077,Mpdreamz,1,0.00037,271976,99.41079,273588
8078,mperham,1,0.00037,271977,99.41116,273588
8079,m-przybylski,1,0.00037,271978,99.41152,273588
8080,mrac,1,0.00037,271979,99.41189,273588
8081,mrbar42,1,0.00037,271980,99.41225,273588
8082,MrDesjardins,1,0.00037,271981,99.41262,273588
8083,mrdoob,1,0.00037,271982,99.41299,273588
8084,mrennie,1,0.00037,271983,99.41335,273588
8085,mritche,1,0.00037,271984,99.41372,273588
8086,mrjgreen,1,0.00037,271985,99.41408,273588
8087,mr-july,1,0.00037,271986,99.41445,273588
8088,mrkev,1,0.00037,271987,99.41481,273588
8089,mrngoitall,1,0.00037,271988,99.41518,273588
8090,mrohr,1,0.00037,271989,99.41554,273588
8091,mr-yamraj,1,0.00037,271990,99.41591,273588
8092,msabramo,1,0.00037,271991,99.41628,273588
8093,MSaifAsif,1,0.00037,271992,99.41664,273588
8094,msal4,1,0.00037,271993,99.41701,273588
8095,msebire,1,0.00037,271994,99.41737,273588
8096,msemtd,1,0.00037,271995,99.41774,273588
8097,mshaaban088,1,0.00037,271996,99.41810,273588
8098,mshibuya,1,0.00037,271997,99.41847,273588
8099,msmshazan,1,0.00037,271998,99.41883,273588
8100,msrose,1,0.00037,271999,99.41920,273588
8101,msteiger,1,0.00037,272000,99.41957,273588
8102,mstone6769,1,0.00037,272001,99.41993,273588
8103,mtaran-google,1,0.00037,272002,99.42030,273588
8104,mtone,1,0.00037,272003,99.42066,273588
8105,mtotoWamkwe,1,0.00037,272004,99.42103,273588
8106,mtpetros,1,0.00037,272005,99.42139,273588
8107,MuhanZou,1,0.00037,272006,99.42176,273588
8108,multicolaure,1,0.00037,272007,99.42212,273588
8109,munificent,1,0.00037,272008,99.42249,273588
8110,munro,1,0.00037,272009,99.42285,273588
8111,murillo128,1,0.00037,272010,99.42322,273588
8112,mvasin,1,0.00037,272011,99.42359,273588
8113,mvdnbrk,1,0.00037,272012,99.42395,273588
8114,mvila,1,0.00037,272013,99.42432,273588
8115,mvitz,1,0.00037,272014,99.42468,273588
8116,MWGitHub,1,0.00037,272015,99.42505,273588
8117,mwiencek,1,0.00037,272016,99.42541,273588
8118,m-wilczynski,1,0.00037,272017,99.42578,273588
8119,mwindle,1,0.00037,272018,99.42614,273588
8120,mwittig,1,0.00037,272019,99.42651,273588
8121,mxlbzn,1,0.00037,272020,99.42688,273588
8122,mxviteri,1,0.00037,272021,99.42724,273588
8123,mydea,1,0.00037,272022,99.42761,273588
8124,MYDIH,1,0.00037,272023,99.42797,273588
8125,mykhal,1,0.00037,272024,99.42834,273588
8126,mymattcarroll,1,0.00037,272025,99.42870,273588
8127,myshov,1,0.00037,272026,99.42907,273588
8128,mytuny,1,0.00037,272027,99.42943,273588
8129,myungjoo,1,0.00037,272028,99.42980,273588
8130,mziwisky,1,0.00037,272029,99.43017,273588
8131,mzlee,1,0.00037,272030,99.43053,273588
8132,n0nick,1,0.00037,272031,99.43090,273588
8133,n1c,1,0.00037,272032,99.43126,273588
8134,n1ru4l,1,0.00037,272033,99.43163,273588
8135,nabeelvalley,1,0.00037,272034,99.43199,273588
8136,nacimgoura,1,0.00037,272035,99.43236,273588
8137,nadavkaner,1,0.00037,272036,99.43272,273588
8138,nadavsinai,1,0.00037,272037,99.43309,273588
8139,nadavwe,1,0.00037,272038,99.43345,273588
8140,Naddiseo,1,0.00037,272039,99.43382,273588
8141,nadiatk,1,0.00037,272040,99.43419,273588
8142,naicko,1,0.00037,272041,99.43455,273588
8143,naistran,1,0.00037,272042,99.43492,273588
8144,nakazye,1,0.00037,272043,99.43528,273588
8145,nallar,1,0.00037,272044,99.43565,273588
8146,nallwhy,1,0.00037,272045,99.43601,273588
8147,namannigam,1,0.00037,272046,99.43638,273588
8148,nanonyme,1,0.00037,272047,99.43674,273588
8149,naoufal,1,0.00037,272048,99.43711,273588
8150,narainsagar,1,0.00037,272049,99.43748,273588
8151,nasht00,1,0.00037,272050,99.43784,273588
8152,natec8,1,0.00037,272051,99.43821,273588
8153,natejlee,1,0.00037,272052,99.43857,273588
8154,natenorberg,1,0.00037,272053,99.43894,273588
8155,nathanpower,1,0.00037,272054,99.43930,273588
8156,Natim,1,0.00037,272055,99.43967,273588
8157,natsid,1,0.00037,272056,99.44003,273588
8158,natsuhikok,1,0.00037,272057,99.44040,273588
8159,Nautigsam,1,0.00037,272058,99.44076,273588
8160,navarroaxel,1,0.00037,272059,99.44113,273588
8161,nazrhyn,1,0.00037,272060,99.44150,273588
8162,nbarbettini,1,0.00037,272061,99.44186,273588
8163,nbaztec,1,0.00037,272062,99.44223,273588
8164,nbeckman,1,0.00037,272063,99.44259,273588
8165,nbilling,1,0.00037,272064,99.44296,273588
8166,nbjahan,1,0.00037,272065,99.44332,273588
8167,nbougalis,1,0.00037,272066,99.44369,273588
8168,nbsaw,1,0.00037,272067,99.44405,273588
8169,ncoghlan,1,0.00037,272068,99.44442,273588
8170,ndelangen,1,0.00037,272069,99.44479,273588
8171,ndresx,1,0.00037,272070,99.44515,273588
8172,Ne4istb,1,0.00037,272071,99.44552,273588
8173,Neamar,1,0.00037,272072,99.44588,273588
8174,Neaox,1,0.00037,272073,99.44625,273588
8175,neeldeep,1,0.00037,272074,99.44661,273588
8176,negezor,1,0.00037,272075,99.44698,273588
8177,neighbads,1,0.00037,272076,99.44734,273588
8178,neoziro,1,0.00037,272077,99.44771,273588
8179,nerfologist,1,0.00037,272078,99.44808,273588
8180,nertzy,1,0.00037,272079,99.44844,273588
8181,nescalante,1,0.00037,272080,99.44881,273588
8182,netil,1,0.00037,272081,99.44917,273588
8183,Nettsentrisk,1,0.00037,272082,99.44954,273588
8184,neu5,1,0.00037,272083,99.44990,273588
8185,neuralsandwich,1,0.00037,272084,99.45027,273588
8186,Nevaan,1,0.00037,272085,99.45063,273588
8187,newyork-anthonyng,1,0.00037,272086,99.45100,273588
8188,Nexeuz,1,0.00037,272087,99.45136,273588
8189,neytema,1,0.00037,272088,99.45173,273588
8190,nfer,1,0.00037,272089,99.45210,273588
8191,nfriedly,1,0.00037,272090,99.45246,273588
8192,nfroidure,1,0.00037,272091,99.45283,273588
8193,ngfelixl,1,0.00037,272092,99.45319,273588
8194,ngryman,1,0.00037,272093,99.45356,273588
8195,NhatDinh,1,0.00037,272094,99.45392,273588
8196,nhduc296,1,0.00037,272095,99.45429,273588
8197,nhducit,1,0.00037,272096,99.45465,273588
8198,nhydock,1,0.00037,272097,99.45502,273588
8199,nibblebot,1,0.00037,272098,99.45539,273588
8200,Nicholas-Eng,1,0.00037,272099,99.45575,273588
8201,nicholasserra,1,0.00037,272100,99.45612,273588
8202,nickbalestra,1,0.00037,272101,99.45648,273588
8203,NickCraver,1,0.00037,272102,99.45685,273588
8204,nickdandakis,1,0.00037,272103,99.45721,273588
8205,nickknissen,1,0.00037,272104,99.45758,273588
8206,nickmessing,1,0.00037,272105,99.45794,273588
8207,nickpresta,1,0.00037,272106,99.45831,273588
8208,NickPresta,1,0.00037,272107,99.45868,273588
8209,nickskalkin,1,0.00037,272108,99.45904,273588
8210,nickthetait,1,0.00037,272109,99.45941,273588
8211,nicky-zs,1,0.00037,272110,99.45977,273588
8212,nickzelei,1,0.00037,272111,99.46014,273588
8213,NiclasvanEyk,1,0.00037,272112,99.46050,273588
8214,nicoabie,1,0.00037,272113,99.46087,273588
8215,Nicolaidavies,1,0.00037,272114,99.46123,273588
8216,Nicolapps,1,0.00037,272115,99.46160,273588
8217,nicolasbd,1,0.00037,272116,99.46196,273588
8218,nicosommi,1,0.00037,272117,99.46233,273588
8219,nictas,1,0.00037,272118,99.46270,273588
8220,niexias,1,0.00037,272119,99.46306,273588
8221,nigel5,1,0.00037,272120,99.46343,273588
8222,NightElfik,1,0.00037,272121,99.46379,273588
8223,nightshinez,1,0.00037,272122,99.46416,273588
8224,nikai3d,1,0.00037,272123,99.46452,273588
8225,Nikhil22,1,0.00037,272124,99.46489,273588
8226,nikhilpatil,1,0.00037,272125,99.46525,273588
8227,nikita-nuka,1,0.00037,272126,99.46562,273588
8228,niklas-dahl,1,0.00037,272127,99.46599,273588
8229,NikosKeyz,1,0.00037,272128,99.46635,273588
8230,NikV,1,0.00037,272129,99.46672,273588
8231,nil4,1,0.00037,272130,99.46708,273588
8232,niloc132,1,0.00037,272131,99.46745,273588
8233,nilsceberg,1,0.00037,272132,99.46781,273588
8234,niltoncsr,1,0.00037,272133,99.46818,273588
8235,Nimelrian,1,0.00037,272134,99.46854,273588
8236,nimerritt,1,0.00037,272135,99.46891,273588
8237,nimish,1,0.00037,272136,99.46927,273588
8238,niole,1,0.00037,272137,99.46964,273588
8239,nishp1,1,0.00037,272138,99.47001,273588
8240,nivs,1,0.00037,272139,99.47037,273588
8241,njb-said,1,0.00037,272140,99.47074,273588
8242,nknapp,1,0.00037,272141,99.47110,273588
8243,nkollar,1,0.00037,272142,99.47147,273588
8244,nkt,1,0.00037,272143,99.47183,273588
8245,nkzawa,1,0.00037,272144,99.47220,273588
8246,nlouahedj,1,0.00037,272145,99.47256,273588
8247,nmav,1,0.00037,272146,99.47293,273588
8248,nmckay,1,0.00037,272147,99.47330,273588
8249,nmn,1,0.00037,272148,99.47366,273588
8250,nmschulte,1,0.00037,272149,99.47403,273588
8251,nnuggets,1,0.00037,272150,99.47439,273588
8252,nobezawa,1,0.00037,272151,99.47476,273588
8253,NobodysNightmare,1,0.00037,272152,99.47512,273588
8254,NogsMPLS,1,0.00037,272153,99.47549,273588
8255,NoHomey,1,0.00037,272154,99.47585,273588
8256,Noitidart,1,0.00037,272155,99.47622,273588
8257,Nolanus,1,0.00037,272156,99.47659,273588
8258,NomadBlacky,1,0.00037,272157,99.47695,273588
8259,nomadster,1,0.00037,272158,99.47732,273588
8260,noodleswww,1,0.00037,272159,99.47768,273588
8261,noopur-tiwari,1,0.00037,272160,99.47805,273588
8262,nordligulv,1,0.00037,272161,99.47841,273588
8263,nornagon,1,0.00037,272162,99.47878,273588
8264,noseglid,1,0.00037,272163,99.47914,273588
8265,nOstap,1,0.00037,272164,99.47951,273588
8266,notslang,1,0.00037,272165,99.47987,273588
8267,nottrobin,1,0.00037,272166,99.48024,273588
8268,noumaans,1,0.00037,272167,99.48061,273588
8269,now-raymond,1,0.00037,272168,99.48097,273588
8270,noyesa,1,0.00037,272169,99.48134,273588
8271,noyobo,1,0.00037,272170,99.48170,273588
8272,nrinaudo,1,0.00037,272171,99.48207,273588
8273,nrook-google,1,0.00037,272172,99.48243,273588
8274,nscornia,1,0.00037,272173,99.48280,273588
8275,nsoranzo,1,0.00037,272174,99.48316,273588
8276,nstanard,1,0.00037,272175,99.48353,273588
8277,nstraub,1,0.00037,272176,99.48390,273588
8278,nthcircle,1,0.00037,272177,99.48426,273588
8279,ntherning,1,0.00037,272178,99.48463,273588
8280,nuessgens,1,0.00037,272179,99.48499,273588
8281,NukaPunk,1,0.00037,272180,99.48536,273588
8282,nullvariable,1,0.00037,272181,99.48572,273588
8283,numb86,1,0.00037,272182,99.48609,273588
8284,nurkiewicz,1,0.00037,272183,99.48645,273588
8285,NuSkooler,1,0.00037,272184,99.48682,273588
8286,nusretparlak,1,0.00037,272185,99.48719,273588
8287,NV4RE,1,0.00037,272186,99.48755,273588
8288,nvdh,1,0.00037,272187,99.48792,273588
8289,nwhittaker,1,0.00037,272188,99.48828,273588
8290,nxtstep,1,0.00037,272189,99.48865,273588
8291,nykolaslima,1,0.00037,272190,99.48901,273588
8292,nyurik,1,0.00037,272191,99.48938,273588
8293,oakfang,1,0.00037,272192,99.48974,273588
8294,oburakevych,1,0.00037,272193,99.49011,273588
8295,oconn,1,0.00037,272194,99.49047,273588
8296,oddsson,1,0.00037,272195,99.49084,273588
8297,odedpeer,1,0.00037,272196,99.49121,273588
8298,odersky,1,0.00037,272197,99.49157,273588
8299,odykyi,1,0.00037,272198,99.49194,273588
8300,odysseuscm,1,0.00037,272199,99.49230,273588
8301,odyth,1,0.00037,272200,99.49267,273588
8302,odziem,1,0.00037,272201,99.49303,273588
8303,ofirmakmal,1,0.00037,272202,99.49340,273588
8304,ogix,1,0.00037,272203,99.49376,273588
8305,Oire,1,0.00037,272204,99.49413,273588
8306,okdistribute,1,0.00037,272205,99.49450,273588
8307,okonet,1,0.00037,272206,99.49486,273588
8308,oktav777,1,0.00037,272207,99.49523,273588
8309,Olafski,1,0.00037,272208,99.49559,273588
8310,oldj,1,0.00037,272209,99.49596,273588
8311,olegafx,1,0.00037,272210,99.49632,273588
8312,olehsrh,1,0.00037,272211,99.49669,273588
8313,OleksiiBondar,1,0.00037,272212,99.49705,273588
8314,olivierlemasle,1,0.00037,272213,99.49742,273588
8315,Olivier-Moreau,1,0.00037,272214,99.49778,273588
8316,oluckyman,1,0.00037,272215,99.49815,273588
8317,omerson,1,0.00037,272216,99.49852,273588
8318,omerzach,1,0.00037,272217,99.49888,273588
8319,omnichronous,1,0.00037,272218,99.49925,273588
8320,ompraash,1,0.00037,272219,99.49961,273588
8321,oneam,1,0.00037,272220,99.49998,273588
8322,onlywei,1,0.00037,272221,99.50034,273588
8323,onstash,1,0.00037,272222,99.50071,273588
8324,oocx,1,0.00037,272223,99.50107,273588
8325,oorijsonar,1,0.00037,272224,99.50144,273588
8326,opensignature,1,0.00037,272225,99.50181,273588
8327,opensrcery,1,0.00037,272226,99.50217,273588
8328,opinali,1,0.00037,272227,99.50254,273588
8329,oporko,1,0.00037,272228,99.50290,273588
8330,Opticsponge,1,0.00037,272229,99.50327,273588
8331,ORdinarycas,1,0.00037,272230,99.50363,273588
8332,oreissig,1,0.00037,272231,99.50400,273588
8333,orlandohohmeier,1,0.00037,272232,99.50436,273588
8334,osamaq,1,0.00037,272233,99.50473,273588
8335,oscarlvp,1,0.00037,272234,99.50510,273588
8336,oscarotero,1,0.00037,272235,99.50546,273588
8337,Oseenix,1,0.00037,272236,99.50583,273588
8338,osman-turan,1,0.00037,272237,99.50619,273588
8339,ossdev07,1,0.00037,272238,99.50656,273588
8340,oughter,1,0.00037,272239,99.50692,273588
8341,ouq77,1,0.00037,272240,99.50729,273588
8342,outofambit,1,0.00037,272241,99.50765,273588
8343,outofgamut,1,0.00037,272242,99.50802,273588
8344,outspace,1,0.00037,272243,99.50838,273588
8345,overridesh,1,0.00037,272244,99.50875,273588
8346,ovpv,1,0.00037,272245,99.50912,273588
8347,Ovyerus,1,0.00037,272246,99.50948,273588
8348,owap,1,0.00037,272247,99.50985,273588
8349,owenconti,1,0.00037,272248,99.51021,273588
8350,oxlay,1,0.00037,272249,99.51058,273588
8351,paambaati,1,0.00037,272250,99.51094,273588
8352,pablofmena,1,0.00037,272251,99.51131,273588
8353,pablotarga,1,0.00037,272252,99.51167,273588
8354,packtpartner,1,0.00037,272253,99.51204,273588
8355,Page-,1,0.00037,272254,99.51241,273588
8356,Page-Not-Found,1,0.00037,272255,99.51277,273588
8357,pahomov,1,0.00037,272256,99.51314,273588
8358,PaitoAnderson,1,0.00037,272257,99.51350,273588
8359,paladox2015,1,0.00037,272258,99.51387,273588
8360,palek,1,0.00037,272259,99.51423,273588
8361,panckreous,1,0.00037,272260,99.51460,273588
8362,pandrushka,1,0.00037,272261,99.51496,273588
8363,panzj,1,0.00037,272262,99.51533,273588
8364,papb,1,0.00037,272263,99.51570,273588
8365,Paradox41,1,0.00037,272264,99.51606,273588
8366,paragi,1,0.00037,272265,99.51643,273588
8367,Parcley,1,0.00037,272266,99.51679,273588
8368,paroga,1,0.00037,272267,99.51716,273588
8369,parrainc,1,0.00037,272268,99.51752,273588
8370,parse,1,0.00037,272269,99.51789,273588
8371,passaro,1,0.00037,272270,99.51825,273588
8372,pataar,1,0.00037,272271,99.51862,273588
8373,pathikrit,1,0.00037,272272,99.51898,273588
8374,patik,1,0.00037,272273,99.51935,273588
8375,patrickcjh,1,0.00037,272274,99.51972,273588
8376,patrickmcd,1,0.00037,272275,99.52008,273588
8377,PatrickMcDonald,1,0.00037,272276,99.52045,273588
8378,patriksimek,1,0.00037,272277,99.52081,273588
8379,patriksvensson,1,0.00037,272278,99.52118,273588
8380,patsplat,1,0.00037,272279,99.52154,273588
8381,paul1956,1,0.00037,272280,99.52191,273588
8382,pauldraper,1,0.00037,272281,99.52227,273588
8383,paulduffin,1,0.00037,272282,99.52264,273588
8384,paulirwin,1,0.00037,272283,99.52301,273588
8385,paulkass,1,0.00037,272284,99.52337,273588
8386,paulmanta,1,0.00037,272285,99.52374,273588
8387,paulmelnikow,1,0.00037,272286,99.52410,273588
8388,paulomcnally,1,0.00037,272287,99.52447,273588
8389,paulovieira,1,0.00037,272288,99.52483,273588
8390,paulp,1,0.00037,272289,99.52520,273588
8391,paulradzkov,1,0.00037,272290,99.52556,273588
8392,PaulRBerg,1,0.00037,272291,99.52593,273588
8393,paulshen,1,0.00037,272292,99.52630,273588
8394,paustria,1,0.00037,272293,99.52666,273588
8395,pavel-agarkov,1,0.00037,272294,99.52703,273588
8396,pavolloffay,1,0.00037,272295,99.52739,273588
8397,Pawel-Janik,1,0.00037,272296,99.52776,273588
8398,paxl13,1,0.00037,272297,99.52812,273588
8399,Paxxi,1,0.00037,272298,99.52849,273588
8400,paynoattn,1,0.00037,272299,99.52885,273588
8401,pazguille,1,0.00037,272300,99.52922,273588
8402,pcornelissen,1,0.00037,272301,99.52958,273588
8403,pdiniz13,1,0.00037,272302,99.52995,273588
8404,peabnuts123,1,0.00037,272303,99.53032,273588
8405,pearcemerritt,1,0.00037,272304,99.53068,273588
8406,PedroMiguelSS,1,0.00037,272305,99.53105,273588
8407,pedronauck,1,0.00037,272306,99.53141,273588
8408,pedroprado010,1,0.00037,272307,99.53178,273588
8409,pedrouid,1,0.00037,272308,99.53214,273588
8410,pegurnee,1,0.00037,272309,99.53251,273588
8411,peitek,1,0.00037,272310,99.53287,273588
8412,pekeq,1,0.00037,272311,99.53324,273588
8413,peleghila,1,0.00037,272312,99.53361,273588
8414,peltco,1,0.00037,272313,99.53397,273588
8415,pensivebrian,1,0.00037,272314,99.53434,273588
8416,Pephers,1,0.00037,272315,99.53470,273588
8417,peplin,1,0.00037,272316,99.53507,273588
8418,pepone,1,0.00037,272317,99.53543,273588
8419,perceptron8,1,0.00037,272318,99.53580,273588
8420,PerfectPixel,1,0.00037,272319,99.53616,273588
8421,peritpatrio,1,0.00037,272320,99.53653,273588
8422,petarpetrovt,1,0.00037,272321,99.53689,273588
8423,peteboere,1,0.00037,272322,99.53726,273588
8424,petehunt,1,0.00037,272323,99.53763,273588
8425,peterdettman,1,0.00037,272324,99.53799,273588
8426,peteretelej,1,0.00037,272325,99.53836,273588
8427,PeterHatch,1,0.00037,272326,99.53872,273588
8428,peterhpchen,1,0.00037,272327,99.53909,273588
8429,peterjmag,1,0.00037,272328,99.53945,273588
8430,peter-kehl,1,0.00037,272329,99.53982,273588
8431,peterlenagh,1,0.00037,272330,99.54018,273588
8432,Peter-Liang,1,0.00037,272331,99.54055,273588
8433,petermbenjamin,1,0.00037,272332,99.54092,273588
8434,petermikitsh,1,0.00037,272333,99.54128,273588
8435,PeterMosmans,1,0.00037,272334,99.54165,273588
8436,peterthompson,1,0.00037,272335,99.54201,273588
8437,peterwurzinger,1,0.00037,272336,99.54238,273588
8438,Petrukha,1,0.00037,272337,99.54274,273588
8439,petvas,1,0.00037,272338,99.54311,273588
8440,PezCoder,1,0.00037,272339,99.54347,273588
8441,pfcoperez,1,0.00037,272340,99.54384,273588
8442,pfhayes,1,0.00037,272341,99.54421,273588
8443,pfitzsimons-r7,1,0.00037,272342,99.54457,273588
8444,pfsmorigo,1,0.00037,272343,99.54494,273588
8445,pgonzal,1,0.00037,272344,99.54530,273588
8446,phanning,1,0.00037,272345,99.54567,273588
8447,philfreo,1,0.00037,272346,99.54603,273588
8448,philipa,1,0.00037,272347,99.54640,273588
8449,philipbordallo,1,0.00037,272348,99.54676,273588
8450,Philipp91,1,0.00037,272349,99.54713,273588
8451,philippgille,1,0.00037,272350,99.54749,273588
8452,philipschwarz,1,0.00037,272351,99.54786,273588
8453,philjohnson789,1,0.00037,272352,99.54823,273588
8454,philleonard,1,0.00037,272353,99.54859,273588
8455,phillipj,1,0.00037,272354,99.54896,273588
8456,phillipsj,1,0.00037,272355,99.54932,273588
8457,philraj,1,0.00037,272356,99.54969,273588
8458,phoenixbox,1,0.00037,272357,99.55005,273588
8459,phurytw,1,0.00037,272358,99.55042,273588
8460,pi0,1,0.00037,272359,99.55078,273588
8461,picapixa,1,0.00037,272360,99.55115,273588
8462,Piccirello,1,0.00037,272361,99.55152,273588
8463,PiDelport,1,0.00037,272362,99.55188,273588
8464,pietvandongen,1,0.00037,272363,99.55225,273588
8465,pigelvy,1,0.00037,272364,99.55261,273588
8466,Pilchie,1,0.00037,272365,99.55298,273588
8467,pimverkerk,1,0.00037,272366,99.55334,273588
8468,pine3ree,1,0.00037,272367,99.55371,273588
8469,pingan1927,1,0.00037,272368,99.55407,273588
8470,pingfengafei,1,0.00037,272369,99.55444,273588
8471,pinyin,1,0.00037,272370,99.55481,273588
8472,piotrjurkiewicz,1,0.00037,272371,99.55517,273588
8473,PiotrKlecha,1,0.00037,272372,99.55554,273588
8474,piotros,1,0.00037,272373,99.55590,273588
8475,piotrturski,1,0.00037,272374,99.55627,273588
8476,piranna,1,0.00037,272375,99.55663,273588
8477,pirate,1,0.00037,272376,99.55700,273588
8478,pirxpilot,1,0.00037,272377,99.55736,273588
8479,pischke,1,0.00037,272378,99.55773,273588
8480,piyush-jaiswal,1,0.00037,272379,99.55809,273588
8481,p-jackson,1,0.00037,272380,99.55846,273588
8482,pjbgf,1,0.00037,272381,99.55883,273588
8483,pjhjohn,1,0.00037,272382,99.55919,273588
8484,pjmonks,1,0.00037,272383,99.55956,273588
8485,PK1A,1,0.00037,272384,99.55992,273588
8486,PKief,1,0.00037,272385,99.56029,273588
8487,pkukol,1,0.00037,272386,99.56065,273588
8488,plaes,1,0.00037,272387,99.56102,273588
8489,planser,1,0.00037,272388,99.56138,273588
8490,plappermaul,1,0.00037,272389,99.56175,273588
8491,platinumazure,1,0.00037,272390,99.56212,273588
8492,platosha,1,0.00037,272391,99.56248,273588
8493,pletcher,1,0.00037,272392,99.56285,273588
8494,pleunv,1,0.00037,272393,99.56321,273588
8495,plokhotnyuk,1,0.00037,272394,99.56358,273588
8496,plroebuck,1,0.00037,272395,99.56394,273588
8497,plumpNation,1,0.00037,272396,99.56431,273588
8498,plumpy,1,0.00037,272397,99.56467,273588
8499,pmeerw,1,0.00037,272398,99.56504,273588
8500,poeschko,1,0.00037,272399,99.56540,273588
8501,Poimen,1,0.00037,272400,99.56577,273588
8502,poislagarde,1,0.00037,272401,99.56614,273588
8503,poldridge,1,0.00037,272402,99.56650,273588
8504,PolinaRodimova,1,0.00037,272403,99.56687,273588
8505,polpo,1,0.00037,272404,99.56723,273588
8506,polybuildr,1,0.00037,272405,99.56760,273588
8507,Ponant,1,0.00037,272406,99.56796,273588
8508,portolucas,1,0.00037,272407,99.56833,273588
8509,postama,1,0.00037,272408,99.56869,273588
8510,posva,1,0.00037,272409,99.56906,273588
8511,potmo,1,0.00037,272410,99.56943,273588
8512,poulad,1,0.00037,272411,99.56979,273588
8513,powens,1,0.00037,272412,99.57016,273588
8514,pranjalk,1,0.00037,272413,99.57052,273588
8515,pratik14,1,0.00037,272414,99.57089,273588
8516,praveenn-vbi,1,0.00037,272415,99.57125,273588
8517,praveenpuglia,1,0.00037,272416,99.57162,273588
8518,prempalsingh,1,0.00037,272417,99.57198,273588
8519,primarilysoftware,1,0.00037,272418,99.57235,273588
8520,PRIMETSS,1,0.00037,272419,99.57272,273588
8521,princemaple,1,0.00037,272420,99.57308,273588
8522,pRizz,1,0.00037,272421,99.57345,273588
8523,probablyup,1,0.00037,272422,99.57381,273588
8524,prodis,1,0.00037,272423,99.57418,273588
8525,proflayton,1,0.00037,272424,99.57454,273588
8526,propensive,1,0.00037,272425,99.57491,273588
8527,proteriax,1,0.00037,272426,99.57527,273588
8528,protyposis,1,0.00037,272427,99.57564,273588
8529,prtksxna,1,0.00037,272428,99.57600,273588
8530,psachs21,1,0.00037,272429,99.57637,273588
8531,psibi,1,0.00037,272430,99.57674,273588
8532,psmyrak,1,0.00037,272431,99.57710,273588
8533,pspacek,1,0.00037,272432,99.57747,273588
8534,psteitz,1,0.00037,272433,99.57783,273588
8535,pthong,1,0.00037,272434,99.57820,273588
8536,ptrain,1,0.00037,272435,99.57856,273588
8537,puku0x,1,0.00037,272436,99.57893,273588
8538,pulasthibandara,1,0.00037,272437,99.57929,273588
8539,Punit-wingify,1,0.00037,272438,99.57966,273588
8540,puppybits,1,0.00037,272439,99.58003,273588
8541,puradox,1,0.00037,272440,99.58039,273588
8542,pvanderlinden,1,0.00037,272441,99.58076,273588
8543,PxyUp,1,0.00037,272442,99.58112,273588
8544,pyliaorachel,1,0.00037,272443,99.58149,273588
8545,PyroSA,1,0.00037,272444,99.58185,273588
8546,q1226085152,1,0.00037,272445,99.58222,273588
8547,qas612820704,1,0.00037,272446,99.58258,273588
8548,qerub,1,0.00037,272447,99.58295,273588
8549,qiu8310,1,0.00037,272448,99.58332,273588
8550,qix,1,0.00037,272449,99.58368,273588
8551,qlikTERror,1,0.00037,272450,99.58405,273588
8552,qodesmith,1,0.00037,272451,99.58441,273588
8553,qqbuby,1,0.00037,272452,99.58478,273588
8554,qstearns,1,0.00037,272453,99.58514,273588
8555,quadrupleslap,1,0.00037,272454,99.58551,273588
8556,qubbit,1,0.00037,272455,99.58587,273588
8557,Quogu,1,0.00037,272456,99.58624,273588
8558,QwerMike,1,0.00037,272457,99.58660,273588
8559,qw-in,1,0.00037,272458,99.58697,273588
8560,Qw-in,1,0.00037,272459,99.58734,273588
8561,qwwdfsad,1,0.00037,272460,99.58770,273588
8562,r349,1,0.00037,272461,99.58807,273588
8563,rabryst,1,0.00037,272462,99.58843,273588
8564,radarhere,1,0.00037,272463,99.58880,273588
8565,radii,1,0.00037,272464,99.58916,273588
8566,radiocane,1,0.00037,272465,99.58953,273588
8567,radiovisual,1,0.00037,272466,99.58989,273588
8568,radotzki,1,0.00037,272467,99.59026,273588
8569,rafaelrenanpacheco,1,0.00037,272468,99.59063,273588
8570,rafaelrpinto,1,0.00037,272469,99.59099,273588
8571,rafaelstz,1,0.00037,272470,99.59136,273588
8572,rafidka,1,0.00037,272471,99.59172,273588
8573,rafrex,1,0.00037,272472,99.59209,273588
8574,ragmani,1,0.00037,272473,99.59245,273588
8575,rajatsehgal,1,0.00037,272474,99.59282,273588
8576,RajivPrab-Google,1,0.00037,272475,99.59318,273588
8577,rakudrama,1,0.00037,272476,99.59355,273588
8578,raleksandar,1,0.00037,272477,99.59391,273588
8579,ralfhandl,1,0.00037,272478,99.59428,273588
8580,ralinc,1,0.00037,272479,99.59465,273588
8581,Ralith,1,0.00037,272480,99.59501,273588
8582,ralvarezo123,1,0.00037,272481,99.59538,273588
8583,ramaboo,1,0.00037,272482,99.59574,273588
8584,RameshwarapuSanthosh,1,0.00037,272483,99.59611,273588
8585,ramiloif,1,0.00037,272484,99.59647,273588
8586,randombk,1,0.00037,272485,99.59684,273588
8587,RandScullard,1,0.00037,272486,99.59720,273588
8588,RaneWallin,1,0.00037,272487,99.59757,273588
8589,Raniz85,1,0.00037,272488,99.59794,273588
8590,Rantanen,1,0.00037,272489,99.59830,273588
8591,Rasulbeeek,1,0.00037,272490,99.59867,273588
8592,ratbeard,1,0.00037,272491,99.59903,273588
8593,ratson,1,0.00037,272492,99.59940,273588
8594,ratteler50,1,0.00037,272493,99.59976,273588
8595,ravensorb,1,0.00037,272494,99.60013,273588
8596,ravihamsa,1,0.00037,272495,99.60049,273588
8597,ravipra,1,0.00037,272496,99.60086,273588
8598,rayhatfield,1,0.00037,272497,99.60123,273588
8599,razfriman,1,0.00037,272498,99.60159,273588
8600,rbergman,1,0.00037,272499,99.60196,273588
8601,RBLU,1,0.00037,272500,99.60232,273588
8602,r-browser-app-team,1,0.00037,272501,99.60269,273588
8603,rcabr,1,0.00037,272502,99.60305,273588
8604,rclai,1,0.00037,272503,99.60342,273588
8605,rclanan,1,0.00037,272504,99.60378,273588
8606,rcmurphy,1,0.00037,272505,99.60415,273588
8607,rcombs,1,0.00037,272506,99.60451,273588
8608,rdahbura,1,0.00037,272507,99.60488,273588
8609,rdela,1,0.00037,272508,99.60525,273588
8610,realbisoye,1,0.00037,272509,99.60561,273588
8611,realityforge,1,0.00037,272510,99.60598,273588
8612,realronchi,1,0.00037,272511,99.60634,273588
8613,red2678,1,0.00037,272512,99.60671,273588
8614,redeyes2015,1,0.00037,272513,99.60707,273588
8615,Redouane64,1,0.00037,272514,99.60744,273588
8616,redseiko,1,0.00037,272515,99.60780,273588
8617,RedTn,1,0.00037,272516,99.60817,273588
8618,reecefenwick,1,0.00037,272517,99.60854,273588
8619,reedfeng,1,0.00037,272518,99.60890,273588
8620,reinaldoarrosi,1,0.00037,272519,99.60927,273588
8621,reinhapa,1,0.00037,272520,99.60963,273588
8622,Relequestual,1,0.00037,272521,99.61000,273588
8623,rellect,1,0.00037,272522,99.61036,273588
8624,remcoros,1,0.00037,272523,99.61073,273588
8625,RemiBou,1,0.00037,272524,99.61109,273588
8626,remko,1,0.00037,272525,99.61146,273588
8627,renancaraujo,1,0.00037,272526,99.61183,273588
8628,renanpvaz,1,0.00037,272527,99.61219,273588
8629,renanvalentin,1,0.00037,272528,99.61256,273588
8630,renewooller,1,0.00037,272529,99.61292,273588
8631,renjithspace,1,0.00037,272530,99.61329,273588
8632,rentalhost,1,0.00037,272531,99.61365,273588
8633,reubn,1,0.00037,272532,99.61402,273588
8634,reviewher,1,0.00037,272533,99.61438,273588
8635,revik,1,0.00037,272534,99.61475,273588
8636,revington,1,0.00037,272535,99.61511,273588
8637,rexxars,1,0.00037,272536,99.61548,273588
8638,rfreydi,1,0.00037,272537,99.61585,273588
8639,rgacogne,1,0.00037,272538,99.61621,273588
8640,rgarcia,1,0.00037,272539,99.61658,273588
8641,rgarifullin,1,0.00037,272540,99.61694,273588
8642,rgeraldporter,1,0.00037,272541,99.61731,273588
8643,rgoldberg,1,0.00037,272542,99.61767,273588
8644,rgoliveira,1,0.00037,272543,99.61804,273588
8645,rgra,1,0.00037,272544,99.61840,273588
8646,rgraffbrd,1,0.00037,272545,99.61877,273588
8647,rhagigi,1,0.00037,272546,99.61914,273588
8648,rhinoxi,1,0.00037,272547,99.61950,273588
8649,rhmoller,1,0.00037,272548,99.61987,273588
8650,rhysmccaig,1,0.00037,272549,99.62023,273588
8651,RIanDeLaCruz,1,0.00037,272550,99.62060,273588
8652,ricardogama,1,0.00037,272551,99.62096,273588
8653,richardfearn,1,0.00037,272552,99.62133,273588
8654,RichardLitt,1,0.00037,272553,99.62169,273588
8655,richardscarrott,1,0.00037,272554,99.62206,273588
8656,RickCraig,1,0.00037,272555,99.62242,273588
8657,ricksbrown,1,0.00037,272556,99.62279,273588
8658,rickyblaha,1,0.00037,272557,99.62316,273588
8659,rickyes,1,0.00037,272558,99.62352,273588
8660,rickyvetter,1,0.00037,272559,99.62389,273588
8661,ricokahler,1,0.00037,272560,99.62425,273588
8662,rigdern,1,0.00037,272561,99.62462,273588
8663,rike422,1,0.00037,272562,99.62498,273588
8664,rise2semi,1,0.00037,272563,99.62535,273588
8665,rishabh-rajgarhia,1,0.00037,272564,99.62571,273588
8666,ritave,1,0.00037,272565,99.62608,273588
8667,riverspirit,1,0.00037,272566,99.62645,273588
8668,rivertam,1,0.00037,272567,99.62681,273588
8669,rjruizes,1,0.00037,272568,99.62718,273588
8670,rjxby,1,0.00037,272569,99.62754,273588
8671,rkusa,1,0.00037,272570,99.62791,273588
8672,rmariuzzo,1,0.00037,272571,99.62827,273588
8673,rmg,1,0.00037,272572,99.62864,273588
8674,rmharrison,1,0.00037,272573,99.62900,273588
8675,RMHonor,1,0.00037,272574,99.62937,273588
8676,robahl,1,0.00037,272575,99.62974,273588
8677,robaxelsen,1,0.00037,272576,99.63010,273588
8678,robbiecloset,1,0.00037,272577,99.63047,273588
8679,RobDesideri,1,0.00037,272578,99.63083,273588
8680,robdodson,1,0.00037,272579,99.63120,273588
8681,robertmirro,1,0.00037,272580,99.63156,273588
8682,RobertRad,1,0.00037,272581,99.63193,273588
8683,RobertSmits,1,0.00037,272582,99.63229,273588
8684,robertswiecki,1,0.00037,272583,99.63266,273588
8685,robertzk,1,0.00037,272584,99.63302,273588
8686,robinkanters,1,0.00037,272585,99.63339,273588
8687,RobinStephenson,1,0.00037,272586,99.63376,273588
8688,roblourens,1,0.00037,272587,99.63412,273588
8689,RoboBurned,1,0.00037,272588,99.63449,273588
8690,robosek,1,0.00037,272589,99.63485,273588
8691,roboshoes,1,0.00037,272590,99.63522,273588
8692,robotdan,1,0.00037,272591,99.63558,273588
8693,RobRuana,1,0.00037,272592,99.63595,273588
8694,RoCat,1,0.00037,272593,99.63631,273588
8695,roccomuso,1,0.00037,272594,99.63668,273588
8696,rochestb,1,0.00037,272595,99.63705,273588
8697,RochesterinNYC,1,0.00037,272596,99.63741,273588
8698,rocketmonkeys,1,0.00037,272597,99.63778,273588
8699,rockymeza,1,0.00037,272598,99.63814,273588
8700,rodrigobdz,1,0.00037,272599,99.63851,273588
8701,RodrigoEspinosa,1,0.00037,272600,99.63887,273588
8702,rodrigopr,1,0.00037,272601,99.63924,273588
8703,roederja2,1,0.00037,272602,99.63960,273588
8704,roger2hk,1,0.00037,272603,99.63997,273588
8705,rolandasb,1,0.00037,272604,99.64034,273588
8706,RolfKoenders,1,0.00037,272605,99.64070,273588
8707,roman01la,1,0.00037,272606,99.64107,273588
8708,roman0yurin,1,0.00037,272607,99.64143,273588
8709,RomanHargrave,1,0.00037,272608,99.64180,273588
8710,RomanHotsiy,1,0.00037,272609,99.64216,273588
8711,roman-mazur,1,0.00037,272610,99.64253,273588
8712,romellogood,1,0.00037,272611,99.64289,273588
8713,romellogoodman,1,0.00037,272612,99.64326,273588
8714,romeovs,1,0.00037,272613,99.64362,273588
8715,RomeroMsk,1,0.00037,272614,99.64399,273588
8716,RonanC,1,0.00037,272615,99.64436,273588
8717,RonanDConnolly,1,0.00037,272616,99.64472,273588
8718,ronanww,1,0.00037,272617,99.64509,273588
8719,ronchifabricio,1,0.00037,272618,99.64545,273588
8720,RonnBlack,1,0.00037,272619,99.64582,273588
8721,rootsher,1,0.00037,272620,99.64618,273588
8722,rose,1,0.00037,272621,99.64655,273588
8723,roseperrone,1,0.00037,272622,99.64691,273588
8724,rossgardt,1,0.00037,272623,99.64728,273588
8725,rossjudson,1,0.00037,272624,99.64765,273588
8726,rossslaney,1,0.00037,272625,99.64801,273588
8727,rostalevicek,1,0.00037,272626,99.64838,273588
8728,rosyatrandom,1,0.00037,272627,99.64874,273588
8729,rouanw,1,0.00037,272628,99.64911,273588
8730,roura356a,1,0.00037,272629,99.64947,273588
8731,rowantran,1,0.00037,272630,99.64984,273588
8732,royipressburger,1,0.00037,272631,99.65020,273588
8733,royling,1,0.00037,272632,99.65057,273588
8734,RoyLING,1,0.00037,272633,99.65093,273588
8735,roymiloh,1,0.00037,272634,99.65130,273588
8736,royteeuwen,1,0.00037,272635,99.65167,273588
8737,rpaterson,1,0.00037,272636,99.65203,273588
8738,rpmcdougall,1,0.00037,272637,99.65240,273588
8739,rpocklin,1,0.00037,272638,99.65276,273588
8740,rpominov,1,0.00037,272639,99.65313,273588
8741,rralian,1,0.00037,272640,99.65349,273588
8742,rreusser,1,0.00037,272641,99.65386,273588
8743,rssteffey,1,0.00037,272642,99.65422,273588
8744,rszalski,1,0.00037,272643,99.65459,273588
8745,rtfpessoa,1,0.00037,272644,99.65496,273588
8746,rtpHarry,1,0.00037,272645,99.65532,273588
8747,rtsao,1,0.00037,272646,99.65569,273588
8748,rubennorte,1,0.00037,272647,99.65605,273588
8749,rubycut,1,0.00037,272648,99.65642,273588
8750,ruimarques,1,0.00037,272649,99.65678,273588
8751,Runrioter,1,0.00037,272650,99.65715,273588
8752,ruphin,1,0.00037,272651,99.65751,273588
8753,RuslanPopenko,1,0.00037,272652,99.65788,273588
8754,ruslansennov,1,0.00037,272653,99.65825,273588
8755,russellpwirtz,1,0.00037,272654,99.65861,273588
8756,RussKeldorph,1,0.00037,272655,99.65898,273588
8757,rvanlaak,1,0.00037,272656,99.65934,273588
8758,rvolgers,1,0.00037,272657,99.65971,273588
8759,rwaltenberg,1,0.00037,272658,99.66007,273588
8760,rwieruch,1,0.00037,272659,99.66044,273588
8761,rwjblue,1,0.00037,272660,99.66080,273588
8762,rwky,1,0.00037,272661,99.66117,273588
8763,ry8806,1,0.00037,272662,99.66153,273588
8764,ryancyq,1,0.00037,272663,99.66190,273588
8765,ryandivis,1,0.00037,272664,99.66227,273588
8766,ryaninvents,1,0.00037,272665,99.66263,273588
8767,ryankennedy,1,0.00037,272666,99.66300,273588
8768,ryanthara,1,0.00037,272667,99.66336,273588
8769,ryanwholey,1,0.00037,272668,99.66373,273588
8770,ryan-williams,1,0.00037,272669,99.66409,273588
8771,rybon,1,0.00037,272670,99.66446,273588
8772,ryota-murakami,1,0.00037,272671,99.66482,273588
8773,ryouaki,1,0.00037,272672,99.66519,273588
8774,RytisLT,1,0.00037,272673,99.66556,273588
8775,s2-abdo,1,0.00037,272674,99.66592,273588
8776,s4nk,1,0.00037,272675,99.66629,273588
8777,saadq,1,0.00037,272676,99.66665,273588
8778,saagarjha,1,0.00037,272677,99.66702,273588
8779,Sabartius,1,0.00037,272678,99.66738,273588
8780,saboya,1,0.00037,272679,99.66775,273588
8781,Sacret,1,0.00037,272680,99.66811,273588
8782,sadhen,1,0.00037,272681,99.66848,273588
8783,SaeedPrez,1,0.00037,272682,99.66885,273588
8784,sagar-shah94,1,0.00037,272683,99.66921,273588
8785,saifelse,1,0.00037,272684,99.66958,273588
8786,saiyagg,1,0.00037,272685,99.66994,273588
8787,sajadtorkamani,1,0.00037,272686,99.67031,273588
8788,sakinac,1,0.00037,272687,99.67067,273588
8789,sakoh,1,0.00037,272688,99.67104,273588
8790,salyh,1,0.00037,272689,99.67140,273588
8791,salzhrani,1,0.00037,272690,99.67177,273588
8792,sam09,1,0.00037,272691,99.67213,273588
8793,sam918,1,0.00037,272692,99.67250,273588
8794,sambev,1,0.00037,272693,99.67287,273588
8795,samdenty,1,0.00037,272694,99.67323,273588
8796,samerbuna,1,0.00037,272695,99.67360,273588
8797,samertm,1,0.00037,272696,99.67396,273588
8798,samherrmann,1,0.00037,272697,99.67433,273588
8799,SamHH,1,0.00037,272698,99.67469,273588
8800,samjross,1,0.00037,272699,99.67506,273588
8801,samkline,1,0.00037,272700,99.67542,273588
8802,samliebow,1,0.00037,272701,99.67579,273588
8803,sammyhk,1,0.00037,272702,99.67616,273588
8804,samneirinck,1,0.00037,272703,99.67652,273588
8805,samrap,1,0.00037,272704,99.67689,273588
8806,Samsy,1,0.00037,272705,99.67725,273588
8807,samtheson,1,0.00037,272706,99.67762,273588
8808,samuelkarp,1,0.00037,272707,99.67798,273588
8809,samverneck,1,0.00037,272708,99.67835,273588
8810,sandro-pasquali,1,0.00037,272709,99.67871,273588
8811,sandwichsudo,1,0.00037,272710,99.67908,273588
8812,Sanjo,1,0.00037,272711,99.67945,273588
8813,sanniassin,1,0.00037,272712,99.67981,273588
8814,sanoursa,1,0.00037,272713,99.68018,273588
8815,santiagoaguiar,1,0.00037,272714,99.68054,273588
8816,santiagocanti,1,0.00037,272715,99.68091,273588
8817,santiph,1,0.00037,272716,99.68127,273588
8818,sarangjo,1,0.00037,272717,99.68164,273588
8819,sarbbottam,1,0.00037,272718,99.68200,273588
8820,SargoDarya,1,0.00037,272719,99.68237,273588
8821,saserr,1,0.00037,272720,99.68273,273588
8822,sashashakun,1,0.00037,272721,99.68310,273588
8823,sasivishnu,1,0.00037,272722,99.68347,273588
8824,sassquad,1,0.00037,272723,99.68383,273588
8825,satansk,1,0.00037,272724,99.68420,273588
8826,satta,1,0.00037,272725,99.68456,273588
8827,saulotoledo,1,0.00037,272726,99.68493,273588
8828,savardc,1,0.00037,272727,99.68529,273588
8829,SavePointSam,1,0.00037,272728,99.68566,273588
8830,sa-wilson,1,0.00037,272729,99.68602,273588
8831,sbaechler,1,0.00037,272730,99.68639,273588
8832,sbaudray,1,0.00037,272731,99.68676,273588
8833,sbauer322,1,0.00037,272732,99.68712,273588
8834,sbezludny,1,0.00037,272733,99.68749,273588
8835,sbley,1,0.00037,272734,99.68785,273588
8836,sbrl,1,0.00037,272735,99.68822,273588
8837,ScaldingBlood,1,0.00037,272736,99.68858,273588
8838,schliflo,1,0.00037,272737,99.68895,273588
8839,schmuli,1,0.00037,272738,99.68931,273588
8840,SchnWalter,1,0.00037,272739,99.68968,273588
8841,Schreini,1,0.00037,272740,99.69004,273588
8842,scjody,1,0.00037,272741,99.69041,273588
8843,scottburch,1,0.00037,272742,99.69078,273588
8844,scottdomes,1,0.00037,272743,99.69114,273588
8845,scottmarlow,1,0.00037,272744,99.69151,273588
8846,Scoup,1,0.00037,272745,99.69187,273588
8847,Scoutski,1,0.00037,272746,99.69224,273588
8848,ScrapCodes,1,0.00037,272747,99.69260,273588
8849,ScriptSmith,1,0.00037,272748,99.69297,273588
8850,sdecandelario,1,0.00037,272749,99.69333,273588
8851,sdtsui,1,0.00037,272750,99.69370,273588
8852,sduquej,1,0.00037,272751,99.69407,273588
8853,sdwebster,1,0.00037,272752,99.69443,273588
8854,seangransee,1,0.00037,272753,99.69480,273588
8855,SeanGroff,1,0.00037,272754,99.69516,273588
8856,seanharr11,1,0.00037,272755,99.69553,273588
8857,searls,1,0.00037,272756,99.69589,273588
8858,sebasrp,1,0.00037,272757,99.69626,273588
8859,sebastiandeutsch,1,0.00037,272758,99.69662,273588
8860,SebastianM,1,0.00037,272759,99.69699,273588
8861,SebastianOsuna,1,0.00037,272760,99.69736,273588
8862,sebastienpl,1,0.00037,272761,99.69772,273588
8863,sec,1,0.00037,272762,99.69809,273588
8864,sedovsek,1,0.00037,272763,99.69845,273588
8865,seekshiva,1,0.00037,272764,99.69882,273588
8866,sehrope,1,0.00037,272765,99.69918,273588
8867,seiyria,1,0.00037,272766,99.69955,273588
8868,Seldaek,1,0.00037,272767,99.69991,273588
8869,semion1956,1,0.00037,272768,99.70028,273588
8870,sengelha,1,0.00037,272769,99.70064,273588
8871,senivam,1,0.00037,272770,99.70101,273588
8872,seokju-other,1,0.00037,272771,99.70138,273588
8873,seratch,1,0.00037,272772,99.70174,273588
8874,serchavalos,1,0.00037,272773,99.70211,273588
8875,sergeir82,1,0.00037,272774,99.70247,273588
8876,sergei-zelinsky,1,0.00037,272775,99.70284,273588
8877,sergejmueller,1,0.00037,272776,99.70320,273588
8878,SergejSalnikov,1,0.00037,272777,99.70357,273588
8879,sergiopantoja,1,0.00037,272778,99.70393,273588
8880,seritools,1,0.00037,272779,99.70430,273588
8881,serozaki,1,0.00037,272780,99.70467,273588
8882,sethcardoza,1,0.00037,272781,99.70503,273588
8883,seyDoggy,1,0.00037,272782,99.70540,273588
8884,sfrieson,1,0.00037,272783,99.70576,273588
8885,sgaliamov,1,0.00037,272784,99.70613,273588
8886,sgorsh,1,0.00037,272785,99.70649,273588
8887,sh3ev,1,0.00037,272786,99.70686,273588
8888,shabanovd,1,0.00037,272787,99.70722,273588
8889,shadaj,1,0.00037,272788,99.70759,273588
8890,s-h-a-d-o-w,1,0.00037,272789,99.70796,273588
8891,Shadow53,1,0.00037,272790,99.70832,273588
8892,shadow-cs,1,0.00037,272791,99.70869,273588
8893,shaggygi,1,0.00037,272792,99.70905,273588
8894,shahmeet999,1,0.00037,272793,99.70942,273588
8895,ShaishavGandhi,1,0.00037,272794,99.70978,273588
8896,shakib609,1,0.00037,272795,99.71015,273588
8897,shakyShane,1,0.00037,272796,99.71051,273588
8898,shankarshastri,1,0.00037,272797,99.71088,273588
8899,sharkbrainguy,1,0.00037,272798,99.71124,273588
8900,sharpmachine,1,0.00037,272799,99.71161,273588
8901,Shashwat986,1,0.00037,272800,99.71198,273588
8902,shavipathania,1,0.00037,272801,99.71234,273588
8903,shawninder,1,0.00037,272802,99.71271,273588
8904,shawnmclean,1,0.00037,272803,99.71307,273588
8905,sheerun,1,0.00037,272804,99.71344,273588
8906,shenqioa,1,0.00037,272805,99.71380,273588
8907,shergin,1,0.00037,272806,99.71417,273588
8908,shifengchen,1,0.00037,272807,99.71453,273588
8909,ShiFengChen,1,0.00037,272808,99.71490,273588
8910,shigi,1,0.00037,272809,99.71527,273588
8911,shirshak55,1,0.00037,272810,99.71563,273588
8912,shlomif,1,0.00037,272811,99.71600,273588
8913,shoma,1,0.00037,272812,99.71636,273588
8914,shortspider,1,0.00037,272813,99.71673,273588
8915,shubhamgautam,1,0.00037,272814,99.71709,273588
8916,shumsky,1,0.00037,272815,99.71746,273588
8917,shutdown256,1,0.00037,272816,99.71782,273588
8918,shvaikalesh,1,0.00037,272817,99.71819,273588
8919,sialcasa,1,0.00037,272818,99.71855,273588
8920,siamak,1,0.00037,272819,99.71892,273588
8921,sibStephen,1,0.00037,272820,99.71929,273588
8922,sichbo,1,0.00037,272821,99.71965,273588
8923,SiddAjmera,1,0.00037,272822,99.72002,273588
8924,siddii,1,0.00037,272823,99.72038,273588
8925,SidTheEngineer,1,0.00037,272824,99.72075,273588
8926,siebrand,1,0.00037,272825,99.72111,273588
8927,Siegrift,1,0.00037,272826,99.72148,273588
8928,sigorilla,1,0.00037,272827,99.72184,273588
8929,sigurdga,1,0.00037,272828,99.72221,273588
8930,silhouettes,1,0.00037,272829,99.72258,273588
8931,Silthus,1,0.00037,272830,99.72294,273588
8932,silvermanj7,1,0.00037,272831,99.72331,273588
8933,silvestrijonathan,1,0.00037,272832,99.72367,273588
8934,simeg,1,0.00037,272833,99.72404,273588
8935,simison,1,0.00037,272834,99.72440,273588
8936,simonewebdesign,1,0.00037,272835,99.72477,273588
8937,simongareste,1,0.00037,272836,99.72513,273588
8938,simonratner,1,0.00037,272837,99.72550,273588
8939,simplejackcoder,1,0.00037,272838,99.72587,273588
8940,simpulton,1,0.00037,272839,99.72623,273588
8941,sinkingpoint,1,0.00037,272840,99.72660,273588
8942,siriak,1,0.00037,272841,99.72696,273588
8943,sirkadirov,1,0.00037,272842,99.72733,273588
8944,sivagao,1,0.00037,272843,99.72769,273588
8945,skeggse,1,0.00037,272844,99.72806,273588
8946,skjolber,1,0.00037,272845,99.72842,273588
8947,skotniczny,1,0.00037,272846,99.72879,273588
8948,skovy,1,0.00037,272847,99.72915,273588
8949,Skovy,1,0.00037,272848,99.72952,273588
8950,skrobinson,1,0.00037,272849,99.72989,273588
8951,Sky161,1,0.00037,272850,99.73025,273588
8952,skyline-123,1,0.00037,272851,99.73062,273588
8953,skyzyx,1,0.00037,272852,99.73098,273588
8954,slandelle,1,0.00037,272853,99.73135,273588
8955,slang800,1,0.00037,272854,99.73171,273588
8956,slavanga,1,0.00037,272855,99.73208,273588
8957,sliceofbytes,1,0.00037,272856,99.73244,273588
8958,slim-hmidi,1,0.00037,272857,99.73281,273588
8959,slinlee,1,0.00037,272858,99.73318,273588
8960,slix,1,0.00037,272859,99.73354,273588
8961,slothspot,1,0.00037,272860,99.73391,273588
8962,Slowyn,1,0.00037,272861,99.73427,273588
8963,slozier,1,0.00037,272862,99.73464,273588
8964,smaant,1,0.00037,272863,99.73500,273588
8965,smaclell,1,0.00037,272864,99.73537,273588
8966,smartftp,1,0.00037,272865,99.73573,273588
8967,smelukov,1,0.00037,272866,99.73610,273588
8968,Smert,1,0.00037,272867,99.73647,273588
8969,smockle,1,0.00037,272868,99.73683,273588
8970,smondal,1,0.00037,272869,99.73720,273588
8971,smurphy333,1,0.00037,272870,99.73756,273588
8972,smusali,1,0.00037,272871,99.73793,273588
8973,SMUsamaShah,1,0.00037,272872,99.73829,273588
8974,snater,1,0.00037,272873,99.73866,273588
8975,snood1205,1,0.00037,272874,99.73902,273588
8976,snuggs,1,0.00037,272875,99.73939,273588
8977,snyamathi,1,0.00037,272876,99.73975,273588
8978,softcraft-development,1,0.00037,272877,99.74012,273588
8979,soheilpro,1,0.00037,272878,99.74049,273588
8980,soimy,1,0.00037,272879,99.74085,273588
8981,sokolovstas,1,0.00037,272880,99.74122,273588
8982,sokra,1,0.00037,272881,99.74158,273588
8983,soldair,1,0.00037,272882,99.74195,273588
8984,solzimer,1,0.00037,272883,99.74231,273588
8985,SomeoneWeird,1,0.00037,272884,99.74268,273588
8986,sondrele,1,0.00037,272885,99.74304,273588
8987,songawee,1,0.00037,272886,99.74341,273588
8988,songsong182,1,0.00037,272887,99.74378,273588
8989,sophiegit,1,0.00037,272888,99.74414,273588
8990,sorensenjs,1,0.00037,272889,99.74451,273588
8991,Sornelo,1,0.00037,272890,99.74487,273588
8992,sothawo,1,0.00037,272891,99.74524,273588
8993,sottar,1,0.00037,272892,99.74560,273588
8994,Souhail-5,1,0.00037,272893,99.74597,273588
8995,southpolesteve,1,0.00037,272894,99.74633,273588
8996,sowcow,1,0.00037,272895,99.74670,273588
8997,spacebeers,1,0.00037,272896,99.74706,273588
8998,SpainTrain,1,0.00037,272897,99.74743,273588
8999,SpartaSixZero,1,0.00037,272898,99.74780,273588
9000,specio,1,0.00037,272899,99.74816,273588
9001,speedskater,1,0.00037,272900,99.74853,273588
9002,spegelref,1,0.00037,272901,99.74889,273588
9003,spen,1,0.00037,272902,99.74926,273588
9004,sphire,1,0.00037,272903,99.74962,273588
9005,Spikef,1,0.00037,272904,99.74999,273588
9006,spinfooser,1,0.00037,272905,99.75035,273588
9007,spirosikmd,1,0.00037,272906,99.75072,273588
9008,splintercode,1,0.00037,272907,99.75109,273588
9009,sprockow,1,0.00037,272908,99.75145,273588
9010,spshant,1,0.00037,272909,99.75182,273588
9011,sputier,1,0.00037,272910,99.75218,273588
9012,sputnik13,1,0.00037,272911,99.75255,273588
9013,srabraham,1,0.00037,272912,99.75291,273588
9014,srcdes,1,0.00037,272913,99.75328,273588
9015,sriggin,1,0.00037,272914,99.75364,273588
9016,srittau,1,0.00037,272915,99.75401,273588
9017,srn,1,0.00037,272916,99.75438,273588
9018,srph,1,0.00037,272917,99.75474,273588
9019,ss18,1,0.00037,272918,99.75511,273588
9020,sschuberth,1,0.00037,272919,99.75547,273588
9021,sschueller,1,0.00037,272920,99.75584,273588
9022,sshrdp,1,0.00037,272921,99.75620,273588
9023,stam,1,0.00037,272922,99.75657,273588
9024,Standard8,1,0.00037,272923,99.75693,273588
9025,stasmaxymov,1,0.00037,272924,99.75730,273588
9026,stefan-staynov,1,0.00037,272925,99.75766,273588
9027,steffenweber,1,0.00037,272926,99.75803,273588
9028,StefMa,1,0.00037,272927,99.75840,273588
9029,steida,1,0.00037,272928,99.75876,273588
9030,stephan281094,1,0.00037,272929,99.75913,273588
9031,stephantabor,1,0.00037,272930,99.75949,273588
9032,stephan-v,1,0.00037,272931,99.75986,273588
9033,StephenCleary,1,0.00037,272932,99.76022,273588
9034,stephengroat,1,0.00037,272933,99.76059,273588
9035,StephenMolloy,1,0.00037,272934,99.76095,273588
9036,stephennancekivell,1,0.00037,272935,99.76132,273588
9037,stephen-puiszis,1,0.00037,272936,99.76169,273588
9038,stephenreddek,1,0.00037,272937,99.76205,273588
9039,stephlag,1,0.00037,272938,99.76242,273588
9040,SteveAndrewArcher,1,0.00037,272939,99.76278,273588
9041,stevedesmond-ca,1,0.00037,272940,99.76315,273588
9042,steveklabnik,1,0.00037,272941,99.76351,273588
9043,SteveL-MSFT,1,0.00037,272942,99.76388,273588
9044,stevenbenitez,1,0.00037,272943,99.76424,273588
9045,StevenHeinrich,1,0.00037,272944,99.76461,273588
9046,stevenp,1,0.00037,272945,99.76498,273588
9047,stevenschlansker,1,0.00037,272946,99.76534,273588
9048,stevenw,1,0.00037,272947,99.76571,273588
9049,SteveShaffer,1,0.00037,272948,99.76607,273588
9050,steve-taylor,1,0.00037,272949,99.76644,273588
9051,SteveVanOpstal,1,0.00037,272950,99.76680,273588
9052,steveyken,1,0.00037,272951,99.76717,273588
9053,StewPoll,1,0.00037,272952,99.76753,273588
9054,sth,1,0.00037,272953,99.76790,273588
9055,stkb,1,0.00037,272954,99.76826,273588
9056,stof,1,0.00037,272955,99.76863,273588
9057,stonexer,1,0.00037,272956,99.76900,273588
9058,stonio,1,0.00037,272957,99.76936,273588
9059,stovocor,1,0.00037,272958,99.76973,273588
9060,stoyandimov,1,0.00037,272959,99.77009,273588
9061,strajkovmsft,1,0.00037,272960,99.77046,273588
9062,straker,1,0.00037,272961,99.77082,273588
9063,strayobject,1,0.00037,272962,99.77119,273588
9064,sttk,1,0.00037,272963,99.77155,273588
9065,stuartsan,1,0.00037,272964,99.77192,273588
9066,studyjan,1,0.00037,272965,99.77229,273588
9067,subzey,1,0.00037,272966,99.77265,273588
9068,Suchiman,1,0.00037,272967,99.77302,273588
9069,suchipi,1,0.00037,272968,99.77338,273588
9070,sudodoki,1,0.00037,272969,99.77375,273588
9071,sugarshin,1,0.00037,272970,99.77411,273588
9072,sukjae,1,0.00037,272971,99.77448,273588
9073,sullis,1,0.00037,272972,99.77484,273588
9074,sumanla13a,1,0.00037,272973,99.77521,273588
9075,sumanvyj,1,0.00037,272974,99.77557,273588
9076,sunandabalu,1,0.00037,272975,99.77594,273588
9077,sunorry,1,0.00037,272976,99.77631,273588
9078,sunshineKE,1,0.00037,272977,99.77667,273588
9079,Superpencil,1,0.00037,272978,99.77704,273588
9080,suvjunmd,1,0.00037,272979,99.77740,273588
9081,svatsan,1,0.00037,272980,99.77777,273588
9082,svenheden,1,0.00037,272981,99.77813,273588
9083,sventschui,1,0.00037,272982,99.77850,273588
9084,svenvarkel,1,0.00037,272983,99.77886,273588
9085,sverrejoh,1,0.00037,272984,99.77923,273588
9086,svetlyak40wt,1,0.00037,272985,99.77960,273588
9087,svi3c,1,0.00037,272986,99.77996,273588
9088,SwamWithTurtles,1,0.00037,272987,99.78033,273588
9089,sweiss-google,1,0.00037,272988,99.78069,273588
9090,swestwood,1,0.00037,272989,99.78106,273588
9091,SwooshyCueb,1,0.00037,272990,99.78142,273588
9092,swrobel,1,0.00037,272991,99.78179,273588
9093,s-yadav,1,0.00037,272992,99.78215,273588
9094,sylveon,1,0.00037,272993,99.78252,273588
9095,sYnfo,1,0.00037,272994,99.78289,273588
9096,Syrok,1,0.00037,272995,99.78325,273588
9097,szastupov,1,0.00037,272996,99.78362,273588
9098,szedlakmate,1,0.00037,272997,99.78398,273588
9099,szepeviktor,1,0.00037,272998,99.78435,273588
9100,szhu,1,0.00037,272999,99.78471,273588
9101,szwacz,1,0.00037,273000,99.78508,273588
9102,szymonkups,1,0.00037,273001,99.78544,273588
9103,tag,1,0.00037,273002,99.78581,273588
9104,Tahler,1,0.00037,273003,99.78617,273588
9105,taku0,1,0.00037,273004,99.78654,273588
9106,TalAter,1,0.00037,273005,99.78691,273588
9107,talgautb,1,0.00037,273006,99.78727,273588
9108,talum,1,0.00037,273007,99.78764,273588
9109,tanyabrassie,1,0.00037,273008,99.78800,273588
9110,tareqhs,1,0.00037,273009,99.78837,273588
9111,tarrow,1,0.00037,273010,99.78873,273588
9112,tasanuma,1,0.00037,273011,99.78910,273588
9113,TATDK,1,0.00037,273012,99.78946,273588
9114,TautvydasZilys,1,0.00037,273013,99.78983,273588
9115,taylorhutchison,1,0.00037,273014,99.79020,273588
9116,tbartley,1,0.00037,273015,99.79056,273588
9117,tbepdb,1,0.00037,273016,99.79093,273588
9118,tbroyer,1,0.00037,273017,99.79129,273588
9119,tdg5,1,0.00037,273018,99.79166,273588
9120,tdhooper,1,0.00037,273019,99.79202,273588
9121,tdupont750,1,0.00037,273020,99.79239,273588
9122,tdzienniak,1,0.00037,273021,99.79275,273588
9123,teabyii,1,0.00037,273022,99.79312,273588
9124,teameh,1,0.00037,273023,99.79349,273588
9125,TechDimension,1,0.00037,273024,99.79385,273588
9126,TechQuery,1,0.00037,273025,99.79422,273588
9127,teeram,1,0.00037,273026,99.79458,273588
9128,tehapo,1,0.00037,273027,99.79495,273588
9129,teldosas,1,0.00037,273028,99.79531,273588
9130,teleaziz,1,0.00037,273029,99.79568,273588
9131,temega,1,0.00037,273030,99.79604,273588
9132,tendant,1,0.00037,273031,99.79641,273588
9133,tengis,1,0.00037,273032,99.79677,273588
9134,teosz,1,0.00037,273033,99.79714,273588
9135,TepigMC,1,0.00037,273034,99.79751,273588
9136,terrawheat,1,0.00037,273035,99.79787,273588
9137,terry3,1,0.00037,273036,99.79824,273588
9138,testcenter,1,0.00037,273037,99.79860,273588
9139,testfirstcoder,1,0.00037,273038,99.79897,273588
9140,Tetsuya3850,1,0.00037,273039,99.79933,273588
9141,tetv,1,0.00037,273040,99.79970,273588
9142,teunw,1,0.00037,273041,99.80006,273588
9143,texasbruce,1,0.00037,273042,99.80043,273588
9144,tgallacher,1,0.00037,273043,99.80080,273588
9145,tgriesser,1,0.00037,273044,99.80116,273588
9146,th0r,1,0.00037,273045,99.80153,273588
9147,th507,1,0.00037,273046,99.80189,273588
9148,ThaddeusJiang,1,0.00037,273047,99.80226,273588
9149,thardeck,1,0.00037,273048,99.80262,273588
9150,tharunjose,1,0.00037,273049,99.80299,273588
9151,thatJavaNerd,1,0.00037,273050,99.80335,273588
9152,thattanmay,1,0.00037,273051,99.80372,273588
9153,thbt,1,0.00037,273052,99.80408,273588
9154,theawesomenayak,1,0.00037,273053,99.80445,273588
9155,thebergamo,1,0.00037,273054,99.80482,273588
9156,TheBusCantSwim,1,0.00037,273055,99.80518,273588
9157,thechutrain,1,0.00037,273056,99.80555,273588
9158,theely,1,0.00037,273057,99.80591,273588
9159,thefliik,1,0.00037,273058,99.80628,273588
9160,theganyo,1,0.00037,273059,99.80664,273588
9161,theHasanas,1,0.00037,273060,99.80701,273588
9162,thehungrycoder,1,0.00037,273061,99.80737,273588
9163,TheIke,1,0.00037,273062,99.80774,273588
9164,theimowski,1,0.00037,273063,99.80811,273588
9165,TheInnerParty,1,0.00037,273064,99.80847,273588
9166,TheJaredWilcurt,1,0.00037,273065,99.80884,273588
9167,theJian,1,0.00037,273066,99.80920,273588
9168,theKashey,1,0.00037,273067,99.80957,273588
9169,thekeenant,1,0.00037,273068,99.80993,273588
9170,thekevlau,1,0.00037,273069,99.81030,273588
9171,TheLastAlly,1,0.00037,273070,99.81066,273588
9172,themez,1,0.00037,273071,99.81103,273588
9173,thepont,1,0.00037,273072,99.81140,273588
9174,therealklanni,1,0.00037,273073,99.81176,273588
9175,Theriault,1,0.00037,273074,99.81213,273588
9176,theromis,1,0.00037,273075,99.81249,273588
9177,TheSharpieOne,1,0.00037,273076,99.81286,273588
9178,the-simian,1,0.00037,273077,99.81322,273588
9179,the-vampiire,1,0.00037,273078,99.81359,273588
9180,thewarpaint,1,0.00037,273079,99.81395,273588
9181,thewilly,1,0.00037,273080,99.81432,273588
9182,thezerobit,1,0.00037,273081,99.81468,273588
9183,thezim,1,0.00037,273082,99.81505,273588
9184,thg303,1,0.00037,273083,99.81542,273588
9185,thiagoh,1,0.00037,273084,99.81578,273588
9186,thiagopaiva99,1,0.00037,273085,99.81615,273588
9187,thibaultmeyer,1,0.00037,273086,99.81651,273588
9188,thibautRe,1,0.00037,273087,99.81688,273588
9189,Thiez,1,0.00037,273088,99.81724,273588
9190,thinker3197,1,0.00037,273089,99.81761,273588
9191,Third9,1,0.00037,273090,99.81797,273588
9192,thisconnect,1,0.00037,273091,99.81834,273588
9193,ThisNameWasTaken,1,0.00037,273092,99.81871,273588
9194,thisRaptori,1,0.00037,273093,99.81907,273588
9195,thodorisbais,1,0.00037,273094,99.81944,273588
9196,thoger,1,0.00037,273095,99.81980,273588
9197,thokrae,1,0.00037,273096,99.82017,273588
9198,thomasdarimont,1,0.00037,273097,99.82053,273588
9199,thomas-klambauer,1,0.00037,273098,99.82090,273588
9200,ThomasSimoens,1,0.00037,273099,99.82126,273588
9201,thomasyimgit,1,0.00037,273100,99.82163,273588
9202,thommymo,1,0.00037,273101,99.82200,273588
9203,thoughtpalette,1,0.00037,273102,99.82236,273588
9204,thoys,1,0.00037,273103,99.82273,273588
9205,ThrawnCA,1,0.00037,273104,99.82309,273588
9206,thtg88,1,0.00037,273105,99.82346,273588
9207,TiagoDanin,1,0.00037,273106,99.82382,273588
9208,tiangolo,1,0.00037,273107,99.82419,273588
9209,tianyin,1,0.00037,273108,99.82455,273588
9210,tidusjar,1,0.00037,273109,99.82492,273588
9211,Tidyzq,1,0.00037,273110,99.82528,273588
9212,tierfire,1,0.00037,273111,99.82565,273588
9213,TillaTheHun0,1,0.00037,273112,99.82602,273588
9214,timbell,1,0.00037,273113,99.82638,273588
9215,TimeBomb,1,0.00037,273114,99.82675,273588
9216,timeimp,1,0.00037,273115,99.82711,273588
9217,Timer,1,0.00037,273116,99.82748,273588
9218,timfish,1,0.00037,273117,99.82784,273588
9219,timjk,1,0.00037,273118,99.82821,273588
9220,TimJohns,1,0.00037,273119,99.82857,273588
9221,timkindberg,1,0.00037,273120,99.82894,273588
9222,timlesallen,1,0.00037,273121,99.82931,273588
9223,TimLovellSmith,1,0.00037,273122,99.82967,273588
9224,timonvo,1,0.00037,273123,99.83004,273588
9225,TimonVS,1,0.00037,273124,99.83040,273588
9226,timotei,1,0.00037,273125,99.83077,273588
9227,timotheeg,1,0.00037,273126,99.83113,273588
9228,TimothyKrell,1,0.00037,273127,99.83150,273588
9229,timoweiss,1,0.00037,273128,99.83186,273588
9230,timuric,1,0.00037,273129,99.83223,273588
9231,TimvdEijnden,1,0.00037,273130,99.83259,273588
9232,TimWSpence,1,0.00037,273131,99.83296,273588
9233,tim-zh,1,0.00037,273132,99.83333,273588
9234,TimZhang0926,1,0.00037,273133,99.83369,273588
9235,tingstad,1,0.00037,273134,99.83406,273588
9236,Titozzz,1,0.00037,273135,99.83442,273588
9237,tiwarivikash,1,0.00037,273136,99.83479,273588
9238,tj,1,0.00037,273137,99.83515,273588
9239,t-j-h,1,0.00037,273138,99.83552,273588
9240,tjmehta,1,0.00037,273139,99.83588,273588
9241,tjwallace,1,0.00037,273140,99.83625,273588
9242,tjwebb,1,0.00037,273141,99.83662,273588
9243,tjwudi,1,0.00037,273142,99.83698,273588
9244,tkopczuk,1,0.00037,273143,99.83735,273588
9245,tkp1n,1,0.00037,273144,99.83771,273588
9246,tkrugg,1,0.00037,273145,99.83808,273588
9247,tkshnwesper,1,0.00037,273146,99.83844,273588
9248,tlancina,1,0.00037,273147,99.83881,273588
9249,tlantz,1,0.00037,273148,99.83917,273588
9250,tlk,1,0.00037,273149,99.83954,273588
9251,tlrx,1,0.00037,273150,99.83991,273588
9252,TMiNus,1,0.00037,273151,99.84027,273588
9253,tmousaw-ptc,1,0.00037,273152,99.84064,273588
9254,tmybr11,1,0.00037,273153,99.84100,273588
9255,tmysz,1,0.00037,273154,99.84137,273588
9256,tnga,1,0.00037,273155,99.84173,273588
9257,tnunes,1,0.00037,273156,99.84210,273588
9258,tobarja,1,0.00037,273157,99.84246,273588
9259,TobiTonner,1,0.00037,273158,99.84283,273588
9260,tobyee,1,0.00037,273159,99.84319,273588
9261,toddobryan,1,0.00037,273160,99.84356,273588
9262,todoubaba,1,0.00037,273161,99.84393,273588
9263,tom5760,1,0.00037,273162,99.84429,273588
9264,tomalec,1,0.00037,273163,99.84466,273588
9265,tomap,1,0.00037,273164,99.84502,273588
9266,tomarad,1,0.00037,273165,99.84539,273588
9267,tomaschyly,1,0.00037,273166,99.84575,273588
9268,tomasisonfire,1,0.00037,273167,99.84612,273588
9269,tomball,1,0.00037,273168,99.84648,273588
9270,tomduncalf,1,0.00037,273169,99.84685,273588
9271,tomergg,1,0.00037,273170,99.84722,273588
9272,TomerWeisberg,1,0.00037,273171,99.84758,273588
9273,tomfuertes,1,0.00037,273172,99.84795,273588
9274,tomjridge,1,0.00037,273173,99.84831,273588
9275,TomK32,1,0.00037,273174,99.84868,273588
9276,tommagnusson,1,0.00037,273175,99.84904,273588
9277,tomoyukikashiro,1,0.00037,273176,99.84941,273588
9278,tomquirk,1,0.00037,273177,99.84977,273588
9279,Tomschi,1,0.00037,273178,99.85014,273588
9280,tomvlk,1,0.00037,273179,99.85051,273588
9281,TomyJaya,1,0.00037,273180,99.85087,273588
9282,tony99nyr,1,0.00037,273181,99.85124,273588
9283,tonybaloney,1,0.00037,273182,99.85160,273588
9284,tonyhallett,1,0.00037,273183,99.85197,273588
9285,tonyspiro,1,0.00037,273184,99.85233,273588
9286,tordans,1,0.00037,273185,99.85270,273588
9287,Torwori,1,0.00037,273186,99.85306,273588
9288,toshiD,1,0.00037,273187,99.85343,273588
9289,toshihidetagami,1,0.00037,273188,99.85379,273588
9290,toubou91,1,0.00037,273189,99.85416,273588
9291,tpolecat,1,0.00037,273190,99.85453,273588
9292,TracyGJG,1,0.00037,273191,99.85489,273588
9293,translucens,1,0.00037,273192,99.85526,273588
9294,travishohl,1,0.00037,273193,99.85562,273588
9295,trentclowater,1,0.00037,273194,99.85599,273588
9296,Treora,1,0.00037,273195,99.85635,273588
9297,trevorsmith,1,0.00037,273196,99.85672,273588
9298,tribou,1,0.00037,273197,99.85708,273588
9299,trickford,1,0.00037,273198,99.85745,273588
9300,trierra,1,0.00037,273199,99.85782,273588
9301,triggerNZ,1,0.00037,273200,99.85818,273588
9302,trivikr,1,0.00037,273201,99.85855,273588
9303,trodrigues,1,0.00037,273202,99.85891,273588
9304,troeggla,1,0.00037,273203,99.85928,273588
9305,TRowbotham,1,0.00037,273204,99.85964,273588
9306,troyastorino,1,0.00037,273205,99.86001,273588
9307,trshafer,1,0.00037,273206,99.86037,273588
9308,truckingsim,1,0.00037,273207,99.86074,273588
9309,truelixin,1,0.00037,273208,99.86111,273588
9310,truongduy134,1,0.00037,273209,99.86147,273588
9311,trusktr,1,0.00037,273210,99.86184,273588
9312,tsing,1,0.00037,273211,99.86220,273588
9313,tsjost,1,0.00037,273212,99.86257,273588
9314,tsums,1,0.00037,273213,99.86293,273588
9315,ttulka,1,0.00037,273214,99.86330,273588
9316,tuespetre,1,0.00037,273215,99.86366,273588
9317,tugh,1,0.00037,273216,99.86403,273588
9318,tugrul,1,0.00037,273217,99.86439,273588
9319,TundraFizz,1,0.00037,273218,99.86476,273588
9320,turbanoff,1,0.00037,273219,99.86513,273588
9321,TurtleShip,1,0.00037,273220,99.86549,273588
9322,tuurbo,1,0.00037,273221,99.86586,273588
9323,tvillaluz,1,0.00037,273222,99.86622,273588
9324,twilker,1,0.00037,273223,99.86659,273588
9325,twillouer,1,0.00037,273224,99.86695,273588
9326,twiss,1,0.00037,273225,99.86732,273588
9327,twk-b,1,0.00037,273226,99.86768,273588
9328,twlkyao,1,0.00037,273227,99.86805,273588
9329,twogood,1,0.00037,273228,99.86842,273588
9330,tycho,1,0.00037,273229,99.86878,273588
9331,TylerDixon,1,0.00037,273230,99.86915,273588
9332,tyleriguchi,1,0.00037,273231,99.86951,273588
9333,tymlipari,1,0.00037,273232,99.86988,273588
9334,typytype,1,0.00037,273233,99.87024,273588
9335,Tyriar,1,0.00037,273234,99.87061,273588
9336,tyrw,1,0.00037,273235,99.87097,273588
9337,tzvipm,1,0.00037,273236,99.87134,273588
9338,uday4vunnam,1,0.00037,273237,99.87170,273588
9339,udayvunnam,1,0.00037,273238,99.87207,273588
9340,ueg1990,1,0.00037,273239,99.87244,273588
9341,ueshin,1,0.00037,273240,99.87280,273588
9342,ufcpp,1,0.00037,273241,99.87317,273588
9343,ufologist,1,0.00037,273242,99.87353,273588
9344,uhhhh2,1,0.00037,273243,99.87390,273588
9345,ukreator,1,0.00037,273244,99.87426,273588
9346,ulisesh,1,0.00037,273245,99.87463,273588
9347,ulope,1,0.00037,273246,99.87499,273588
9348,ultrafez,1,0.00037,273247,99.87536,273588
9349,umberbeard,1,0.00037,273248,99.87573,273588
9350,umcodemonkey,1,0.00037,273249,99.87609,273588
9351,undirectlookable,1,0.00037,273250,99.87646,273588
9352,unframework,1,0.00037,273251,99.87682,273588
9353,Unit03,1,0.00037,273252,99.87719,273588
9354,unlimitedsola,1,0.00037,273253,99.87755,273588
9355,unlucio,1,0.00037,273254,99.87792,273588
9356,unRob,1,0.00037,273255,99.87828,273588
9357,unstubbable,1,0.00037,273256,99.87865,273588
9358,up9cloud,1,0.00037,273257,99.87902,273588
9359,urimor,1,0.00037,273258,99.87938,273588
9360,user890104,1,0.00037,273259,99.87975,273588
9361,user9209,1,0.00037,273260,99.88011,273588
9362,usmanajmal,1,0.00037,273261,99.88048,273588
9363,UttejG,1,0.00037,273262,99.88084,273588
9364,uvegla,1,0.00037,273263,99.88121,273588
9365,uweschaefer,1,0.00037,273264,99.88157,273588
9366,uxfed,1,0.00037,273265,99.88194,273588
9367,uyu423,1,0.00037,273266,99.88230,273588
9368,uzyn,1,0.00037,273267,99.88267,273588
9369,VadimDez,1,0.00037,273268,99.88304,273588
9370,vaintroub,1,0.00037,273269,99.88340,273588
9371,ValentinTrinque,1,0.00037,273270,99.88377,273588
9372,valydia,1,0.00037,273271,99.88413,273588
9373,Vampire,1,0.00037,273272,99.88450,273588
9374,vanbujm,1,0.00037,273273,99.88486,273588
9375,vanderlee,1,0.00037,273274,99.88523,273588
9376,vanjacosic,1,0.00037,273275,99.88559,273588
9377,vanupam,1,0.00037,273276,99.88596,273588
9378,VarelloThemes,1,0.00037,273277,99.88633,273588
9379,varocarbas,1,0.00037,273278,99.88669,273588
9380,varunrau,1,0.00037,273279,99.88706,273588
9381,vbarbaresi,1,0.00037,273280,99.88742,273588
9382,vbauer,1,0.00037,273281,99.88779,273588
9383,vecode,1,0.00037,273282,99.88815,273588
9384,Vedin,1,0.00037,273283,99.88852,273588
9385,veera83372,1,0.00037,273284,99.88888,273588
9386,vegetableman,1,0.00037,273285,99.88925,273588
9387,VEINHORN,1,0.00037,273286,99.88962,273588
9388,vernondegoede,1,0.00037,273287,99.88998,273588
9389,vgulaev,1,0.00037,273288,99.89035,273588
9390,vicneanschi,1,0.00037,273289,99.89071,273588
9391,vicrdguez,1,0.00037,273290,99.89108,273588
9392,victorhermes,1,0.00037,273291,99.89144,273588
9393,victoriaaa234,1,0.00037,273292,99.89181,273588
9394,VictorKoenders,1,0.00037,273293,99.89217,273588
9395,victormejia,1,0.00037,273294,99.89254,273588
9396,victorwss,1,0.00037,273295,99.89290,273588
9397,Victorystick,1,0.00037,273296,99.89327,273588
9398,vigneshTheDev,1,0.00037,273297,99.89364,273588
9399,vijayk2019,1,0.00037,273298,99.89400,273588
9400,vijaykcm,1,0.00037,273299,99.89437,273588
9401,vikhyat,1,0.00037,273300,99.89473,273588
9402,ViKomprenas,1,0.00037,273301,99.89510,273588
9403,ViktorSlavov,1,0.00037,273302,99.89546,273588
9404,vinaydate,1,0.00037,273303,99.89583,273588
9405,VincentBailly,1,0.00037,273304,99.89619,273588
9406,vincentbernat,1,0.00037,273305,99.89656,273588
9407,vincentdehaan,1,0.00037,273306,99.89693,273588
9408,viniciusdacal,1,0.00037,273307,99.89729,273588
9409,viniciusls,1,0.00037,273308,99.89766,273588
9410,VipSaran,1,0.00037,273309,99.89802,273588
9411,vitaliy-bobrov,1,0.00037,273310,99.89839,273588
9412,vitaliyterziev,1,0.00037,273311,99.89875,273588
9413,vitalymak,1,0.00037,273312,99.89912,273588
9414,vitaly-t,1,0.00037,273313,99.89948,273588
9415,VitoNordloh,1,0.00037,273314,99.89985,273588
9416,vjovanov,1,0.00037,273315,99.90021,273588
9417,vkhv,1,0.00037,273316,99.90058,273588
9418,vkramskikh,1,0.00037,273317,99.90095,273588
9419,VladBlow,1,0.00037,273318,99.90131,273588
9420,vladdrozd,1,0.00037,273319,99.90168,273588
9421,vladgolubev,1,0.00037,273320,99.90204,273588
9422,vladimir-barsuchenko,1,0.00037,273321,99.90241,273588
9423,VladimirKhvostov,1,0.00037,273322,99.90277,273588
9424,Vladlis,1,0.00037,273323,99.90314,273588
9425,vladris,1,0.00037,273324,99.90350,273588
9426,vlajos,1,0.00037,273325,99.90387,273588
9427,vlcheong,1,0.00037,273326,99.90424,273588
9428,vmalloc,1,0.00037,273327,99.90460,273588
9429,vmosyaykin,1,0.00037,273328,99.90497,273588
9430,vnathalye,1,0.00037,273329,99.90533,273588
9431,vnctaing,1,0.00037,273330,99.90570,273588
9432,vogella,1,0.00037,273331,99.90606,273588
9433,Voker57,1,0.00037,273332,99.90643,273588
9434,volshibenik,1,0.00037,273333,99.90679,273588
9435,vontangen,1,0.00037,273334,99.90716,273588
9436,vovkvlad,1,0.00037,273335,99.90753,273588
9437,voxlet,1,0.00037,273336,99.90789,273588
9438,voyageth,1,0.00037,273337,99.90826,273588
9439,vp2177,1,0.00037,273338,99.90862,273588
9440,vpavic,1,0.00037,273339,99.90899,273588
9441,vrana,1,0.00037,273340,99.90935,273588
9442,vsemozhetbyt,1,0.00037,273341,99.90972,273588
9443,vsetka,1,0.00037,273342,99.91008,273588
9444,vseventer,1,0.00037,273343,99.91045,273588
9445,vsiao,1,0.00037,273344,99.91081,273588
9446,vstinner,1,0.00037,273345,99.91118,273588
9447,vuakko,1,0.00037,273346,99.91155,273588
9448,vvidic,1,0.00037,273347,99.91191,273588
9449,vwxyutarooo,1,0.00037,273348,99.91228,273588
9450,vzaidman,1,0.00037,273349,99.91264,273588
9451,waahhhh,1,0.00037,273350,99.91301,273588
9452,waclawjacek,1,0.00037,273351,99.91337,273588
9453,wadewegner,1,0.00037,273352,99.91374,273588
9454,WaeCo,1,0.00037,273353,99.91410,273588
9455,WallacePinho,1,0.00037,273354,99.91447,273588
9456,wallali,1,0.00037,273355,99.91484,273588
9457,walshie4,1,0.00037,273356,99.91520,273588
9458,Wang-Sen,1,0.00037,273357,99.91557,273588
9459,warapitiya,1,0.00037,273358,99.91593,273588
9460,warrenseymour,1,0.00037,273359,99.91630,273588
9461,watilde,1,0.00037,273360,99.91666,273588
9462,wavebeem,1,0.00037,273361,99.91703,273588
9463,waywardgeek,1,0.00037,273362,99.91739,273588
9464,wazave,1,0.00037,273363,99.91776,273588
9465,wbecker,1,0.00037,273364,99.91813,273588
9466,wbinnssmith,1,0.00037,273365,99.91849,273588
9467,wbyoko,1,0.00037,273366,99.91886,273588
9468,wcjordan,1,0.00037,273367,99.91922,273588
9469,wclear,1,0.00037,273368,99.91959,273588
9470,WdeBruin,1,0.00037,273369,99.91995,273588
9471,webdeveloperpr,1,0.00037,273370,99.92032,273588
9472,webgene,1,0.00037,273371,99.92068,273588
9473,webmaster128,1,0.00037,273372,99.92105,273588
9474,webprofusion-chrisc,1,0.00037,273373,99.92141,273588
9475,webyom,1,0.00037,273374,99.92178,273588
9476,weiluntong,1,0.00037,273375,99.92215,273588
9477,wejendorp,1,0.00037,273376,99.92251,273588
9478,WellingR,1,0.00037,273377,99.92288,273588
9479,wellingWilliam,1,0.00037,273378,99.92324,273588
9480,weltkante,1,0.00037,273379,99.92361,273588
9481,wendy,1,0.00037,273380,99.92397,273588
9482,westarle,1,0.00037,273381,99.92434,273588
9483,westonruter,1,0.00037,273382,99.92470,273588
9484,weswigham,1,0.00037,273383,99.92507,273588
9485,weswinder,1,0.00037,273384,99.92544,273588
9486,wgottschalk,1,0.00037,273385,99.92580,273588
9487,wgpsutherland,1,0.00037,273386,99.92617,273588
9488,whitej17,1,0.00037,273387,99.92653,273588
9489,wiarlawd,1,0.00037,273388,99.92690,273588
9490,WickyNilliams,1,0.00037,273389,99.92726,273588
9491,wikibootup,1,0.00037,273390,99.92763,273588
9492,wikinee,1,0.00037,273391,99.92799,273588
9493,WilcoFiers,1,0.00037,273392,99.92836,273588
9494,Wildenhaus,1,0.00037,273393,99.92872,273588
9495,wildwilder,1,0.00037,273394,99.92909,273588
9496,wilka,1,0.00037,273395,99.92946,273588
9497,willbeaufoy,1,0.00037,273396,99.92982,273588
9498,willfarrell,1,0.00037,273397,99.93019,273588
9499,willgm,1,0.00037,273398,99.93055,273588
9500,williamdes,1,0.00037,273399,99.93092,273588
9501,william-lohan,1,0.00037,273400,99.93128,273588
9502,Willv19,1,0.00037,273401,99.93165,273588
9503,willyelm,1,0.00037,273402,99.93201,273588
9504,wilmol,1,0.00037,273403,99.93238,273588
9505,wilx,1,0.00037,273404,99.93275,273588
9506,wilzbach,1,0.00037,273405,99.93311,273588
9507,wiml,1,0.00037,273406,99.93348,273588
9508,withsilen,1,0.00037,273407,99.93384,273588
9509,wizardnet972,1,0.00037,273408,99.93421,273588
9510,wizawu,1,0.00037,273409,99.93457,273588
9511,wizpig64,1,0.00037,273410,99.93494,273588
9512,wKovacs64,1,0.00037,273411,99.93530,273588
9513,wla80,1,0.00037,273412,99.93567,273588
9514,wllm-rbnt,1,0.00037,273413,99.93604,273588
9515,wltsmrz,1,0.00037,273414,99.93640,273588
9516,WLun001,1,0.00037,273415,99.93677,273588
9517,wobbol,1,0.00037,273416,99.93713,273588
9518,wodify,1,0.00037,273417,99.93750,273588
9519,wodomierz,1,0.00037,273418,99.93786,273588
9520,WojciechNagorski,1,0.00037,273419,99.93823,273588
9521,wojtekmaj,1,0.00037,273420,99.93859,273588
9522,wojtpl2,1,0.00037,273421,99.93896,273588
9523,woloski,1,0.00037,273422,99.93932,273588
9524,wonderdogone,1,0.00037,273423,99.93969,273588
9525,WonyoungChoi,1,0.00037,273424,99.94006,273588
9526,woodyhymns,1,0.00037,273425,99.94042,273588
9527,woppa684,1,0.00037,273426,99.94079,273588
9528,worldsense-tms,1,0.00037,273427,99.94115,273588
9529,worthy7,1,0.00037,273428,99.94152,273588
9530,WouterG,1,0.00037,273429,99.94188,273588
9531,woverton,1,0.00037,273430,99.94225,273588
9532,wrakky,1,0.00037,273431,99.94261,273588
9533,wtokuno,1,0.00037,273432,99.94298,273588
9534,wtorsi,1,0.00037,273433,99.94335,273588
9535,wuwen5,1,0.00037,273434,99.94371,273588
9536,wwcline,1,0.00037,273435,99.94408,273588
9537,wy1009,1,0.00037,273436,99.94444,273588
9538,wyantb,1,0.00037,273437,99.94481,273588
9539,wybb,1,0.00037,273438,99.94517,273588
9540,Wykks,1,0.00037,273439,99.94554,273588
9541,wzr1337,1,0.00037,273440,99.94590,273588
9542,xale,1,0.00037,273441,99.94627,273588
9543,xalep,1,0.00037,273442,99.94664,273588
9544,xavierchow,1,0.00037,273443,99.94700,273588
9545,Xazzzi,1,0.00037,273444,99.94737,273588
9546,xbrightmatterx,1,0.00037,273445,99.94773,273588
9547,xdumaine,1,0.00037,273446,99.94810,273588
9548,XeCycle,1,0.00037,273447,99.94846,273588
9549,xelad1,1,0.00037,273448,99.94883,273588
9550,xfh,1,0.00037,273449,99.94919,273588
9551,xied75,1,0.00037,273450,99.94956,273588
9552,ximex,1,0.00037,273451,99.94992,273588
9553,xixixao,1,0.00037,273452,99.95029,273588
9554,xizhao,1,0.00037,273453,99.95066,273588
9555,xlaguna,1,0.00037,273454,99.95102,273588
9556,xmo-odoo,1,0.00037,273455,99.95139,273588
9557,xobotyi,1,0.00037,273456,99.95175,273588
9558,xoloki,1,0.00037,273457,99.95212,273588
9559,xoofx,1,0.00037,273458,99.95248,273588
9560,xtoolkit,1,0.00037,273459,99.95285,273588
9561,Xuanwo,1,0.00037,273460,99.95321,273588
9562,XueWei,1,0.00037,273461,99.95358,273588
9563,XZ-X,1,0.00037,273462,99.95395,273588
9564,yadoer,1,0.00037,273463,99.95431,273588
9565,YairHalberstadt,1,0.00037,273464,99.95468,273588
9566,yakovmeister,1,0.00037,273465,99.95504,273588
9567,yanandcoffee,1,0.00037,273466,99.95541,273588
9568,yanick,1,0.00037,273467,99.95577,273588
9569,yankouskia,1,0.00037,273468,99.95614,273588
9570,yannbertrand,1,0.00037,273469,99.95650,273588
9571,yanxyz,1,0.00037,273470,99.95687,273588
9572,yaodingyd,1,0.00037,273471,99.95723,273588
9573,YasharF,1,0.00037,273472,99.95760,273588
9574,yasserzamani,1,0.00037,273473,99.95797,273588
9575,Yasumoto,1,0.00037,273474,99.95833,273588
9576,yavorski,1,0.00037,273475,99.95870,273588
9577,yaxia,1,0.00037,273476,99.95906,273588
9578,yaziza,1,0.00037,273477,99.95943,273588
9579,yazumoto,1,0.00037,273478,99.95979,273588
9580,YChebotaev,1,0.00037,273479,99.96016,273588
9581,yehezkielbs,1,0.00037,273480,99.96052,273588
9582,yevgeniyredko,1,0.00037,273481,99.96089,273588
9583,Yevs,1,0.00037,273482,99.96126,273588
9584,yfakariya,1,0.00037,273483,99.96162,273588
9585,ygatesoupe,1,0.00037,273484,99.96199,273588
9586,yhwang,1,0.00037,273485,99.96235,273588
9587,yitzchak,1,0.00037,273486,99.96272,273588
9588,yjcxy12,1,0.00037,273487,99.96308,273588
9589,ylylc,1,0.00037,273488,99.96345,273588
9590,ymlbright,1,0.00037,273489,99.96381,273588
9591,yoavmmn,1,0.00037,273490,99.96418,273588
9592,yochem,1,0.00037,273491,99.96455,273588
9593,yonjah,1,0.00037,273492,99.96491,273588
9594,yorkie,1,0.00037,273493,99.96528,273588
9595,yotamofek,1,0.00037,273494,99.96564,273588
9596,YoussefTaghlabi,1,0.00037,273495,99.96601,273588
9597,yrodiere,1,0.00037,273496,99.96637,273588
9598,ysagal,1,0.00037,273497,99.96674,273588
9599,ysmoradi,1,0.00037,273498,99.96710,273588
9600,yTakkar,1,0.00037,273499,99.96747,273588
9601,ytfei,1,0.00037,273500,99.96783,273588
9602,ytRino,1,0.00037,273501,99.96820,273588
9603,yuanoook,1,0.00037,273502,99.96857,273588
9604,yuanyan,1,0.00037,273503,99.96893,273588
9605,yuchi,1,0.00037,273504,99.96930,273588
9606,yuheiy,1,0.00037,273505,99.96966,273588
9607,yuj,1,0.00037,273506,99.97003,273588
9608,yuji0602,1,0.00037,273507,99.97039,273588
9609,yuji-k64613,1,0.00037,273508,99.97076,273588
9610,yukiwongky,1,0.00037,273509,99.97112,273588
9611,yukulele,1,0.00037,273510,99.97149,273588
9612,yume-chan,1,0.00037,273511,99.97186,273588
9613,yunchancho,1,0.00037,273512,99.97222,273588
9614,yunga91,1,0.00037,273513,99.97259,273588
9615,yunspace,1,0.00037,273514,99.97295,273588
9616,yurenju,1,0.00037,273515,99.97332,273588
9617,Yurickh,1,0.00037,273516,99.97368,273588
9618,yuriyyakym,1,0.00037,273517,99.97405,273588
9619,yurrriq,1,0.00037,273518,99.97441,273588
9620,yury,1,0.00037,273519,99.97478,273588
9621,yusijs,1,0.00037,273520,99.97515,273588
9622,yvele,1,0.00037,273521,99.97551,273588
9623,ywarnier,1,0.00037,273522,99.97588,273588
9624,yxl,1,0.00037,273523,99.97624,273588
9625,yzarubin,1,0.00037,273524,99.97661,273588
9626,zacbraddy,1,0.00037,273525,99.97697,273588
9627,zackify,1,0.00037,273526,99.97734,273588
9628,zakhenry,1,0.00037,273527,99.97770,273588
9629,zakness,1,0.00037,273528,99.97807,273588
9630,zakrid,1,0.00037,273529,99.97843,273588
9631,zanona,1,0.00037,273530,99.97880,273588
9632,zappyzhao,1,0.00037,273531,99.97917,273588
9633,zarahzachz,1,0.00037,273532,99.97953,273588
9634,zaverucha,1,0.00037,273533,99.97990,273588
9635,zbarnett,1,0.00037,273534,99.98026,273588
9636,zcei,1,0.00037,273535,99.98063,273588
9637,zdroid,1,0.00037,273536,99.98099,273588
9638,ze12augusto,1,0.00037,273537,99.98136,273588
9639,zehua,1,0.00037,273538,99.98172,273588
9640,zeke,1,0.00037,273539,99.98209,273588
9641,ZenHarbinger,1,0.00037,273540,99.98246,273588
9642,ZenonBuratta,1,0.00037,273541,99.98282,273588
9643,zenozeng,1,0.00037,273542,99.98319,273588
9644,zerogouki,1,0.00037,273543,99.98355,273588
9645,zerok,1,0.00037,273544,99.98392,273588
9646,zeusdeux,1,0.00037,273545,99.98428,273588
9647,zfraa,1,0.00037,273546,99.98465,273588
9648,Zhangjd,1,0.00037,273547,99.98501,273588
9649,zhangjg,1,0.00037,273548,99.98538,273588
9650,zhangweikop,1,0.00037,273549,99.98574,273588
9651,zhanhb,1,0.00037,273550,99.98611,273588
9652,zhantongz,1,0.00037,273551,99.98648,273588
9653,zhaocong89,1,0.00037,273552,99.98684,273588
9654,zhaosiyang,1,0.00037,273553,99.98721,273588
9655,zhengjunxin,1,0.00037,273554,99.98757,273588
9656,zhenlwa,1,0.00037,273555,99.98794,273588
9657,zheshishei,1,0.00037,273556,99.98830,273588
9658,zhiliangxu,1,0.00037,273557,99.98867,273588
9659,zhirzh,1,0.00037,273558,99.98903,273588
9660,zhkuskov,1,0.00037,273559,99.98940,273588
9661,zhouyanggao,1,0.00037,273560,99.98977,273588
9662,zhuoli99,1,0.00037,273561,99.99013,273588
9663,zhuscat,1,0.00037,273562,99.99050,273588
9664,ziyaddin,1,0.00037,273563,99.99086,273588
9665,ZizhengTai,1,0.00037,273564,99.99123,273588
9666,zkochan,1,0.00037,273565,99.99159,273588
9667,zlosch,1,0.00037,273566,99.99196,273588
9668,zn,1,0.00037,273567,99.99232,273588
9669,zodern,1,0.00037,273568,99.99269,273588
9670,zoeysaurusrex,1,0.00037,273569,99.99306,273588
9671,zoliszel,1,0.00037,273570,99.99342,273588
9672,ZombieHippie,1,0.00037,273571,99.99379,273588
9673,zoomcharts,1,0.00037,273572,99.99415,273588
9674,zoulasc,1,0.00037,273573,99.99452,273588
9675,zramaekers,1,0.00037,273574,99.99488,273588
9676,ZSkycat,1,0.00037,273575,99.99525,273588
9677,zsmb13,1,0.00037,273576,99.99561,273588
9678,zsxwing,1,0.00037,273577,99.99598,273588
9679,zuohuadong,1,0.00037,273578,99.99634,273588
9680,zuvizudar,1,0.00037,273579,99.99671,273588
9681,zwread,1,0.00037,273580,99.99708,273588
9682,zx6658,1,0.00037,273581,99.99744,273588
9683,zxqfox,1,0.00037,273582,99.99781,273588
9684,zypA13510,1,0.00037,273583,99.99817,273588
9685,zyrolasting,1,0.00037,273584,99.99854,273588
9686,ZYSzys,1,0.00037,273585,99.99890,273588
9687,ZZITE,1,0.00037,273586,99.99927,273588
9688,zzo,1,0.00037,273587,99.99963,273588
9689,zzx88991,1,0.00037,273588,100.00000,273588
