rank_number,actor,commits,percent,cumulative_sum,cumulative_percent,all_commits
1,mhevery,32738,13.60416,32738,13.60416,240647
2,matsko,13513,5.61528,46251,19.21944,240647
3,IgorMinar,12722,5.28658,58973,24.50602,240647
4,kara,10966,4.55688,69939,29.06290,240647
5,alxhub,10885,4.52322,80824,33.58612,240647
6,levitte,9225,3.83342,90049,37.41954,240647
7,AndrewKushnir,8952,3.71997,99001,41.13951,240647
8,stephentoub,8638,3.58949,107639,44.72900,240647
9,XhmikosR,6215,2.58262,113854,47.31162,240647
10,cowtowncoder,4779,1.98590,118633,49.29752,240647
11,alexeagle,4603,1.91276,123236,51.21028,240647
12,petebacondarwin,4311,1.79142,127547,53.00170,240647
13,dougwilson,4295,1.78477,131842,54.78647,240647
14,jdalton,3757,1.56121,135599,56.34768,240647
15,mdo,3417,1.41992,139016,57.76760,240647
16,gaearon,2163,0.89883,141179,58.66643,240647
17,gkalpak,2150,0.89342,143329,59.55985,240647
18,zloirock,2007,0.83400,145336,60.39385,240647
19,mattcaswell,1670,0.69396,147006,61.08782,240647
20,crisbeto,1516,0.62997,148522,61.71779,240647
21,cvrebert,1466,0.60919,149988,62.32698,240647
22,MartijnCuppens,1343,0.55808,151331,62.88506,240647
23,epoberezkin,1342,0.55766,152673,63.44272,240647
24,bgrainger,1326,0.55101,153999,63.99373,240647
25,cpovirk,1271,0.52816,155270,64.52189,240647
26,vikerman,1260,0.52359,156530,65.04548,240647
27,danmosemsft,1250,0.51943,157780,65.56491,240647
28,Narretz,1197,0.49741,158977,66.06232,240647
29,lrytz,1196,0.49699,160173,66.55932,240647
30,vicb,1154,0.47954,161327,67.03886,240647
31,cgdecker,1140,0.47372,162467,67.51258,240647
32,Johann-S,1131,0.46998,163598,67.98256,240647
33,LutzJaenicke,1116,0.46375,164714,68.44631,240647
34,safern,1078,0.44796,165792,68.89427,240647
35,richsalz,1034,0.42968,166826,69.32395,240647
36,zpao,963,0.40017,167789,69.72412,240647
37,jkotas,956,0.39726,168745,70.12138,240647
38,ViktorHofer,930,0.38646,169675,70.50784,240647
39,PaulGap,917,0.38106,170592,70.88890,240647
40,adriaanm,912,0.37898,171504,71.26787,240647
41,rprouse,895,0.37191,172399,71.63979,240647
42,retronym,867,0.36028,173266,72.00007,240647
43,JamesNK,865,0.35945,174131,72.35951,240647
44,pkozlowski-opensource,856,0.35571,174987,72.71522,240647
45,timdorr,840,0.34906,175827,73.06428,240647
46,jasonaden,836,0.34740,176663,73.41168,240647
47,bcoe,814,0.33825,177477,73.74993,240647
48,CharliePoole,763,0.31706,178240,74.06699,240647
49,christopherthielen,736,0.30584,178976,74.37284,240647
50,patrickhlauke,730,0.30335,179706,74.67619,240647
51,ceki,722,0.30002,180428,74.97621,240647
52,patrickkettner,720,0.29919,181148,75.27540,240647
53,xzyfer,692,0.28756,181840,75.56296,240647
54,SethTisue,664,0.27592,182504,75.83888,240647
55,sindresorhus,659,0.27385,183163,76.11273,240647
56,weshaggard,644,0.26761,183807,76.38034,240647
57,spicyj,627,0.26055,184434,76.64089,240647
58,bartonjs,626,0.26013,185060,76.90102,240647
59,bvaughn,622,0.25847,185682,77.15949,240647
60,acdlite,560,0.23271,186242,77.39220,240647
61,aearly,554,0.23021,186796,77.62241,240647
62,jeffbcross,549,0.22813,187345,77.85054,240647
63,tbosch,545,0.22647,187890,78.07702,240647
64,mlaval,517,0.21484,188407,78.29185,240647
65,mprobst,505,0.20985,188912,78.50171,240647
66,petkaantonov,487,0.20237,189399,78.70408,240647
67,rkirov,482,0.20029,189881,78.90437,240647
68,jnm2,479,0.19905,190360,79.10342,240647
69,ichernev,468,0.19448,190828,79.29789,240647
70,mjackson,467,0.19406,191295,79.49195,240647
71,jelbourn,466,0.19364,191761,79.68560,240647
72,ariya,447,0.18575,192208,79.87135,240647
73,ahsonkhan,438,0.18201,192646,80.05336,240647
74,atscott,433,0.17993,193079,80.23329,240647
75,ericstj,433,0.17993,193512,80.41322,240647
76,indexzero,428,0.17785,193940,80.59107,240647
77,kennethreitz,419,0.17411,194359,80.76519,240647
78,megawac,413,0.17162,194772,80.93681,240647
79,davidsh,407,0.16913,195179,81.10594,240647
80,filipesilva,403,0.16747,195582,81.27340,240647
81,maxokorokov,401,0.16663,195983,81.44003,240647
82,bernd-edlinger,398,0.16539,196381,81.60542,240647
83,chuckjaz,398,0.16539,196779,81.77081,240647
84,isaacs,398,0.16539,197177,81.93620,240647
85,ellismg,395,0.16414,197572,82.10034,240647
86,joperezr,395,0.16414,197967,82.26448,240647
87,VSadov,392,0.16289,198359,82.42737,240647
88,tarekgh,391,0.16248,198750,82.58985,240647
89,mellinoe,374,0.15541,199124,82.74527,240647
90,ocombe,371,0.15417,199495,82.89943,240647
91,sebmarkbage,369,0.15334,199864,83.05277,240647
92,knalli,363,0.15084,200227,83.20361,240647
93,rzwitserloot,358,0.14877,200585,83.35238,240647
94,JeremyKuhne,354,0.14710,200939,83.49948,240647
95,fellows3,348,0.14461,201287,83.64409,240647
96,jimfb,345,0.14336,201632,83.78746,240647
97,karelz,339,0.14087,201971,83.92833,240647
98,vsavkin,331,0.13755,202302,84.06587,240647
99,kyliau,322,0.13381,202624,84.19968,240647
100,JiaLiPassion,315,0.13090,202939,84.33058,240647
101,mgol,315,0.13090,203254,84.46147,240647
102,hueniverse,312,0.12965,203566,84.59112,240647
103,PascalSchumacher,312,0.12965,203878,84.72077,240647
104,wtgodbe,312,0.12965,204190,84.85042,240647
105,davegandy,308,0.12799,204498,84.97841,240647
106,timmywil,298,0.12383,204796,85.10225,240647
107,mzgol,296,0.12300,205092,85.22525,240647
108,garydgregory,291,0.12092,205383,85.34617,240647
109,simov,289,0.12009,205672,85.46626,240647
110,Lukasa,287,0.11926,205959,85.58553,240647
111,calvinmetcalf,282,0.11718,206241,85.70271,240647
112,ok2c,281,0.11677,206522,85.81948,240647
113,rejas,273,0.11344,206795,85.93292,240647
114,jbogarthyde,270,0.11220,207065,86.04512,240647
115,trueadm,267,0.11095,207332,86.15607,240647
116,benlesh,264,0.10970,207596,86.26578,240647
117,inder123,263,0.10929,207859,86.37506,240647
118,scottgonzalez,253,0.10513,208112,86.48020,240647
119,wfurt,253,0.10513,208365,86.58533,240647
120,krwq,252,0.10472,208617,86.69005,240647
121,markerikson,246,0.10222,208863,86.79227,240647
122,mary-poppins,245,0.10181,209108,86.89408,240647
123,ljharb,243,0.10098,209351,86.99506,240647
124,rspilker,240,0.09973,209591,87.09479,240647
125,ChrisMaddock,236,0.09807,209827,87.19286,240647
126,kapunahelewong,227,0.09433,210054,87.28719,240647
127,nhunzaker,227,0.09433,210281,87.38152,240647
128,jonschlinkert,226,0.09391,210507,87.47543,240647
129,gregmagolan,222,0.09225,210729,87.56768,240647
130,broofa,219,0.09100,210948,87.65869,240647
131,Priya91,219,0.09100,211167,87.74969,240647
132,britter,217,0.09017,211384,87.83987,240647
133,tannergooding,217,0.09017,211601,87.93004,240647
134,josephperrott,211,0.08768,211812,88.01772,240647
135,mmalerba,210,0.08726,212022,88.10498,240647
136,jbedard,206,0.08560,212228,88.19059,240647
137,mde,205,0.08519,212433,88.27577,240647
138,GrabYourPitchforks,204,0.08477,212637,88.36054,240647
139,Anipik,199,0.08269,212836,88.44324,240647
140,mmitche,199,0.08269,213035,88.52593,240647
141,coliff,198,0.08228,213233,88.60821,240647
142,ianhays,197,0.08186,213430,88.69007,240647
143,steveharter,188,0.07812,213618,88.76820,240647
144,bardiharborow,187,0.07771,213805,88.84590,240647
145,chenkie,187,0.07771,213992,88.92361,240647
146,benjamingr,186,0.07729,214178,89.00090,240647
147,mspncp,184,0.07646,214362,89.07736,240647
148,sebbASF,179,0.07438,214541,89.15175,240647
149,alan-agius4,168,0.06981,214709,89.22156,240647
150,mcollina,167,0.06940,214876,89.29095,240647
151,DataTables,164,0.06815,215040,89.35910,240647
152,andrewseguin,163,0.06773,215203,89.42684,240647
153,JoostK,163,0.06773,215366,89.49457,240647
154,sameb,162,0.06732,215528,89.56189,240647
155,sjtrimble,161,0.06690,215689,89.62879,240647
156,bep,160,0.06649,215849,89.69528,240647
157,marwahaha,158,0.06566,216007,89.76094,240647
158,devversion,152,0.06316,216159,89.82410,240647
159,flarnie,151,0.06275,216310,89.88685,240647
160,jonathantneal,151,0.06275,216461,89.94959,240647
161,szeiger,151,0.06275,216612,90.01234,240647
162,shmao,150,0.06233,216762,90.07467,240647
163,hansl,149,0.06192,216911,90.13659,240647
164,davidfowl,147,0.06109,217058,90.19768,240647
165,nguerrera,147,0.06109,217205,90.25876,240647
166,AtsushiKan,146,0.06067,217351,90.31943,240647
167,ronshapiro,146,0.06067,217497,90.38010,240647
168,chcosta,145,0.06025,217642,90.44035,240647
169,kkirsche,143,0.05942,217785,90.49978,240647
170,lgalfaso,142,0.05901,217927,90.55879,240647
171,Qix-,141,0.05859,218068,90.61738,240647
172,feross,138,0.05735,218206,90.67472,240647
173,saurabh500,138,0.05735,218344,90.73207,240647
174,markelog,137,0.05693,218481,90.78900,240647
175,TimothyGu,135,0.05610,218616,90.84510,240647
176,gibson042,133,0.05527,218749,90.90036,240647
177,joshfree,133,0.05527,218882,90.95563,240647
178,cexbrayat,132,0.05485,219014,91.01048,240647
179,Aweary,131,0.05444,219145,91.06492,240647
180,marijnh,130,0.05402,219275,91.11894,240647
181,btford,129,0.05361,219404,91.17255,240647
182,MattGal,127,0.05277,219531,91.22532,240647
183,pjanotti,125,0.05194,219656,91.27727,240647
184,aweary,124,0.05153,219780,91.32879,240647
185,mikeal,123,0.05111,219903,91.37991,240647
186,ryanflorence,123,0.05111,220026,91.43102,240647
187,chirayuk,120,0.04987,220146,91.48088,240647
188,nschonni,120,0.04987,220266,91.53075,240647
189,tagliala,120,0.04987,220386,91.58061,240647
190,benaadams,118,0.04903,220504,91.62965,240647
191,tmat,116,0.04820,220620,91.67785,240647
192,dwijnand,115,0.04779,220735,91.72564,240647
193,lontis,114,0.04737,220849,91.77301,240647
194,phated,114,0.04737,220963,91.82038,240647
195,tmshort,111,0.04613,221074,91.86651,240647
196,yjbanov,111,0.04613,221185,91.91264,240647
197,eiriktsarpalis,109,0.04529,221294,91.95793,240647
198,captbaritone,108,0.04488,221402,92.00281,240647
199,vjeux,108,0.04488,221510,92.04769,240647
200,pshrmn,107,0.04446,221617,92.09215,240647
201,marek-safar,106,0.04405,221723,92.13620,240647
202,sigmavirus24,106,0.04405,221829,92.18025,240647
203,am11,105,0.04363,221934,92.22388,240647
204,tmds,104,0.04322,222038,92.26710,240647
205,corivera,103,0.04280,222141,92.30990,240647
206,jmrodri,102,0.04239,222243,92.35228,240647
207,kegluneq,102,0.04239,222345,92.39467,240647
208,maryamariyan,102,0.04239,222447,92.43706,240647
209,necolas,102,0.04239,222549,92.47944,240647
210,gotwarlost,101,0.04197,222650,92.52141,240647
211,netomi,100,0.04155,222750,92.56297,240647
212,filipnavara,98,0.04072,222848,92.60369,240647
213,talbs,97,0.04031,222945,92.64400,240647
214,jashkenas,96,0.03989,223041,92.68389,240647
215,maxbeatty,95,0.03948,223136,92.72337,240647
216,ryanseddon,92,0.03823,223228,92.76160,240647
217,ziluvatar,92,0.03823,223320,92.79983,240647
218,analog-nico,91,0.03781,223411,92.83764,240647
219,fitzgen,90,0.03740,223501,92.87504,240647
220,swankjesse,90,0.03740,223591,92.91244,240647
221,diesalbla,89,0.03698,223680,92.94942,240647
222,eerhardt,89,0.03698,223769,92.98641,240647
223,huanwu,87,0.03615,223856,93.02256,240647
224,JedWatson,87,0.03615,223943,93.05871,240647
225,jzaefferer,87,0.03615,224030,93.09487,240647
226,que-etc,87,0.03615,224117,93.13102,240647
227,twbs-grunt,87,0.03615,224204,93.16717,240647
228,jfromaniello,86,0.03574,224290,93.20291,240647
229,davidben,85,0.03532,224375,93.23823,240647
230,juliemr,85,0.03532,224460,93.27355,240647
231,MichalStrehovsky,84,0.03491,224544,93.30846,240647
232,arekinath,83,0.03449,224627,93.34295,240647
233,DABH,83,0.03449,224710,93.37744,240647
234,geoffkizer,83,0.03449,224793,93.41193,240647
235,jaredhanson,82,0.03407,224875,93.44600,240647
236,gunnarmorling,80,0.03324,224955,93.47925,240647
237,vancem,80,0.03324,225035,93.51249,240647
238,abetomo,79,0.03283,225114,93.54532,240647
239,mikkelbu,78,0.03241,225192,93.57773,240647
240,saper,78,0.03241,225270,93.61014,240647
241,ashtuchkin,77,0.03200,225347,93.64214,240647
242,caleblloyd,77,0.03200,225424,93.67414,240647
243,falsyvalues,76,0.03158,225500,93.70572,240647
244,juliangruber,75,0.03117,225575,93.73688,240647
245,mj1856,75,0.03117,225650,93.76805,240647
246,ellenaua,74,0.03075,225724,93.79880,240647
247,koba04,74,0.03075,225798,93.82955,240647
248,nateabele,74,0.03075,225872,93.86030,240647
249,julienrf,73,0.03033,225945,93.89064,240647
250,caitp,71,0.02950,226016,93.92014,240647
251,robmadole,71,0.02950,226087,93.94964,240647
252,shadowspawn,71,0.02950,226158,93.97915,240647
253,wesleycho,71,0.02950,226229,94.00865,240647
254,dmethvin,70,0.02909,226299,94.03774,240647
255,CIPop,69,0.02867,226368,94.06641,240647
256,gkhanna79,69,0.02867,226437,94.09509,240647
257,alexindigo,68,0.02826,226505,94.12334,240647
258,benouat,68,0.02826,226573,94.15160,240647
259,dagood,68,0.02826,226641,94.17986,240647
260,maxrimue,68,0.02826,226709,94.20811,240647
261,lmolkova,67,0.02784,226776,94.23596,240647
262,mgechev,67,0.02784,226843,94.26380,240647
263,mkarg,67,0.02784,226910,94.29164,240647
264,nexdrew,67,0.02784,226977,94.31948,240647
265,sophiebits,67,0.02784,227044,94.34732,240647
266,blakeembrey,65,0.02701,227109,94.37433,240647
267,nlf,65,0.02701,227174,94.40134,240647
268,sepidehMS,64,0.02659,227238,94.42794,240647
269,kevmoo,63,0.02618,227301,94.45412,240647
270,satazor,61,0.02535,227362,94.47947,240647
271,timrwood,61,0.02535,227423,94.50481,240647
272,JakeWharton,60,0.02493,227483,94.52975,240647
273,oznetmaster,60,0.02493,227543,94.55468,240647
274,arb,59,0.02452,227602,94.57920,240647
275,hargasinski,59,0.02452,227661,94.60371,240647
276,goto-bus-stop,58,0.02410,227719,94.62782,240647
277,akre54,57,0.02369,227776,94.65150,240647
278,ayazhafiz,57,0.02369,227833,94.67519,240647
279,madler,56,0.02327,227889,94.69846,240647
280,romen,56,0.02327,227945,94.72173,240647
281,chtompki,55,0.02286,228000,94.74458,240647
282,edevil,55,0.02286,228055,94.76744,240647
283,evmar,55,0.02286,228110,94.79029,240647
284,hnrch02,55,0.02286,228165,94.81315,240647
285,jsfb,55,0.02286,228220,94.83600,240647
286,stevemao,55,0.02286,228275,94.85886,240647
287,caesar1995,54,0.02244,228329,94.88130,240647
288,buyaa-n,53,0.02202,228382,94.90332,240647
289,michaelficarra,53,0.02202,228435,94.92535,240647
290,Petermarcu,53,0.02202,228488,94.94737,240647
291,pgavlin,53,0.02202,228541,94.96940,240647
292,threepointone,53,0.02202,228594,94.99142,240647
293,ericeil,52,0.02161,228646,95.01303,240647
294,gsmet,52,0.02161,228698,95.03464,240647
295,jquense,52,0.02161,228750,95.05624,240647
296,realityking,52,0.02161,228802,95.07785,240647
297,smile21prc,52,0.02161,228854,95.09946,240647
298,stash,52,0.02161,228906,95.12107,240647
299,dwmw2,51,0.02119,228957,95.14226,240647
300,zhiyelee,51,0.02119,229008,95.16346,240647
301,janvorli,50,0.02078,229058,95.18423,240647
302,leo,50,0.02078,229108,95.20501,240647
303,qmfrederik,50,0.02078,229158,95.22579,240647
304,robertmesserle,50,0.02078,229208,95.24656,240647
305,vanesyan,50,0.02078,229258,95.26734,240647
306,krosenvold,49,0.02036,229307,95.28770,240647
307,RyanZim,49,0.02036,229356,95.30807,240647
308,akoeplinger,48,0.01995,229404,95.32801,240647
309,layomia,48,0.01995,229452,95.34796,240647
310,pieroxy,48,0.01995,229500,95.36790,240647
311,emilyemorehouse,47,0.01953,229547,95.38743,240647
312,OmarTawfik,47,0.01953,229594,95.40697,240647
313,Arkni,46,0.01912,229640,95.42608,240647
314,chonton,46,0.01912,229686,95.44520,240647
315,jhendrixMSFT,46,0.01912,229732,95.46431,240647
316,t8m,46,0.01912,229778,95.48343,240647
317,lacker,45,0.01870,229823,95.50213,240647
318,JohnTortugo,44,0.01828,229867,95.52041,240647
319,mathiasbynens,44,0.01828,229911,95.53869,240647
320,staabm,44,0.01828,229955,95.55698,240647
321,dimo414,43,0.01787,229998,95.57485,240647
322,supergibbs,43,0.01787,230041,95.59271,240647
323,alexperovich,42,0.01745,230083,95.61017,240647
324,CaerusKaru,42,0.01745,230125,95.62762,240647
325,naomiblack,42,0.01745,230167,95.64507,240647
326,motdotla,41,0.01704,230208,95.66211,240647
327,thorn0,41,0.01704,230249,95.67915,240647
328,AlexGhiondea,40,0.01662,230289,95.69577,240647
329,scalablecory,40,0.01662,230329,95.71239,240647
330,dcousens,39,0.01621,230368,95.72860,240647
331,evanvosberg,39,0.01621,230407,95.74480,240647
332,joyent-automation,39,0.01621,230446,95.76101,240647
333,KrzysztofCwalina,39,0.01621,230485,95.77722,240647
334,nylen,39,0.01621,230524,95.79342,240647
335,rmkerr,39,0.01621,230563,95.80963,240647
336,Splaktar,38,0.01579,230601,95.82542,240647
337,nymanjens,37,0.01538,230638,95.84080,240647
338,OverZealous,37,0.01538,230675,95.85617,240647
339,tijoytom,37,0.01538,230712,95.87155,240647
340,coreyfarrell,36,0.01496,230748,95.88651,240647
341,mafintosh,36,0.01496,230784,95.90147,240647
342,andresgalante,35,0.01454,230819,95.91601,240647
343,brianrob,35,0.01454,230854,95.93055,240647
344,jridgewell,35,0.01454,230889,95.94510,240647
345,kouvel,35,0.01454,230924,95.95964,240647
346,pvorb,35,0.01454,230959,95.97419,240647
347,AaronRobinsonMSFT,34,0.01413,230993,95.98831,240647
348,nickuraltsev,34,0.01413,231027,96.00244,240647
349,pallavit,34,0.01413,231061,96.01657,240647
350,bendrucker,33,0.01371,231094,96.03029,240647
351,cpojer,33,0.01371,231127,96.04400,240647
352,fbasso,33,0.01371,231160,96.05771,240647
353,icfantv,33,0.01371,231193,96.07142,240647
354,JohnRGee,33,0.01371,231226,96.08514,240647
355,karajas,33,0.01371,231259,96.09885,240647
356,khdang,33,0.01371,231292,96.11256,240647
357,SimenB,33,0.01371,231325,96.12628,240647
358,sokket,33,0.01371,231358,96.13999,240647
359,yeiacatl,33,0.01371,231391,96.15370,240647
360,pose,32,0.01330,231423,96.16700,240647
361,twsouthwick,32,0.01330,231455,96.18030,240647
362,adamsitnik,31,0.01288,231486,96.19318,240647
363,arschmitz,31,0.01288,231517,96.20606,240647
364,beldmit,30,0.01247,231547,96.21853,240647
365,BendingBender,30,0.01247,231577,96.23099,240647
366,hramos,30,0.01247,231607,96.24346,240647
367,EmpireJones,29,0.01205,231636,96.25551,240647
368,felipewmartins,29,0.01205,231665,96.26756,240647
369,frederikprijck,29,0.01205,231694,96.27961,240647
370,mleguen,29,0.01205,231723,96.29166,240647
371,nglorioso,29,0.01205,231752,96.30371,240647
372,seanstrom,29,0.01205,231781,96.31577,240647
373,kinow,28,0.01164,231809,96.32740,240647
374,omajid,28,0.01164,231837,96.33904,240647
375,pgovind,28,0.01164,231865,96.35067,240647
376,smarter,28,0.01164,231893,96.36231,240647
377,spion,28,0.01164,231921,96.37394,240647
378,svick,28,0.01164,231949,96.38558,240647
379,swseverance,28,0.01164,231977,96.39721,240647
380,adrianheine,27,0.01122,232004,96.40843,240647
381,ahasall,27,0.01122,232031,96.41965,240647
382,davglass,27,0.01122,232058,96.43087,240647
383,joecritch,27,0.01122,232085,96.44209,240647
384,netdpb,27,0.01122,232112,96.45331,240647
385,AArnott,26,0.01080,232138,96.46412,240647
386,fnagel,26,0.01080,232164,96.47492,240647
387,geleems,26,0.01080,232190,96.48572,240647
388,gkossakowski,26,0.01080,232216,96.49653,240647
389,invernizzie,26,0.01080,232242,96.50733,240647
390,jcrugzz,26,0.01080,232268,96.51814,240647
391,keyanzhang,26,0.01080,232294,96.52894,240647
392,Marusyk,26,0.01080,232320,96.53974,240647
393,mattbishop,26,0.01080,232346,96.55055,240647
394,tromey,26,0.01080,232372,96.56135,240647
395,VladUreche,26,0.01080,232398,96.57216,240647
396,FredKSchott,25,0.01039,232423,96.58255,240647
397,jteplitz602,25,0.01039,232448,96.59293,240647
398,Khaledgarbaya,25,0.01039,232473,96.60332,240647
399,stevemoser,25,0.01039,232498,96.61371,240647
400,tony19,25,0.01039,232523,96.62410,240647
401,zamont,25,0.01039,232548,96.63449,240647
402,cston,24,0.00997,232572,96.64446,240647
403,dariajung,24,0.00997,232596,96.65444,240647
404,ermazi,24,0.00997,232620,96.66441,240647
405,LinusU,24,0.00997,232644,96.67438,240647
406,pakrym,24,0.00997,232668,96.68436,240647
407,peterblazejewicz,24,0.00997,232692,96.69433,240647
408,ashsearle,23,0.00956,232715,96.70389,240647
409,contra,23,0.00956,232738,96.71344,240647
410,DanielRuf,23,0.00956,232761,96.72300,240647
411,kentcdodds,23,0.00956,232784,96.73256,240647
412,lxShaDoWxl,23,0.00956,232807,96.74212,240647
413,maggiepint,23,0.00956,232830,96.75167,240647
414,reconbot,23,0.00956,232853,96.76123,240647
415,terrajobst,23,0.00956,232876,96.77079,240647
416,TrySound,23,0.00956,232899,96.78035,240647
417,vszakats,23,0.00956,232922,96.78990,240647
418,ysds,23,0.00956,232945,96.79946,240647
419,BastienL,22,0.00914,232967,96.80860,240647
420,JohnPostlethwait,22,0.00914,232989,96.81775,240647
421,maririos,22,0.00914,233011,96.82689,240647
422,Marsup,22,0.00914,233033,96.83603,240647
423,Tratcher,22,0.00914,233055,96.84517,240647
424,alex,21,0.00873,233076,96.85390,240647
425,chkal,21,0.00873,233097,96.86262,240647
426,krytarowski,21,0.00873,233118,96.87135,240647
427,SamVerschueren,21,0.00873,233139,96.88008,240647
428,SedarG,21,0.00873,233160,96.88880,240647
429,aditya-shankar,20,0.00831,233180,96.89711,240647
430,dariobraun,20,0.00831,233200,96.90543,240647
431,luqunl,20,0.00831,233220,96.91374,240647
432,qizhanMS,20,0.00831,233240,96.92205,240647
433,torkleyy,20,0.00831,233260,96.93036,240647
434,typicaljoe,20,0.00831,233280,96.93867,240647
435,vojtajina,20,0.00831,233300,96.94698,240647
436,yujayee,20,0.00831,233320,96.95529,240647
437,AfsanehR,19,0.00790,233339,96.96319,240647
438,Foxandxss,19,0.00790,233358,96.97108,240647
439,jsoref,19,0.00790,233377,96.97898,240647
440,MitMaro,19,0.00790,233396,96.98687,240647
441,niksy,19,0.00790,233415,96.99477,240647
442,rahku,19,0.00790,233434,97.00266,240647
443,SomeKittens,19,0.00790,233453,97.01056,240647
444,stevenbrix,19,0.00790,233472,97.01845,240647
445,substack,19,0.00790,233491,97.02635,240647
446,TrevorKarjanis,19,0.00790,233510,97.03425,240647
447,troygoode,19,0.00790,233529,97.04214,240647
448,yungsters,19,0.00790,233548,97.05004,240647
449,ahmadnassri,18,0.00748,233566,97.05752,240647
450,benelliott,18,0.00748,233584,97.06500,240647
451,glebm,18,0.00748,233602,97.07248,240647
452,graingert,18,0.00748,233620,97.07996,240647
453,jakemac53,18,0.00748,233638,97.08744,240647
454,jcagme,18,0.00748,233656,97.09491,240647
455,jcblw,18,0.00748,233674,97.10239,240647
456,jeremyvii,18,0.00748,233692,97.10987,240647
457,kevva,18,0.00748,233710,97.11735,240647
458,robrich,18,0.00748,233728,97.12483,240647
459,stash-sfdc,18,0.00748,233746,97.13231,240647
460,supercodepoet,18,0.00748,233764,97.13979,240647
461,alexwolfe,17,0.00706,233781,97.14686,240647
462,amilajack,17,0.00706,233798,97.15392,240647
463,Andarist,17,0.00706,233815,97.16099,240647
464,dicko2,17,0.00706,233832,97.16805,240647
465,doowb,17,0.00706,233849,97.17512,240647
466,jameskyle,17,0.00706,233866,97.18218,240647
467,jarrodyellets,17,0.00706,233883,97.18924,240647
468,jbnicolai,17,0.00706,233900,97.19631,240647
469,loganfsmyth,17,0.00706,233917,97.20337,240647
470,spericas,17,0.00706,233934,97.21044,240647
471,TheSavior,17,0.00706,233951,97.21750,240647
472,carlossanlop,16,0.00665,233967,97.22415,240647
473,damieng,16,0.00665,233983,97.23080,240647
474,dragos,16,0.00665,233999,97.23745,240647
475,kenneth-reitz,16,0.00665,234015,97.24410,240647
476,mmikowski,16,0.00665,234031,97.25074,240647
477,othiym23,16,0.00665,234047,97.25739,240647
478,pgilad,16,0.00665,234063,97.26404,240647
479,rvagg,16,0.00665,234079,97.27069,240647
480,sdmaclea,16,0.00665,234095,97.27734,240647
481,tomocchino,16,0.00665,234111,97.28399,240647
482,venkat-raman251,16,0.00665,234127,97.29064,240647
483,wesleytodd,16,0.00665,234143,97.29729,240647
484,battaglr,15,0.00623,234158,97.30352,240647
485,billyjanitsch,15,0.00623,234173,97.30975,240647
486,devongovett,15,0.00623,234188,97.31599,240647
487,gjungb,15,0.00623,234203,97.32222,240647
488,JustinBeckwith,15,0.00623,234218,97.32845,240647
489,kanongil,15,0.00623,234233,97.33469,240647
490,mikem8361,15,0.00623,234248,97.34092,240647
491,Simek,15,0.00623,234263,97.34715,240647
492,thomas-mcdonald,15,0.00623,234278,97.35338,240647
493,vatsan-madhavan,15,0.00623,234293,97.35962,240647
494,zertosh,15,0.00623,234308,97.36585,240647
495,Daniel15,14,0.00582,234322,97.37167,240647
496,defunctzombie,14,0.00582,234336,97.37749,240647
497,gourlaysama,14,0.00582,234350,97.38330,240647
498,Ichoran,14,0.00582,234364,97.38912,240647
499,jkotalik,14,0.00582,234378,97.39494,240647
500,lunaruan,14,0.00582,234392,97.40076,240647
501,stevehobbsdev,14,0.00582,234406,97.40657,240647
502,woahitsraj,14,0.00582,234420,97.41239,240647
503,andreialecu,13,0.00540,234433,97.41779,240647
504,arjantijms,13,0.00540,234446,97.42320,240647
505,aswaterman,13,0.00540,234459,97.42860,240647
506,DrewScoggins,13,0.00540,234472,97.43400,240647
507,evocateur,13,0.00540,234485,97.43940,240647
508,grimreaper,13,0.00540,234498,97.44481,240647
509,kapilash,13,0.00540,234511,97.45021,240647
510,Krinkle,13,0.00540,234524,97.45561,240647
511,macjohnny,13,0.00540,234537,97.46101,240647
512,mattlewis92,13,0.00540,234550,97.46641,240647
513,paulmillr,13,0.00540,234563,97.47182,240647
514,StringEpsilon,13,0.00540,234576,97.47722,240647
515,agl,12,0.00499,234588,97.48220,240647
516,AntonLapounov,12,0.00499,234600,97.48719,240647
517,bgw,12,0.00499,234612,97.49218,240647
518,bimargulies-google,12,0.00499,234624,97.49716,240647
519,BridgeAR,12,0.00499,234636,97.50215,240647
520,Chainhelen,12,0.00499,234648,97.50714,240647
521,dannyskoog,12,0.00499,234660,97.51212,240647
522,davidjb,12,0.00499,234672,97.51711,240647
523,dsgouda,12,0.00499,234684,97.52210,240647
524,FiveTimesTheFun,12,0.00499,234696,97.52708,240647
525,Haroenv,12,0.00499,234708,97.53207,240647
526,jkoritzinsky,12,0.00499,234720,97.53706,240647
527,julianobrasil,12,0.00499,234732,97.54204,240647
528,nicolo-ribaudo,12,0.00499,234744,97.54703,240647
529,omsmith,12,0.00499,234756,97.55202,240647
530,Pereida,12,0.00499,234768,97.55700,240647
531,PeteGillinGoogle,12,0.00499,234780,97.56199,240647
532,pickfire,12,0.00499,234792,97.56698,240647
533,ramarag,12,0.00499,234804,97.57196,240647
534,schnittstabil,12,0.00499,234816,97.57695,240647
535,tiran,12,0.00499,234828,97.58194,240647
536,xuwei-k,12,0.00499,234840,97.58692,240647
537,aeijdenberg,11,0.00457,234851,97.59149,240647
538,alrra,11,0.00457,234862,97.59606,240647
539,apechimp,11,0.00457,234873,97.60063,240647
540,brandonroberts,11,0.00457,234884,97.60521,240647
541,butterflyhug,11,0.00457,234895,97.60978,240647
542,ChALkeR,11,0.00457,234906,97.61435,240647
543,d10,11,0.00457,234917,97.61892,240647
544,danez,11,0.00457,234928,97.62349,240647
545,davepacheco,11,0.00457,234939,97.62806,240647
546,escodel,11,0.00457,234950,97.63263,240647
547,gitter-badger,11,0.00457,234961,97.63720,240647
548,Goodwine,11,0.00457,234972,97.64177,240647
549,gregw,11,0.00457,234983,97.64635,240647
550,hazendaz,11,0.00457,234994,97.65092,240647
551,joshlemer,11,0.00457,235005,97.65549,240647
552,joshwand,11,0.00457,235016,97.66006,240647
553,jutaz,11,0.00457,235027,97.66463,240647
554,kluever,11,0.00457,235038,97.66920,240647
555,mapleeit,11,0.00457,235049,97.67377,240647
556,raja-ashok,11,0.00457,235060,97.67834,240647
557,stuartwdouglas,11,0.00457,235071,97.68291,240647
558,YourDeveloperFriend,11,0.00457,235082,97.68748,240647
559,agnosticdev,10,0.00416,235092,97.69164,240647
560,alireza-mh,10,0.00416,235102,97.69580,240647
561,amZotti,10,0.00416,235112,97.69995,240647
562,chlowell,10,0.00416,235122,97.70411,240647
563,ChrisAlderson,10,0.00416,235132,97.70826,240647
564,clemmy,10,0.00416,235142,97.71242,240647
565,coolaj86,10,0.00416,235152,97.71657,240647
566,Degubi,10,0.00416,235162,97.72073,240647
567,Diego-Perez-Botero,10,0.00416,235172,97.72488,240647
568,EdwardBetts,10,0.00416,235182,97.72904,240647
569,Gillespie59,10,0.00416,235192,97.73319,240647
570,jorive,10,0.00416,235202,97.73735,240647
571,justsml,10,0.00416,235212,97.74151,240647
572,keithharvey,10,0.00416,235222,97.74566,240647
573,MaximilianTews,10,0.00416,235232,97.74982,240647
574,maxogden,10,0.00416,235242,97.75397,240647
575,mconnew,10,0.00416,235252,97.75813,240647
576,michaelgeorgeattard,10,0.00416,235262,97.76228,240647
577,mojavelinux,10,0.00416,235272,97.76644,240647
578,naamunds,10,0.00416,235282,97.77059,240647
579,paulirish,10,0.00416,235292,97.77475,240647
580,pfmooney,10,0.00416,235302,97.77890,240647
581,PiPeep,10,0.00416,235312,97.78306,240647
582,robwormald,10,0.00416,235322,97.78722,240647
583,sumitbhagwani,10,0.00416,235332,97.79137,240647
584,urish,10,0.00416,235342,97.79553,240647
585,vanessanschmitt,10,0.00416,235352,97.79968,240647
586,WilliamCollishaw,10,0.00416,235362,97.80384,240647
587,xcatliu,10,0.00416,235372,97.80799,240647
588,aisera-mikowski,9,0.00374,235381,97.81173,240647
589,AlmeroSteyn,9,0.00374,235390,97.81547,240647
590,aLostEngineer,9,0.00374,235399,97.81921,240647
591,bradwestfall,9,0.00374,235408,97.82295,240647
592,Delagen,9,0.00374,235417,97.82669,240647
593,echesakovMSFT,9,0.00374,235426,97.83043,240647
594,felixonmars,9,0.00374,235435,97.83417,240647
595,FezVrasta,9,0.00374,235444,97.83791,240647
596,graue,9,0.00374,235453,97.84165,240647
597,gricey432,9,0.00374,235462,97.84539,240647
598,jamesgeorge007,9,0.00374,235471,97.84913,240647
599,jmm,9,0.00374,235480,97.85287,240647
600,jorrit,9,0.00374,235489,97.85661,240647
601,josephsavona,9,0.00374,235498,97.86035,240647
602,jwilk,9,0.00374,235507,97.86409,240647
603,kkurni,9,0.00374,235516,97.86783,240647
604,kseamon,9,0.00374,235525,97.87157,240647
605,LayZeeDK,9,0.00374,235534,97.87531,240647
606,MartinKolarik,9,0.00374,235543,97.87905,240647
607,mbehrlich,9,0.00374,235552,97.88279,240647
608,mikesherov,9,0.00374,235561,97.88653,240647
609,morganbr,9,0.00374,235570,97.89027,240647
610,mysticatea,9,0.00374,235579,97.89401,240647
611,nattress,9,0.00374,235588,97.89775,240647
612,nslottow,9,0.00374,235597,97.90149,240647
613,packtpartner,9,0.00374,235606,97.90523,240647
614,philipp-spiess,9,0.00374,235615,97.90897,240647
615,PowerKiKi,9,0.00374,235624,97.91271,240647
616,ravimeda,9,0.00374,235633,97.91645,240647
617,rmartin-stratus,9,0.00374,235642,97.92019,240647
618,sevensees,9,0.00374,235651,97.92393,240647
619,SGuyGe,9,0.00374,235660,97.92767,240647
620,suguru03,9,0.00374,235669,97.93141,240647
621,Suresh918,9,0.00374,235678,97.93515,240647
622,thlorenz,9,0.00374,235687,97.93889,240647
623,tommcdon,9,0.00374,235696,97.94263,240647
624,tylermcginnis,9,0.00374,235705,97.94637,240647
625,valery1707,9,0.00374,235714,97.95011,240647
626,wincent,9,0.00374,235723,97.95385,240647
627,YingP99,9,0.00374,235732,97.95759,240647
628,zkat,9,0.00374,235741,97.96133,240647
629,ajcvickers,8,0.00332,235749,97.96465,240647
630,anenviousguest,8,0.00332,235757,97.96798,240647
631,beaugunderson,8,0.00332,235765,97.97130,240647
632,chris-smith-zocdoc,8,0.00332,235773,97.97463,240647
633,christophehurpeau,8,0.00332,235781,97.97795,240647
634,davidkaya,8,0.00332,235789,97.98128,240647
635,dominykas,8,0.00332,235797,97.98460,240647
636,Fank,8,0.00332,235805,97.98792,240647
637,github-cygwin,8,0.00332,235813,97.99125,240647
638,gregersrygg,8,0.00332,235821,97.99457,240647
639,hyandell,8,0.00332,235829,97.99790,240647
640,ipuustin,8,0.00332,235837,98.00122,240647
641,janvanhelvoort,8,0.00332,235845,98.00455,240647
642,jddxf,8,0.00332,235853,98.00787,240647
643,josepot,8,0.00332,235861,98.01119,240647
644,keertip,8,0.00332,235869,98.01452,240647
645,markt-asf,8,0.00332,235877,98.01784,240647
646,parjong,8,0.00332,235885,98.02117,240647
647,Raynos,8,0.00332,235893,98.02449,240647
648,riarenas,8,0.00332,235901,98.02782,240647
649,richlander,8,0.00332,235909,98.03114,240647
650,rxaviers,8,0.00332,235917,98.03447,240647
651,sebkur,8,0.00332,235925,98.03779,240647
652,stefichjo,8,0.00332,235933,98.04111,240647
653,syranide,8,0.00332,235941,98.04444,240647
654,vijaykota,8,0.00332,235949,98.04776,240647
655,vvakame,8,0.00332,235957,98.05109,240647
656,12wrigja,7,0.00291,235964,98.05400,240647
657,a0viedo,7,0.00291,235971,98.05690,240647
658,crummel,7,0.00291,235978,98.05981,240647
659,davidwrighton,7,0.00291,235985,98.06272,240647
660,dmjones,7,0.00291,235992,98.06563,240647
661,DominikTrenz,7,0.00291,235999,98.06854,240647
662,dsblv,7,0.00291,236006,98.07145,240647
663,dutchenkoOleg,7,0.00291,236013,98.07436,240647
664,edmorley,7,0.00291,236020,98.07727,240647
665,ExE-Boss,7,0.00291,236027,98.08018,240647
666,hannob,7,0.00291,236034,98.08308,240647
667,Hibernate-CI,7,0.00291,236041,98.08599,240647
668,hubot,7,0.00291,236048,98.08890,240647
669,jedmao,7,0.00291,236055,98.09181,240647
670,jnordberg,7,0.00291,236062,98.09472,240647
671,JordyvanDortmont,7,0.00291,236069,98.09763,240647
672,Kerumen,7,0.00291,236076,98.10054,240647
673,KuraFire,7,0.00291,236083,98.10345,240647
674,laumair,7,0.00291,236090,98.10635,240647
675,madmir,7,0.00291,236097,98.10926,240647
676,max-b,7,0.00291,236104,98.11217,240647
677,mier85,7,0.00291,236111,98.11508,240647
678,mreinstein,7,0.00291,236118,98.11799,240647
679,nicketson,7,0.00291,236125,98.12090,240647
680,Noodle05,7,0.00291,236132,98.12381,240647
681,NthPortal,7,0.00291,236139,98.12672,240647
682,ofrobots,7,0.00291,236146,98.12963,240647
683,panchenko,7,0.00291,236153,98.13253,240647
684,PeterDaveHello,7,0.00291,236160,98.13544,240647
685,pkaminski,7,0.00291,236167,98.13835,240647
686,rricard,7,0.00291,236174,98.14126,240647
687,saucecontrol,7,0.00291,236181,98.14417,240647
688,sergej2705,7,0.00291,236188,98.14708,240647
689,shrutigarg,7,0.00291,236195,98.14999,240647
690,Sibiraj-Codes,7,0.00291,236202,98.15290,240647
691,steveluscher,7,0.00291,236209,98.15580,240647
692,vargaz,7,0.00291,236216,98.15871,240647
693,vjkoskela,7,0.00291,236223,98.16162,240647
694,ad-si,6,0.00249,236229,98.16412,240647
695,asbjornu,6,0.00249,236235,98.16661,240647
696,awaterma,6,0.00249,236241,98.16910,240647
697,blackdwarf,6,0.00249,236247,98.17160,240647
698,boneskull,6,0.00249,236253,98.17409,240647
699,chenglou,6,0.00249,236259,98.17658,240647
700,chlins,6,0.00249,236265,98.17908,240647
701,CindyXing,6,0.00249,236271,98.18157,240647
702,Coeur,6,0.00249,236277,98.18406,240647
703,crandmck,6,0.00249,236283,98.18656,240647
704,ctavan,6,0.00249,236289,98.18905,240647
705,DnlHarvey,6,0.00249,236295,98.19154,240647
706,ebourg,6,0.00249,236301,98.19404,240647
707,ekilah,6,0.00249,236307,98.19653,240647
708,elharo,6,0.00249,236313,98.19902,240647
709,erikkemperman,6,0.00249,236319,98.20152,240647
710,fiddur,6,0.00249,236325,98.20401,240647
711,focusaurus,6,0.00249,236331,98.20650,240647
712,Hongbo-Miao,6,0.00249,236337,98.20899,240647
713,hudochenkov,6,0.00249,236343,98.21149,240647
714,jaredly,6,0.00249,236349,98.21398,240647
715,jcouv,6,0.00249,236355,98.21647,240647
716,josalem,6,0.00249,236361,98.21897,240647
717,kytart,6,0.00249,236367,98.22146,240647
718,lukeapage,6,0.00249,236373,98.22395,240647
719,lyip1992,6,0.00249,236379,98.22645,240647
720,MaggieTsang,6,0.00249,236385,98.22894,240647
721,manishbansal8843,6,0.00249,236391,98.23143,240647
722,mattdesl,6,0.00249,236397,98.23393,240647
723,mbrukman,6,0.00249,236403,98.23642,240647
724,mckramer,6,0.00249,236409,98.23891,240647
725,meenie,6,0.00249,236415,98.24141,240647
726,meteorcloudy,6,0.00249,236421,98.24390,240647
727,mjomble,6,0.00249,236427,98.24639,240647
728,nali,6,0.00249,236433,98.24889,240647
729,nategraf,6,0.00249,236439,98.25138,240647
730,nateprewitt,6,0.00249,236445,98.25387,240647
731,ning-github,6,0.00249,236451,98.25637,240647
732,not-an-aardvark,6,0.00249,236457,98.25886,240647
733,obriensystems,6,0.00249,236463,98.26135,240647
734,oliversalzburg,6,0.00249,236469,98.26385,240647
735,omeid,6,0.00249,236475,98.26634,240647
736,panva,6,0.00249,236481,98.26883,240647
737,qizha,6,0.00249,236487,98.27133,240647
738,rajansingh10,6,0.00249,236493,98.27382,240647
739,reggi,6,0.00249,236499,98.27631,240647
740,Richienb,6,0.00249,236505,98.27881,240647
741,rickhanlonii,6,0.00249,236511,98.28130,240647
742,robphoenix,6,0.00249,236517,98.28379,240647
743,roji,6,0.00249,236523,98.28629,240647
744,ronaldtse,6,0.00249,236529,98.28878,240647
745,schen381,6,0.00249,236535,98.29127,240647
746,sharwell,6,0.00249,236541,98.29377,240647
747,shiftylogic,6,0.00249,236547,98.29626,240647
748,simo5,6,0.00249,236553,98.29875,240647
749,snout-o,6,0.00249,236559,98.30125,240647
750,sourabhmodi,6,0.00249,236565,98.30374,240647
751,stain,6,0.00249,236571,98.30623,240647
752,stevenyxu,6,0.00249,236577,98.30873,240647
753,swgillespie,6,0.00249,236583,98.31122,240647
754,tatsuhiro-t,6,0.00249,236589,98.31371,240647
755,TehShrike,6,0.00249,236595,98.31621,240647
756,tintoy,6,0.00249,236601,98.31870,240647
757,viktorklang,6,0.00249,236607,98.32119,240647
758,yursha,6,0.00249,236613,98.32369,240647
759,ababkov,5,0.00208,236618,98.32576,240647
760,adiaaida,5,0.00208,236623,98.32784,240647
761,adityamandaleeka,5,0.00208,236628,98.32992,240647
762,aickin,5,0.00208,236633,98.33200,240647
763,alanorth,5,0.00208,236638,98.33407,240647
764,alfaproject,5,0.00208,236643,98.33615,240647
765,amogilev,5,0.00208,236648,98.33823,240647
766,AndreasCag,5,0.00208,236653,98.34031,240647
767,andrleite,5,0.00208,236658,98.34239,240647
768,avindra,5,0.00208,236663,98.34446,240647
769,beeman,5,0.00208,236668,98.34654,240647
770,BruceForstall,5,0.00208,236673,98.34862,240647
771,cburroughs,5,0.00208,236678,98.35070,240647
772,chentsulin,5,0.00208,236683,98.35277,240647
773,crosscompile,5,0.00208,236688,98.35485,240647
774,dantman,5,0.00208,236693,98.35693,240647
775,davmason,5,0.00208,236698,98.35901,240647
776,demohi,5,0.00208,236703,98.36108,240647
777,dschenkelman,5,0.00208,236708,98.36316,240647
778,dseefeld,5,0.00208,236713,98.36524,240647
779,DylanPiercey,5,0.00208,236718,98.36732,240647
780,elyobo,5,0.00208,236723,98.36940,240647
781,epeli,5,0.00208,236728,98.37147,240647
782,eps1lon,5,0.00208,236733,98.37355,240647
783,erozenfeld,5,0.00208,236738,98.37563,240647
784,EtaiG,5,0.00208,236743,98.37771,240647
785,Eunix,5,0.00208,236748,98.37978,240647
786,fat,5,0.00208,236753,98.38186,240647
787,foolip,5,0.00208,236758,98.38394,240647
788,gillyb,5,0.00208,236763,98.38602,240647
789,hann013,5,0.00208,236768,98.38810,240647
790,iz4blue,5,0.00208,236773,98.39017,240647
791,jeffmo,5,0.00208,236778,98.39225,240647
792,jergason,5,0.00208,236783,98.39433,240647
793,jesselpalmer,5,0.00208,236788,98.39641,240647
794,jlavallee,5,0.00208,236793,98.39848,240647
795,jmezach,5,0.00208,236798,98.40056,240647
796,JoeCortopassi,5,0.00208,236803,98.40264,240647
797,kasiabulat,5,0.00208,236808,98.40472,240647
798,keeratsingh,5,0.00208,236813,98.40680,240647
799,kevinburke,5,0.00208,236818,98.40887,240647
800,KKhurin,5,0.00208,236823,98.41095,240647
801,lander2k2,5,0.00208,236828,98.41303,240647
802,leecow,5,0.00208,236833,98.41511,240647
803,lextiz,5,0.00208,236838,98.41718,240647
804,LitoMore,5,0.00208,236843,98.41926,240647
805,lnfnunes,5,0.00208,236848,98.42134,240647
806,louy,5,0.00208,236853,98.42342,240647
807,maltefiala,5,0.00208,236858,98.42549,240647
808,manughub,5,0.00208,236863,98.42757,240647
809,markstos,5,0.00208,236868,98.42965,240647
810,marob,5,0.00208,236873,98.43173,240647
811,michal-franc,5,0.00208,236878,98.43381,240647
812,middagj,5,0.00208,236883,98.43588,240647
813,mohsen1,5,0.00208,236888,98.43796,240647
814,monkeywithacupcake,5,0.00208,236893,98.44004,240647
815,Morishiri,5,0.00208,236898,98.44212,240647
816,msmeissn,5,0.00208,236903,98.44419,240647
817,nchikanov,5,0.00208,236908,98.44627,240647
818,noahfalk,5,0.00208,236913,98.44835,240647
819,nordligulv,5,0.00208,236918,98.45043,240647
820,ODAVING,5,0.00208,236923,98.45251,240647
821,ORESoftware,5,0.00208,236928,98.45458,240647
822,orta,5,0.00208,236933,98.45666,240647
823,paulceli,5,0.00208,236938,98.45874,240647
824,peteretelej,5,0.00208,236943,98.46082,240647
825,pluma,5,0.00208,236948,98.46289,240647
826,pwolaq,5,0.00208,236953,98.46497,240647
827,raboof,5,0.00208,236958,98.46705,240647
828,repinel,5,0.00208,236963,98.46913,240647
829,RobJohnston,5,0.00208,236968,98.47120,240647
830,rosskevin,5,0.00208,236973,98.47328,240647
831,RReverser,5,0.00208,236978,98.47536,240647
832,rschmitt,5,0.00208,236983,98.47744,240647
833,sbomer,5,0.00208,236988,98.47952,240647
834,ScottSWu,5,0.00208,236993,98.48159,240647
835,seans3,5,0.00208,236998,98.48367,240647
836,sebastienros,5,0.00208,237003,98.48575,240647
837,sfuhrm,5,0.00208,237008,98.48783,240647
838,solomax,5,0.00208,237013,98.48990,240647
839,STRML,5,0.00208,237018,98.49198,240647
840,stroncium,5,0.00208,237023,98.49406,240647
841,TedSander,5,0.00208,237028,98.49614,240647
842,thefourtheye,5,0.00208,237033,98.49822,240647
843,tjcelaya,5,0.00208,237038,98.50029,240647
844,tjvantoll,5,0.00208,237043,98.50237,240647
845,tmurakam,5,0.00208,237048,98.50445,240647
846,tomByrer,5,0.00208,237053,98.50653,240647
847,WikiDiscoverer,5,0.00208,237058,98.50860,240647
848,yizhang82,5,0.00208,237063,98.51068,240647
849,zbjornson,5,0.00208,237068,98.51276,240647
850,ztsmith,5,0.00208,237073,98.51484,240647
851,2m,4,0.00166,237077,98.51650,240647
852,AdriVanHoudt,4,0.00166,237081,98.51816,240647
853,Airblader,4,0.00166,237085,98.51982,240647
854,alexanderrtaylor,4,0.00166,237089,98.52149,240647
855,AlfredoMS,4,0.00166,237093,98.52315,240647
856,alisianoi,4,0.00166,237097,98.52481,240647
857,alnikola,4,0.00166,237101,98.52647,240647
858,anatoliykmetyuk,4,0.00166,237105,98.52813,240647
859,AndersDJohnson,4,0.00166,237109,98.52980,240647
860,AndrusGerman,4,0.00166,237113,98.53146,240647
861,aorinevo,4,0.00166,237117,98.53312,240647
862,aroben,4,0.00166,237121,98.53478,240647
863,asnowwolf,4,0.00166,237125,98.53645,240647
864,audionerd,4,0.00166,237129,98.53811,240647
865,augusto-cdxs,4,0.00166,237133,98.53977,240647
866,b3vegan,4,0.00166,237137,98.54143,240647
867,barney2k7,4,0.00166,237141,98.54309,240647
868,beatgammit,4,0.00166,237145,98.54476,240647
869,benmosher,4,0.00166,237149,98.54642,240647
870,bfred-it,4,0.00166,237153,98.54808,240647
871,bmeck,4,0.00166,237157,98.54974,240647
872,boenrobot,4,0.00166,237161,98.55141,240647
873,brandon93s,4,0.00166,237165,98.55307,240647
874,cakofony,4,0.00166,237169,98.55473,240647
875,carltonf,4,0.00166,237173,98.55639,240647
876,cbaker423,4,0.00166,237177,98.55805,240647
877,cheapsteak,4,0.00166,237181,98.55972,240647
878,cheenamalhotra,4,0.00166,237185,98.56138,240647
879,chicoxyzzy,4,0.00166,237189,98.56304,240647
880,cjihrig,4,0.00166,237193,98.56470,240647
881,CompuIves,4,0.00166,237197,98.56636,240647
882,cshung,4,0.00166,237201,98.56803,240647
883,ctaggart,4,0.00166,237205,98.56969,240647
884,cyan33,4,0.00166,237209,98.57135,240647
885,david-proctor,4,0.00166,237213,98.57301,240647
886,davkean,4,0.00166,237217,98.57468,240647
887,delgurth,4,0.00166,237221,98.57634,240647
888,DenrizSusam,4,0.00166,237225,98.57800,240647
889,dickwall,4,0.00166,237229,98.57966,240647
890,dimitrisli,4,0.00166,237233,98.58132,240647
891,disjukr,4,0.00166,237237,98.58299,240647
892,dnozay,4,0.00166,237241,98.58465,240647
893,donaldpipowitch,4,0.00166,237245,98.58631,240647
894,don-vip,4,0.00166,237249,98.58797,240647
895,dota17,4,0.00166,237253,98.58964,240647
896,ducminhn,4,0.00166,237257,98.59130,240647
897,eadamsintel,4,0.00166,237261,98.59296,240647
898,edtan,4,0.00166,237265,98.59462,240647
899,eed3si9n,4,0.00166,237269,98.59628,240647
900,eirslett,4,0.00166,237273,98.59795,240647
901,ElanHasson,4,0.00166,237277,98.59961,240647
902,elgalu,4,0.00166,237281,98.60127,240647
903,ericelliott,4,0.00166,237285,98.60293,240647
904,ericnakagawa,4,0.00166,237289,98.60460,240647
905,erik-krogh,4,0.00166,237293,98.60626,240647
906,EsrefDurna,4,0.00166,237297,98.60792,240647
907,EvanCarroll,4,0.00166,237301,98.60958,240647
908,ExplodingCabbage,4,0.00166,237305,98.61124,240647
909,ffflorian,4,0.00166,237309,98.61291,240647
910,fidian,4,0.00166,237313,98.61457,240647
911,gajus,4,0.00166,237317,98.61623,240647
912,geekysrm,4,0.00166,237321,98.61789,240647
913,geoffbass,4,0.00166,237325,98.61955,240647
914,glenjamin,4,0.00166,237329,98.62122,240647
915,gnarf,4,0.00166,237333,98.62288,240647
916,gre,4,0.00166,237337,98.62454,240647
917,guptasourabh04,4,0.00166,237341,98.62620,240647
918,hildjj,4,0.00166,237345,98.62787,240647
919,horprogs,4,0.00166,237349,98.62953,240647
920,Hypnosphi,4,0.00166,237353,98.63119,240647
921,ianwalter,4,0.00166,237357,98.63285,240647
922,IljaDaderko,4,0.00166,237361,98.63451,240647
923,intellix,4,0.00166,237365,98.63618,240647
924,ioanacrant,4,0.00166,237369,98.63784,240647
925,jacklaurencegaray,4,0.00166,237373,98.63950,240647
926,jamestalmage,4,0.00166,237377,98.64116,240647
927,janpio,4,0.00166,237381,98.64283,240647
928,jaredpar,4,0.00166,237385,98.64449,240647
929,jaredpetersen,4,0.00166,237389,98.64615,240647
930,jayphelps,4,0.00166,237393,98.64781,240647
931,jeffomatic,4,0.00166,237397,98.64947,240647
932,jesstelford,4,0.00166,237401,98.65114,240647
933,jifeon,4,0.00166,237405,98.65280,240647
934,joelbraun,4,0.00166,237409,98.65446,240647
935,josguil,4,0.00166,237413,98.65612,240647
936,joshcanhelp,4,0.00166,237417,98.65779,240647
937,Jozkee,4,0.00166,237421,98.65945,240647
938,jugglinmike,4,0.00166,237425,98.66111,240647
939,justingrant,4,0.00166,237429,98.66277,240647
940,juthilo,4,0.00166,237433,98.66443,240647
941,kborchers,4,0.00166,237437,98.66610,240647
942,Kingwl,4,0.00166,237441,98.66776,240647
943,Laisky,4,0.00166,237445,98.66942,240647
944,lencioni,4,0.00166,237449,98.67108,240647
945,lipis,4,0.00166,237453,98.67274,240647
946,LukasDrgon,4,0.00166,237457,98.67441,240647
947,lvarayut,4,0.00166,237461,98.67607,240647
948,lyubomyr-shaydariv,4,0.00166,237465,98.67773,240647
949,markspolakovs,4,0.00166,237469,98.67939,240647
950,marvinhagemeister,4,0.00166,237473,98.68106,240647
951,mattbrundage,4,0.00166,237477,98.68272,240647
952,matthewjohnston4,4,0.00166,237481,98.68438,240647
953,mboudreau,4,0.00166,237485,98.68604,240647
954,mdedetrich,4,0.00166,237489,98.68770,240647
955,mfunkie,4,0.00166,237493,98.68937,240647
956,MidnightWonderer,4,0.00166,237497,98.69103,240647
957,mirabilos,4,0.00166,237501,98.69269,240647
958,mitchellwills,4,0.00166,237505,98.69435,240647
959,monkpit,4,0.00166,237509,98.69602,240647
960,morenoh149,4,0.00166,237513,98.69768,240647
961,mortonfox,4,0.00166,237517,98.69934,240647
962,motiz88,4,0.00166,237521,98.70100,240647
963,mrcoles,4,0.00166,237525,98.70266,240647
964,m-sp,4,0.00166,237529,98.70433,240647
965,natemcmaster,4,0.00166,237533,98.70599,240647
966,nateq314,4,0.00166,237537,98.70765,240647
967,noackjr,4,0.00166,237541,98.70931,240647
968,noscripter,4,0.00166,237545,98.71097,240647
969,nowells,4,0.00166,237549,98.71264,240647
970,ntwb,4,0.00166,237553,98.71430,240647
971,OmicronPersei,4,0.00166,237557,98.71596,240647
972,omouse,4,0.00166,237561,98.71762,240647
973,oscar-stripe,4,0.00166,237565,98.71929,240647
974,OwnageIsMagic,4,0.00166,237569,98.72095,240647
975,perrin4869,4,0.00166,237573,98.72261,240647
976,poke,4,0.00166,237577,98.72427,240647
977,proth1,4,0.00166,237581,98.72593,240647
978,psachin,4,0.00166,237585,98.72760,240647
979,remal,4,0.00166,237589,98.72926,240647
980,rluba,4,0.00166,237593,98.73092,240647
981,rob-spoor,4,0.00166,237597,98.73258,240647
982,rtack,4,0.00166,237601,98.73425,240647
983,ruoho,4,0.00166,237605,98.73591,240647
984,ryysud,4,0.00166,237609,98.73757,240647
985,selbekk,4,0.00166,237613,98.73923,240647
986,serima,4,0.00166,237617,98.74089,240647
987,shahata,4,0.00166,237621,98.74256,240647
988,simon04,4,0.00166,237625,98.74422,240647
989,StephenFluin,4,0.00166,237629,98.74588,240647
990,Stolr,4,0.00166,237633,98.74754,240647
991,sywhang,4,0.00166,237637,98.74921,240647
992,taion,4,0.00166,237641,98.75087,240647
993,thekiba,4,0.00166,237645,98.75253,240647
994,thomasmey,4,0.00166,237649,98.75419,240647
995,tobiasschweizer,4,0.00166,237653,98.75585,240647
996,Urigo,4,0.00166,237657,98.75752,240647
997,usmonster,4,0.00166,237661,98.75918,240647
998,verhas,4,0.00166,237665,98.76084,240647
999,wi-ski,4,0.00166,237669,98.76250,240647
1000,wtgtybhertgeghgtwtg,4,0.00166,237673,98.76416,240647
1001,xkxx,4,0.00166,237677,98.76583,240647
1002,xt0rted,4,0.00166,237681,98.76749,240647
1003,yasuf,4,0.00166,237685,98.76915,240647
1004,ZDroid,4,0.00166,237689,98.77081,240647
1005,Zenexer,4,0.00166,237693,98.77248,240647
1006,zoechi,4,0.00166,237697,98.77414,240647
1007,adrogon,3,0.00125,237700,98.77538,240647
1008,aheckmann,3,0.00125,237703,98.77663,240647
1009,ajaygm,3,0.00125,237706,98.77788,240647
1010,aldermoovel,3,0.00125,237709,98.77912,240647
1011,Alhadis,3,0.00125,237712,98.78037,240647
1012,amitport,3,0.00125,237715,98.78162,240647
1013,aquavitae,3,0.00125,237718,98.78286,240647
1014,askpt,3,0.00125,237721,98.78411,240647
1015,basarat,3,0.00125,237724,98.78536,240647
1016,bcomnes,3,0.00125,237727,98.78660,240647
1017,benjamn,3,0.00125,237730,98.78785,240647
1018,BernhardRode,3,0.00125,237733,98.78910,240647
1019,bhanuprasad14,3,0.00125,237736,98.79034,240647
1020,bjori,3,0.00125,237739,98.79159,240647
1021,BlockLabTV,3,0.00125,237742,98.79284,240647
1022,blowdart,3,0.00125,237745,98.79408,240647
1023,bluelovers,3,0.00125,237748,98.79533,240647
1024,bradlygreen,3,0.00125,237751,98.79658,240647
1025,BrennanConroy,3,0.00125,237754,98.79782,240647
1026,BrockBeaudry,3,0.00125,237757,98.79907,240647
1027,Brooooooklyn,3,0.00125,237760,98.80032,240647
1028,callumlocke,3,0.00125,237763,98.80156,240647
1029,centromere,3,0.00125,237766,98.80281,240647
1030,chrishiestand,3,0.00125,237769,98.80406,240647
1031,cmfcmf,3,0.00125,237772,98.80530,240647
1032,cmilam87,3,0.00125,237775,98.80655,240647
1033,colinmorelli,3,0.00125,237778,98.80780,240647
1034,contextshuffling,3,0.00125,237781,98.80904,240647
1035,craigdanj,3,0.00125,237784,98.81029,240647
1036,dandv,3,0.00125,237787,98.81154,240647
1037,danielhusar,3,0.00125,237790,98.81278,240647
1038,DanielSeehausen,3,0.00125,237793,98.81403,240647
1039,DanLipsitt,3,0.00125,237796,98.81528,240647
1040,daveisfera,3,0.00125,237799,98.81652,240647
1041,davidaurelio,3,0.00125,237802,98.81777,240647
1042,davidkarlsen,3,0.00125,237805,98.81902,240647
1043,daxtens,3,0.00125,237808,98.82026,240647
1044,dcherman,3,0.00125,237811,98.82151,240647
1045,deinok,3,0.00125,237814,98.82276,240647
1046,Deklin,3,0.00125,237817,98.82400,240647
1047,denis-sokolov,3,0.00125,237820,98.82525,240647
1048,dianjuar,3,0.00125,237823,98.82650,240647
1049,dongjoon-hyun,3,0.00125,237826,98.82774,240647
1050,dosentmatter,3,0.00125,237829,98.82899,240647
1051,doughd,3,0.00125,237832,98.83024,240647
1052,drcrallen,3,0.00125,237835,98.83148,240647
1053,drumonii,3,0.00125,237838,98.83273,240647
1054,dzuremar,3,0.00125,237841,98.83398,240647
1055,eflorespalma,3,0.00125,237844,98.83522,240647
1056,egor-n,3,0.00125,237847,98.83647,240647
1057,ehershey,3,0.00125,237850,98.83772,240647
1058,eightnoneone,3,0.00125,237853,98.83896,240647
1059,eriawan,3,0.00125,237856,98.84021,240647
1060,farzonl,3,0.00125,237859,98.84146,240647
1061,fatihafizoglu,3,0.00125,237862,98.84270,240647
1062,ForJing,3,0.00125,237865,98.84395,240647
1063,francoischalifour,3,0.00125,237868,98.84520,240647
1064,frozencemetery,3,0.00125,237871,98.84644,240647
1065,gavlyukovskiy,3,0.00125,237874,98.84769,240647
1066,govindrai,3,0.00125,237877,98.84894,240647
1067,Gozala,3,0.00125,237880,98.85018,240647
1068,greysteil,3,0.00125,237883,98.85143,240647
1069,gsans,3,0.00125,237886,98.85268,240647
1070,gswalden,3,0.00125,237889,98.85392,240647
1071,hankduan,3,0.00125,237892,98.85517,240647
1072,haraldreingruber,3,0.00125,237895,98.85642,240647
1073,Hearen,3,0.00125,237898,98.85766,240647
1074,hsingh23,3,0.00125,237901,98.85891,240647
1075,hughsk,3,0.00125,237904,98.86016,240647
1076,hzamani,3,0.00125,237907,98.86140,240647
1077,icambron,3,0.00125,237910,98.86265,240647
1078,iemejia,3,0.00125,237913,98.86390,240647
1079,imsky,3,0.00125,237916,98.86514,240647
1080,ionspin,3,0.00125,237919,98.86639,240647
1081,isiahmeadows,3,0.00125,237922,98.86764,240647
1082,JacoKoster,3,0.00125,237925,98.86888,240647
1083,janekdb,3,0.00125,237928,98.87013,240647
1084,jasnell,3,0.00125,237931,98.87138,240647
1085,jayaram-intel,3,0.00125,237934,98.87262,240647
1086,JBallin,3,0.00125,237937,98.87387,240647
1087,JBtje,3,0.00125,237940,98.87512,240647
1088,JobLeonard,3,0.00125,237943,98.87636,240647
1089,jochenw,3,0.00125,237946,98.87761,240647
1090,joeledwards,3,0.00125,237949,98.87886,240647
1091,JohnChen0,3,0.00125,237952,98.88010,240647
1092,johnchen902,3,0.00125,237955,98.88135,240647
1093,johngmyers,3,0.00125,237958,98.88260,240647
1094,jokeyrhyme,3,0.00125,237961,98.88384,240647
1095,jonbretman,3,0.00125,237964,98.88509,240647
1096,JosephPecoraro,3,0.00125,237967,98.88634,240647
1097,jsina,3,0.00125,237970,98.88758,240647
1098,jtheoof,3,0.00125,237973,98.88883,240647
1099,JunSun17,3,0.00125,237976,98.89008,240647
1100,jure,3,0.00125,237979,98.89132,240647
1101,jwalton,3,0.00125,237982,98.89257,240647
1102,jwandrews,3,0.00125,237985,98.89382,240647
1103,kaycebasques,3,0.00125,237988,98.89506,240647
1104,kevinashworth,3,0.00125,237991,98.89631,240647
1105,KimBurgess,3,0.00125,237994,98.89756,240647
1106,kingisaac95,3,0.00125,237997,98.89880,240647
1107,kirill-usov,3,0.00125,238000,98.90005,240647
1108,klieber,3,0.00125,238003,98.90130,240647
1109,kmarinushkin,3,0.00125,238006,98.90254,240647
1110,knowbody,3,0.00125,238009,98.90379,240647
1111,kunagpal,3,0.00125,238012,98.90504,240647
1112,lajones,3,0.00125,238015,98.90628,240647
1113,leebyron,3,0.00125,238018,98.90753,240647
1114,lexjacobs,3,0.00125,238021,98.90878,240647
1115,Lixire,3,0.00125,238024,98.91002,240647
1116,lookfirst,3,0.00125,238027,98.91127,240647
1117,lovasoa,3,0.00125,238030,98.91252,240647
1118,lrsmith,3,0.00125,238033,98.91376,240647
1119,lucasleelz,3,0.00125,238036,98.91501,240647
1120,lysannef,3,0.00125,238039,98.91625,240647
1121,m0mus,3,0.00125,238042,98.91750,240647
1122,mairaw,3,0.00125,238045,98.91875,240647
1123,marclaval,3,0.00125,238048,98.91999,240647
1124,mark007,3,0.00125,238051,98.92124,240647
1125,markus1189,3,0.00125,238054,98.92249,240647
1126,martine,3,0.00125,238057,98.92373,240647
1127,martinheidegger,3,0.00125,238060,98.92498,240647
1128,mathieumg,3,0.00125,238063,98.92623,240647
1129,mausch,3,0.00125,238066,98.92747,240647
1130,m-burst,3,0.00125,238069,98.92872,240647
1131,mebigfatguy,3,0.00125,238072,98.92997,240647
1132,MeiKatz,3,0.00125,238075,98.93121,240647
1133,melloc,3,0.00125,238078,98.93246,240647
1134,MeyerNils,3,0.00125,238081,98.93371,240647
1135,MichaelSimons,3,0.00125,238084,98.93495,240647
1136,mikermcneil,3,0.00125,238087,98.93620,240647
1137,mike-rogers,3,0.00125,238090,98.93745,240647
1138,mikkomaunu,3,0.00125,238093,98.93869,240647
1139,misacorn,3,0.00125,238096,98.93994,240647
1140,miyajan,3,0.00125,238099,98.94119,240647
1141,mjhea0,3,0.00125,238102,98.94243,240647
1142,mohd-akram,3,0.00125,238105,98.94368,240647
1143,moorage,3,0.00125,238108,98.94493,240647
1144,morriq,3,0.00125,238111,98.94617,240647
1145,msmania,3,0.00125,238114,98.94742,240647
1146,murphysean,3,0.00125,238117,98.94867,240647
1147,nanjingboy,3,0.00125,238120,98.94991,240647
1148,naturalwarren,3,0.00125,238123,98.95116,240647
1149,Nicholaiii,3,0.00125,238126,98.95241,240647
1150,nicojs,3,0.00125,238129,98.95365,240647
1151,NightlyNexus,3,0.00125,238132,98.95490,240647
1152,NiklasMerz,3,0.00125,238135,98.95615,240647
1153,NothingEverHappens,3,0.00125,238138,98.95739,240647
1154,oGsLP,3,0.00125,238141,98.95864,240647
1155,oliviertassinari,3,0.00125,238144,98.95989,240647
1156,onovotny,3,0.00125,238147,98.96113,240647
1157,onpaws,3,0.00125,238150,98.96238,240647
1158,onstring,3,0.00125,238153,98.96363,240647
1159,orischwartz,3,0.00125,238156,98.96487,240647
1160,partheseas,3,0.00125,238159,98.96612,240647
1161,pedrottimark,3,0.00125,238162,98.96737,240647
1162,peterfuwork,3,0.00125,238165,98.96861,240647
1163,petetnt,3,0.00125,238168,98.96986,240647
1164,phapdinh,3,0.00125,238171,98.97111,240647
1165,pieceofsummer,3,0.00125,238174,98.97235,240647
1166,pjohnmeyer,3,0.00125,238177,98.97360,240647
1167,pocesar,3,0.00125,238180,98.97485,240647
1168,popey456963,3,0.00125,238183,98.97609,240647
1169,pprindeville,3,0.00125,238186,98.97734,240647
1170,PunKeel,3,0.00125,238189,98.97859,240647
1171,rauchg,3,0.00125,238192,98.97983,240647
1172,RByers,3,0.00125,238195,98.98108,240647
1173,reduckted,3,0.00125,238198,98.98233,240647
1174,reedloden,3,0.00125,238201,98.98357,240647
1175,reiz,3,0.00125,238204,98.98482,240647
1176,rharter,3,0.00125,238207,98.98607,240647
1177,rhernandez35,3,0.00125,238210,98.98731,240647
1178,RicardoVaranda,3,0.00125,238213,98.98856,240647
1179,RobertKielty,3,0.00125,238216,98.98981,240647
1180,robstoll,3,0.00125,238219,98.99105,240647
1181,rolodato,3,0.00125,238222,98.99230,240647
1182,rriggin,3,0.00125,238225,98.99355,240647
1183,rrthomas,3,0.00125,238228,98.99479,240647
1184,rs017991,3,0.00125,238231,98.99604,240647
1185,ruiaraujo,3,0.00125,238234,98.99729,240647
1186,sahan91,3,0.00125,238237,98.99853,240647
1187,sanex3339,3,0.00125,238240,98.99978,240647
1188,santipalenque,3,0.00125,238243,99.00103,240647
1189,sebdeckers,3,0.00125,238246,99.00227,240647
1190,Sebmaster,3,0.00125,238249,99.00352,240647
1191,sebnow,3,0.00125,238252,99.00477,240647
1192,SensitiveMix,3,0.00125,238255,99.00601,240647
1193,sethpollack,3,0.00125,238258,99.00726,240647
1194,sfackler,3,0.00125,238261,99.00851,240647
1195,Shingyx,3,0.00125,238264,99.00975,240647
1196,ShivanKaul,3,0.00125,238267,99.01100,240647
1197,shrah,3,0.00125,238270,99.01225,240647
1198,shrasool,3,0.00125,238273,99.01349,240647
1199,silvenon,3,0.00125,238276,99.01474,240647
1200,smoke,3,0.00125,238279,99.01599,240647
1201,sobolevn,3,0.00125,238282,99.01723,240647
1202,Spikhalskiy,3,0.00125,238285,99.01848,240647
1203,stevezhu,3,0.00125,238288,99.01973,240647
1204,styfle,3,0.00125,238291,99.02097,240647
1205,tarikulsabbir,3,0.00125,238294,99.02222,240647
1206,tatsuyafw,3,0.00125,238297,99.02347,240647
1207,tbroadley,3,0.00125,238300,99.02471,240647
1208,TheRoSS,3,0.00125,238303,99.02596,240647
1209,th-ko,3,0.00125,238306,99.02721,240647
1210,tienpham94,3,0.00125,238309,99.02845,240647
1211,tIGO,3,0.00125,238312,99.02970,240647
1212,tinchou,3,0.00125,238315,99.03095,240647
1213,tnguyen14,3,0.00125,238318,99.03219,240647
1214,tobegit3hub,3,0.00125,238321,99.03344,240647
1215,tombuildsstuff,3,0.00125,238324,99.03469,240647
1216,tonylukasavage,3,0.00125,238327,99.03593,240647
1217,TooTallNate,3,0.00125,238330,99.03718,240647
1218,tracker1,3,0.00125,238333,99.03843,240647
1219,trbngr,3,0.00125,238336,99.03967,240647
1220,trevorlinton,3,0.00125,238339,99.04092,240647
1221,trshafer,3,0.00125,238342,99.04217,240647
1222,tstringer,3,0.00125,238345,99.04341,240647
1223,ttowncompiled,3,0.00125,238348,99.04466,240647
1224,tuannvm,3,0.00125,238351,99.04591,240647
1225,Vadorequest,3,0.00125,238354,99.04715,240647
1226,vapier,3,0.00125,238357,99.04840,240647
1227,vinayvishal,3,0.00125,238360,99.04965,240647
1228,vitek-karas,3,0.00125,238363,99.05089,240647
1229,vlbee,3,0.00125,238366,99.05214,240647
1230,watson,3,0.00125,238369,99.05339,240647
1231,wilgert,3,0.00125,238372,99.05463,240647
1232,wmertens,3,0.00125,238375,99.05588,240647
1233,wub,3,0.00125,238378,99.05713,240647
1234,yangmillstheory,3,0.00125,238381,99.05837,240647
1235,yasirmhd,3,0.00125,238384,99.05962,240647
1236,ymekuria,3,0.00125,238387,99.06087,240647
1237,zhangyi089,3,0.00125,238390,99.06211,240647
1238,zjmiller,3,0.00125,238393,99.06336,240647
1239,zzz40500,3,0.00125,238396,99.06461,240647
1240,0xced,2,0.00083,238398,99.06544,240647
1241,0xflotus,2,0.00083,238400,99.06627,240647
1242,333fred,2,0.00083,238402,99.06710,240647
1243,8398a7,2,0.00083,238404,99.06793,240647
1244,aackerman,2,0.00083,238406,99.06876,240647
1245,A-And,2,0.00083,238408,99.06959,240647
1246,abalmos,2,0.00083,238410,99.07042,240647
1247,adamretter,2,0.00083,238412,99.07125,240647
1248,AdamWill,2,0.00083,238414,99.07208,240647
1249,adamyi,2,0.00083,238416,99.07292,240647
1250,adarrra,2,0.00083,238418,99.07375,240647
1251,adekbadek,2,0.00083,238420,99.07458,240647
1252,aelij,2,0.00083,238422,99.07541,240647
1253,afitiskin,2,0.00083,238424,99.07624,240647
1254,agray,2,0.00083,238426,99.07707,240647
1255,aianus,2,0.00083,238428,99.07790,240647
1256,ajcrowe,2,0.00083,238430,99.07873,240647
1257,ajfranzoia,2,0.00083,238432,99.07956,240647
1258,Alanscut,2,0.00083,238434,99.08040,240647
1259,albanm,2,0.00083,238436,99.08123,240647
1260,albertkang,2,0.00083,238438,99.08206,240647
1261,alehander42,2,0.00083,238440,99.08289,240647
1262,Aleksandyr,2,0.00083,238442,99.08372,240647
1263,AlekseyTs,2,0.00083,238444,99.08455,240647
1264,alexandrnikitin,2,0.00083,238446,99.08538,240647
1265,alexkrolick,2,0.00083,238448,99.08621,240647
1266,alfaslash,2,0.00083,238450,99.08704,240647
1267,alFReD-NSH,2,0.00083,238452,99.08788,240647
1268,alokmenghrajani,2,0.00083,238454,99.08871,240647
1269,ameyjadiye,2,0.00083,238456,99.08954,240647
1270,amohamme,2,0.00083,238458,99.09037,240647
1271,Anber,2,0.00083,238460,99.09120,240647
1272,andreitroiebbc,2,0.00083,238462,99.09203,240647
1273,andresroberto,2,0.00083,238464,99.09286,240647
1274,andyfleming,2,0.00083,238466,99.09369,240647
1275,angelo-v,2,0.00083,238468,99.09452,240647
1276,anibalardid,2,0.00083,238470,99.09536,240647
1277,anirudhramanan,2,0.00083,238472,99.09619,240647
1278,anjoshigor,2,0.00083,238474,99.09702,240647
1279,ankon,2,0.00083,238476,99.09785,240647
1280,anpete,2,0.00083,238478,99.09868,240647
1281,antonblanchard,2,0.00083,238480,99.09951,240647
1282,AntonLandor,2,0.00083,238482,99.10034,240647
1283,apaatsio,2,0.00083,238484,99.10117,240647
1284,arcana261,2,0.00083,238486,99.10200,240647
1285,armiiller,2,0.00083,238488,99.10284,240647
1286,arminsolecki,2,0.00083,238490,99.10367,240647
1287,armujahid,2,0.00083,238492,99.10450,240647
1288,arpitpandey0209,2,0.00083,238494,99.10533,240647
1289,artnez,2,0.00083,238496,99.10616,240647
1290,aschlapsi,2,0.00083,238498,99.10699,240647
1291,ashinzekene,2,0.00083,238500,99.10782,240647
1292,askhalil,2,0.00083,238502,99.10865,240647
1293,asottile,2,0.00083,238504,99.10948,240647
1294,atodorov,2,0.00083,238506,99.11032,240647
1295,autopulated,2,0.00083,238508,99.11115,240647
1296,azat,2,0.00083,238510,99.11198,240647
1297,B3zo0,2,0.00083,238512,99.11281,240647
1298,bahamas10,2,0.00083,238514,99.11364,240647
1299,banli17,2,0.00083,238516,99.11447,240647
1300,baopham,2,0.00083,238518,99.11530,240647
1301,bascoder,2,0.00083,238520,99.11613,240647
1302,bdougie,2,0.00083,238522,99.11696,240647
1303,behrangsa,2,0.00083,238524,99.11779,240647
1304,benatespina,2,0.00083,238526,99.11863,240647
1305,bengadbois,2,0.00083,238528,99.11946,240647
1306,benjaminp,2,0.00083,238530,99.12029,240647
1307,billymoon,2,0.00083,238532,99.12112,240647
1308,BinaryDevil,2,0.00083,238534,99.12195,240647
1309,bjarneo,2,0.00083,238536,99.12278,240647
1310,bkiselka,2,0.00083,238538,99.12361,240647
1311,BlueHatbRit,2,0.00083,238540,99.12444,240647
1312,bojand,2,0.00083,238542,99.12527,240647
1313,bokub,2,0.00083,238544,99.12611,240647
1314,brendo,2,0.00083,238546,99.12694,240647
1315,brettdh,2,0.00083,238548,99.12777,240647
1316,bripkens,2,0.00083,238550,99.12860,240647
1317,brycebaril,2,0.00083,238552,99.12943,240647
1318,bsingr,2,0.00083,238554,99.13026,240647
1319,btelles,2,0.00083,238556,99.13109,240647
1320,byronigoe,2,0.00083,238558,99.13192,240647
1321,bzoz,2,0.00083,238560,99.13275,240647
1322,calebboyd,2,0.00083,238562,99.13359,240647
1323,calebmer,2,0.00083,238564,99.13442,240647
1324,CarstenWickner,2,0.00083,238566,99.13525,240647
1325,cassianomon,2,0.00083,238568,99.13608,240647
1326,CatTail,2,0.00083,238570,99.13691,240647
1327,cbdeveloper,2,0.00083,238572,99.13774,240647
1328,ChadNedzlek,2,0.00083,238574,99.13857,240647
1329,chalup,2,0.00083,238576,99.13940,240647
1330,chanakasan,2,0.00083,238578,99.14023,240647
1331,charlierudolph,2,0.00083,238580,99.14107,240647
1332,charsleysa,2,0.00083,238582,99.14190,240647
1333,chrisdukakis,2,0.00083,238584,99.14273,240647
1334,christophercurrie,2,0.00083,238586,99.14356,240647
1335,christopher-s-hall,2,0.00083,238588,99.14439,240647
1336,cianclarke,2,0.00083,238590,99.14522,240647
1337,cif,2,0.00083,238592,99.14605,240647
1338,clamp03,2,0.00083,238594,99.14688,240647
1339,cminyard,2,0.00083,238596,99.14771,240647
1340,cn007b,2,0.00083,238598,99.14855,240647
1341,cneijenhuis,2,0.00083,238600,99.14938,240647
1342,CodeMan99,2,0.00083,238602,99.15021,240647
1343,CodyReichert,2,0.00083,238604,99.15104,240647
1344,colesimmons,2,0.00083,238606,99.15187,240647
1345,coleturner,2,0.00083,238608,99.15270,240647
1346,colindickson,2,0.00083,238610,99.15353,240647
1347,Coly010,2,0.00083,238612,99.15436,240647
1348,coreybutler,2,0.00083,238614,99.15519,240647
1349,coryhouse,2,0.00083,238616,99.15603,240647
1350,cos,2,0.00083,238618,99.15686,240647
1351,coxlinton,2,0.00083,238620,99.15769,240647
1352,cpereida,2,0.00083,238622,99.15852,240647
1353,crossjs,2,0.00083,238624,99.15935,240647
1354,cushon,2,0.00083,238626,99.16018,240647
1355,cwe1ss,2,0.00083,238628,99.16101,240647
1356,d2bit,2,0.00083,238630,99.16184,240647
1357,danryan,2,0.00083,238632,99.16267,240647
1358,danthegoodman,2,0.00083,238634,99.16351,240647
1359,dariusk,2,0.00083,238636,99.16434,240647
1360,DavidePastore,2,0.00083,238638,99.16517,240647
1361,DavSanchez,2,0.00083,238640,99.16600,240647
1362,DAXaholic,2,0.00083,238642,99.16683,240647
1363,daxian-dbw,2,0.00083,238644,99.16766,240647
1364,dblevins,2,0.00083,238646,99.16849,240647
1365,ddunkin,2,0.00083,238648,99.16932,240647
1366,deki,2,0.00083,238650,99.17015,240647
1367,delavara,2,0.00083,238652,99.17098,240647
1368,delirius325,2,0.00083,238654,99.17182,240647
1369,delitescere,2,0.00083,238656,99.17265,240647
1370,delmyers,2,0.00083,238658,99.17348,240647
1371,dhurlburtusa,2,0.00083,238660,99.17431,240647
1372,dlax,2,0.00083,238662,99.17514,240647
1373,dmnd,2,0.00083,238664,99.17597,240647
1374,dnalborczyk,2,0.00083,238666,99.17680,240647
1375,domoritz,2,0.00083,238668,99.17763,240647
1376,dot-asm,2,0.00083,238670,99.17846,240647
1377,dotLou,2,0.00083,238672,99.17930,240647
1378,douglasknudsen,2,0.00083,238674,99.18013,240647
1379,DQNEO,2,0.00083,238676,99.18096,240647
1380,DrPizza,2,0.00083,238678,99.18179,240647
1381,dsplaisted,2,0.00083,238680,99.18262,240647
1382,dushmis,2,0.00083,238682,99.18345,240647
1383,dveeden,2,0.00083,238684,99.18428,240647
1384,dwanderton,2,0.00083,238686,99.18511,240647
1385,ecnepsnai,2,0.00083,238688,99.18594,240647
1386,eddiemonge,2,0.00083,238690,99.18678,240647
1387,Eddman,2,0.00083,238692,99.18761,240647
1388,ehmicky,2,0.00083,238694,99.18844,240647
1389,Eisermann,2,0.00083,238696,99.18927,240647
1390,ejpbruel,2,0.00083,238698,99.19010,240647
1391,ekkis,2,0.00083,238700,99.19093,240647
1392,elkdanger,2,0.00083,238702,99.19176,240647
1393,eloytoro,2,0.00083,238704,99.19259,240647
1394,emilio,2,0.00083,238706,99.19342,240647
1395,EmilTholin,2,0.00083,238708,99.19426,240647
1396,ericcurtin,2,0.00083,238710,99.19509,240647
1397,Errorname,2,0.00083,238712,99.19592,240647
1398,eternalharvest,2,0.00083,238714,99.19675,240647
1399,Ethan-Arrowood,2,0.00083,238716,99.19758,240647
1400,evancarey,2,0.00083,238718,99.19841,240647
1401,fatso83,2,0.00083,238720,99.19924,240647
1402,felixyonex,2,0.00083,238722,99.20007,240647
1403,feloy,2,0.00083,238724,99.20090,240647
1404,fishbar,2,0.00083,238726,99.20174,240647
1405,FlashSheridan,2,0.00083,238728,99.20257,240647
1406,FokkeZB,2,0.00083,238730,99.20340,240647
1407,fommil,2,0.00083,238732,99.20423,240647
1408,fpoumian,2,0.00083,238734,99.20506,240647
1409,francisdb,2,0.00083,238736,99.20589,240647
1410,francois2metz,2,0.00083,238738,99.20672,240647
1411,frehner,2,0.00083,238740,99.20755,240647
1412,fridays,2,0.00083,238742,99.20838,240647
1413,frosas,2,0.00083,238744,99.20922,240647
1414,frostming,2,0.00083,238746,99.21005,240647
1415,fson,2,0.00083,238748,99.21088,240647
1416,GabrielNicolasAvellaneda,2,0.00083,238750,99.21171,240647
1417,gengjiawen,2,0.00083,238752,99.21254,240647
1418,ghuntley,2,0.00083,238754,99.21337,240647
1419,gkwang,2,0.00083,238756,99.21420,240647
1420,Glazy,2,0.00083,238758,99.21503,240647
1421,gnomeontherun,2,0.00083,238760,99.21586,240647
1422,goenning,2,0.00083,238762,99.21669,240647
1423,gonzalez,2,0.00083,238764,99.21753,240647
1424,gpspake,2,0.00083,238766,99.21836,240647
1425,grant,2,0.00083,238768,99.21919,240647
1426,Grasseh,2,0.00083,238770,99.22002,240647
1427,gregkalapos,2,0.00083,238772,99.22085,240647
1428,Gregoirevda,2,0.00083,238774,99.22168,240647
1429,gregturn,2,0.00083,238776,99.22251,240647
1430,grisha-kotler,2,0.00083,238778,99.22334,240647
1431,guiguan,2,0.00083,238780,99.22417,240647
1432,gupash,2,0.00083,238782,99.22501,240647
1433,hairyhenderson,2,0.00083,238784,99.22584,240647
1434,halkeye,2,0.00083,238786,99.22667,240647
1435,hans-kinnek,2,0.00083,238788,99.22750,240647
1436,hbrotan,2,0.00083,238790,99.22833,240647
1437,hemp,2,0.00083,238792,99.22916,240647
1438,henderea,2,0.00083,238794,99.22999,240647
1439,henryqdineen,2,0.00083,238796,99.23082,240647
1440,heshamMassoud,2,0.00083,238798,99.23165,240647
1441,himynameisdave,2,0.00083,238800,99.23249,240647
1442,holyjak,2,0.00083,238802,99.23332,240647
1443,hotpxl,2,0.00083,238804,99.23415,240647
1444,humiaozuzu,2,0.00083,238806,99.23498,240647
1445,hxsf,2,0.00083,238808,99.23581,240647
1446,hzh,2,0.00083,238810,99.23664,240647
1447,iamdoron,2,0.00083,238812,99.23747,240647
1448,icholy,2,0.00083,238814,99.23830,240647
1449,ide,2,0.00083,238816,99.23913,240647
1450,idlerboris,2,0.00083,238818,99.23997,240647
1451,ieatfood,2,0.00083,238820,99.24080,240647
1452,igorline,2,0.00083,238822,99.24163,240647
1453,ilyasidorchik,2,0.00083,238824,99.24246,240647
1454,indutny,2,0.00083,238826,99.24329,240647
1455,infrastation,2,0.00083,238828,99.24412,240647
1456,istarkov,2,0.00083,238830,99.24495,240647
1457,itchyny,2,0.00083,238832,99.24578,240647
1458,jacobwgillespie,2,0.00083,238834,99.24661,240647
1459,jahraphael,2,0.00083,238836,99.24745,240647
1460,JakeChampion,2,0.00083,238838,99.24828,240647
1461,jakewins,2,0.00083,238840,99.24911,240647
1462,james-callahan,2,0.00083,238842,99.24994,240647
1463,jamesgpearce,2,0.00083,238844,99.25077,240647
1464,jamesward,2,0.00083,238846,99.25160,240647
1465,Jamim,2,0.00083,238848,99.25243,240647
1466,jamshedd,2,0.00083,238850,99.25326,240647
1467,JandersonConstantino,2,0.00083,238852,99.25409,240647
1468,jannic,2,0.00083,238854,99.25493,240647
1469,jaswilli,2,0.00083,238856,99.25576,240647
1470,javache,2,0.00083,238858,99.25659,240647
1471,jbarnettwomply,2,0.00083,238860,99.25742,240647
1472,jboavida,2,0.00083,238862,99.25825,240647
1473,jchris,2,0.00083,238864,99.25908,240647
1474,jcrben,2,0.00083,238866,99.25991,240647
1475,jcspader,2,0.00083,238868,99.26074,240647
1476,jd-carroll,2,0.00083,238870,99.26157,240647
1477,jdelStrother,2,0.00083,238872,99.26241,240647
1478,jdorfman,2,0.00083,238874,99.26324,240647
1479,jdufresne,2,0.00083,238876,99.26407,240647
1480,jedwards1211,2,0.00083,238878,99.26490,240647
1481,jeffschwMSFT,2,0.00083,238880,99.26573,240647
1482,jennifer-mann,2,0.00083,238882,99.26656,240647
1483,jeremenichelli,2,0.00083,238884,99.26739,240647
1484,jeremycline,2,0.00083,238886,99.26822,240647
1485,jermowery,2,0.00083,238888,99.26905,240647
1486,jerome-nelson,2,0.00083,238890,99.26988,240647
1487,jgalat,2,0.00083,238892,99.27072,240647
1488,jhabdas,2,0.00083,238894,99.27155,240647
1489,jimcarley,2,0.00083,238896,99.27238,240647
1490,jimthedev,2,0.00083,238898,99.27321,240647
1491,jisaacks,2,0.00083,238900,99.27404,240647
1492,jmendeth,2,0.00083,238902,99.27487,240647
1493,jniebuhr,2,0.00083,238904,99.27570,240647
1494,joearasin,2,0.00083,238906,99.27653,240647
1495,joej164,2,0.00083,238908,99.27736,240647
1496,joel-leitch,2,0.00083,238910,99.27820,240647
1497,joelongstreet,2,0.00083,238912,99.27903,240647
1498,johnhampton,2,0.00083,238914,99.27986,240647
1499,johnjbarton,2,0.00083,238916,99.28069,240647
1500,johnjohndoe,2,0.00083,238918,99.28152,240647
1501,joliss,2,0.00083,238920,99.28235,240647
1502,jonasfj,2,0.00083,238922,99.28318,240647
1503,joongsoo,2,0.00083,238924,99.28401,240647
1504,jordanstephens,2,0.00083,238926,99.28484,240647
1505,joshalling,2,0.00083,238928,99.28568,240647
1506,joshuagl,2,0.00083,238930,99.28651,240647
1507,joshuawilson,2,0.00083,238932,99.28734,240647
1508,joyzheng,2,0.00083,238934,99.28817,240647
1509,jrevillas,2,0.00083,238936,99.28900,240647
1510,juandiana,2,0.00083,238938,99.28983,240647
1511,julio-lopez,2,0.00083,238940,99.29066,240647
1512,julkwel,2,0.00083,238942,99.29149,240647
1513,JustATrick,2,0.00083,238944,99.29232,240647
1514,jvz,2,0.00083,238946,99.29316,240647
1515,Jwan622,2,0.00083,238948,99.29399,240647
1516,jwise,2,0.00083,238950,99.29482,240647
1517,kambleaa007,2,0.00083,238952,99.29565,240647
1518,kamranayub,2,0.00083,238954,99.29648,240647
1519,karlhorky,2,0.00083,238956,99.29731,240647
1520,keithamus,2,0.00083,238958,99.29814,240647
1521,kevinsimper,2,0.00083,238960,99.29897,240647
1522,kevinSuttle,2,0.00083,238962,99.29980,240647
1523,keyan,2,0.00083,238964,99.30064,240647
1524,kindy,2,0.00083,238966,99.30147,240647
1525,KirankumarAmbati,2,0.00083,238968,99.30230,240647
1526,kirk91,2,0.00083,238970,99.30313,240647
1527,KodrAus,2,0.00083,238972,99.30396,240647
1528,kor-k,2,0.00083,238974,99.30479,240647
1529,kostasp,2,0.00083,238976,99.30562,240647
1530,kpdecker,2,0.00083,238978,99.30645,240647
1531,kpping,2,0.00083,238980,99.30728,240647
1532,krusolu,2,0.00083,238982,99.30812,240647
1533,KyleAMathews,2,0.00083,238984,99.30895,240647
1534,lacolaco,2,0.00083,238986,99.30978,240647
1535,larsgrefer,2,0.00083,238988,99.31061,240647
1536,lazywithclass,2,0.00083,238990,99.31144,240647
1537,lbalmaceda,2,0.00083,238992,99.31227,240647
1538,LeSuisse,2,0.00083,238994,99.31310,240647
1539,libHive,2,0.00083,238996,99.31393,240647
1540,lidavidm,2,0.00083,238998,99.31476,240647
1541,lifeiscontent,2,0.00083,239000,99.31560,240647
1542,liff,2,0.00083,239002,99.31643,240647
1543,light24bulbs,2,0.00083,239004,99.31726,240647
1544,ligurio,2,0.00083,239006,99.31809,240647
1545,listton,2,0.00083,239008,99.31892,240647
1546,localheinz,2,0.00083,239010,99.31975,240647
1547,LoicMahieu,2,0.00083,239012,99.32058,240647
1548,lostintangent,2,0.00083,239014,99.32141,240647
1549,lox,2,0.00083,239016,99.32224,240647
1550,luigiberrettini,2,0.00083,239018,99.32307,240647
1551,lukehorvat,2,0.00083,239020,99.32391,240647
1552,lukewestby,2,0.00083,239022,99.32474,240647
1553,lvinniel,2,0.00083,239024,99.32557,240647
1554,magnificode,2,0.00083,239026,99.32640,240647
1555,maleetz,2,0.00083,239028,99.32723,240647
1556,marciopuga,2,0.00083,239030,99.32806,240647
1557,marcospassos,2,0.00083,239032,99.32889,240647
1558,marionebl,2,0.00083,239034,99.32972,240647
1559,markgardner,2,0.00083,239036,99.33055,240647
1560,MarkHerhold,2,0.00083,239038,99.33139,240647
1561,MarshallOfSound,2,0.00083,239040,99.33222,240647
1562,martinmcwhorter,2,0.00083,239042,99.33305,240647
1563,mastermatt,2,0.00083,239044,99.33388,240647
1564,matteofigus,2,0.00083,239046,99.33471,240647
1565,MatthewHerbst,2,0.00083,239048,99.33554,240647
1566,MatthiasKunnen,2,0.00083,239050,99.33637,240647
1567,mattjanssen,2,0.00083,239052,99.33720,240647
1568,mattpolzin,2,0.00083,239054,99.33803,240647
1569,mblair,2,0.00083,239056,99.33887,240647
1570,mdlavin,2,0.00083,239058,99.33970,240647
1571,mechpen,2,0.00083,239060,99.34053,240647
1572,megastef,2,0.00083,239062,99.34136,240647
1573,meirotstein,2,0.00083,239064,99.34219,240647
1574,mertdeg2,2,0.00083,239066,99.34302,240647
1575,mfitz3,2,0.00083,239068,99.34385,240647
1576,mgalgs,2,0.00083,239070,99.34468,240647
1577,mgolovatiy-atconsulting-ru,2,0.00083,239072,99.34551,240647
1578,mgravell,2,0.00083,239074,99.34635,240647
1579,miguelmota,2,0.00083,239076,99.34718,240647
1580,mihbor,2,0.00083,239078,99.34801,240647
1581,mikea,2,0.00083,239080,99.34884,240647
1582,MikeRalphson,2,0.00083,239082,99.34967,240647
1583,mirague,2,0.00083,239084,99.35050,240647
1584,moozzyk,2,0.00083,239086,99.35133,240647
1585,Morhaus,2,0.00083,239088,99.35216,240647
1586,Mottie,2,0.00083,239090,99.35299,240647
1587,mpfj,2,0.00083,239092,99.35383,240647
1588,mplonka,2,0.00083,239094,99.35466,240647
1589,mrjfox,2,0.00083,239096,99.35549,240647
1590,mtsmfm,2,0.00083,239098,99.35632,240647
1591,murbar,2,0.00083,239100,99.35715,240647
1592,mweibel,2,0.00083,239102,99.35798,240647
1593,MylesBorins,2,0.00083,239104,99.35881,240647
1594,Nadia--,2,0.00083,239106,99.35964,240647
1595,nahuel,2,0.00083,239108,99.36047,240647
1596,nanomosfet,2,0.00083,239110,99.36131,240647
1597,navaati,2,0.00083,239112,99.36214,240647
1598,nazieb,2,0.00083,239114,99.36297,240647
1599,nbali,2,0.00083,239116,99.36380,240647
1600,necinc,2,0.00083,239118,99.36463,240647
1601,nedbat,2,0.00083,239120,99.36546,240647
1602,negezor,2,0.00083,239122,99.36629,240647
1603,ngg,2,0.00083,239124,99.36712,240647
1604,nhodges,2,0.00083,239126,99.36795,240647
1605,NickPresta,2,0.00083,239128,99.36878,240647
1606,nimaa77,2,0.00083,239130,99.36962,240647
1607,northtyphoon,2,0.00083,239132,99.37045,240647
1608,nowke,2,0.00083,239134,99.37128,240647
1609,nstdio,2,0.00083,239136,99.37211,240647
1610,ntkme,2,0.00083,239138,99.37294,240647
1611,ntotten,2,0.00083,239140,99.37377,240647
1612,ObsidianMinor,2,0.00083,239142,99.37460,240647
1613,odykyi,2,0.00083,239144,99.37543,240647
1614,olegsu,2,0.00083,239146,99.37626,240647
1615,Om4ar,2,0.00083,239148,99.37710,240647
1616,oncletom,2,0.00083,239150,99.37793,240647
1617,ooflorent,2,0.00083,239152,99.37876,240647
1618,orgads,2,0.00083,239154,99.37959,240647
1619,OzzieOrca,2,0.00083,239156,99.38042,240647
1620,pablonete,2,0.00083,239158,99.38125,240647
1621,pahdo,2,0.00083,239160,99.38208,240647
1622,palanik,2,0.00083,239162,99.38291,240647
1623,paniko0,2,0.00083,239164,99.38374,240647
1624,papandreou,2,0.00083,239166,99.38458,240647
1625,pascalim,2,0.00083,239168,99.38541,240647
1626,paulferaud,2,0.00083,239170,99.38624,240647
1627,pbi-qfs,2,0.00083,239172,99.38707,240647
1628,penx,2,0.00083,239174,99.38790,240647
1629,petercm,2,0.00083,239176,99.38873,240647
1630,peterpoe,2,0.00083,239178,99.38956,240647
1631,pevik,2,0.00083,239180,99.39039,240647
1632,PierreFritsch,2,0.00083,239182,99.39122,240647
1633,PiotrSikora,2,0.00083,239184,99.39206,240647
1634,pithu,2,0.00083,239186,99.39289,240647
1635,PixnBits,2,0.00083,239188,99.39372,240647
1636,pjfanning,2,0.00083,239190,99.39455,240647
1637,pleunv,2,0.00083,239192,99.39538,240647
1638,poizan42,2,0.00083,239194,99.39621,240647
1639,popomore,2,0.00083,239196,99.39704,240647
1640,portgasd666,2,0.00083,239198,99.39787,240647
1641,Pothulapati,2,0.00083,239200,99.39870,240647
1642,PoziWorld,2,0.00083,239202,99.39954,240647
1643,pselden,2,0.00083,239204,99.40037,240647
1644,Psidium,2,0.00083,239206,99.40120,240647
1645,ptoonen,2,0.00083,239208,99.40203,240647
1646,quocvu,2,0.00083,239210,99.40286,240647
1647,ravefalcon92,2,0.00083,239212,99.40369,240647
1648,raveslave,2,0.00083,239214,99.40452,240647
1649,raybooysen,2,0.00083,239216,99.40535,240647
1650,rbdrenn,2,0.00083,239218,99.40618,240647
1651,rdrgmnzs,2,0.00083,239220,99.40702,240647
1652,reda-alaoui,2,0.00083,239222,99.40785,240647
1653,rf,2,0.00083,239224,99.40868,240647
1654,rfkm,2,0.00083,239226,99.40951,240647
1655,rgansevles,2,0.00083,239228,99.41034,240647
1656,rgbkrk,2,0.00083,239230,99.41117,240647
1657,ricardohbin,2,0.00083,239232,99.41200,240647
1658,RichardBradley,2,0.00083,239234,99.41283,240647
1659,risseraka,2,0.00083,239236,99.41366,240647
1660,rkmlai,2,0.00083,239238,99.41450,240647
1661,rnglnd,2,0.00083,239240,99.41533,240647
1662,Rohitkrops,2,0.00083,239242,99.41616,240647
1663,ronnyroeller,2,0.00083,239244,99.41699,240647
1664,rootulp,2,0.00083,239246,99.41782,240647
1665,RpprRoger,2,0.00083,239248,99.41865,240647
1666,rrrene,2,0.00083,239250,99.41948,240647
1667,rwoodnz,2,0.00083,239252,99.42031,240647
1668,ryanmeador,2,0.00083,239254,99.42114,240647
1669,s1monw,2,0.00083,239256,99.42197,240647
1670,SadPandaBear,2,0.00083,239258,99.42281,240647
1671,Sakarisson,2,0.00083,239260,99.42364,240647
1672,salier,2,0.00083,239262,99.42447,240647
1673,samwgoldman,2,0.00083,239264,99.42530,240647
1674,sandynomad,2,0.00083,239266,99.42613,240647
1675,sassanh,2,0.00083,239268,99.42696,240647
1676,sassquad,2,0.00083,239270,99.42779,240647
1677,saxicek,2,0.00083,239272,99.42862,240647
1678,scheglov,2,0.00083,239274,99.42945,240647
1679,schwigri,2,0.00083,239276,99.43029,240647
1680,seanbright,2,0.00083,239278,99.43112,240647
1681,Sebring,2,0.00083,239280,99.43195,240647
1682,sereysethy,2,0.00083,239282,99.43278,240647
1683,sgbrown,2,0.00083,239284,99.43361,240647
1684,shirdrn,2,0.00083,239286,99.43444,240647
1685,shivijais,2,0.00083,239288,99.43527,240647
1686,shortspider,2,0.00083,239290,99.43610,240647
1687,shubheksha,2,0.00083,239292,99.43693,240647
1688,Siilwyn,2,0.00083,239294,99.43777,240647
1689,silasb,2,0.00083,239296,99.43860,240647
1690,silentroach,2,0.00083,239298,99.43943,240647
1691,simlu,2,0.00083,239300,99.44026,240647
1692,simoneb,2,0.00083,239302,99.44109,240647
1693,skryvets,2,0.00083,239304,99.44192,240647
1694,slavede,2,0.00083,239306,99.44275,240647
1695,SlexAxton,2,0.00083,239308,99.44358,240647
1696,slontis,2,0.00083,239310,99.44441,240647
1697,smashercosmo,2,0.00083,239312,99.44525,240647
1698,smbape,2,0.00083,239314,99.44608,240647
1699,smusali,2,0.00083,239316,99.44691,240647
1700,snakefoot,2,0.00083,239318,99.44774,240647
1701,snow01,2,0.00083,239320,99.44857,240647
1702,som-snytt,2,0.00083,239322,99.44940,240647
1703,sonewman,2,0.00083,239324,99.45023,240647
1704,sonnemaf,2,0.00083,239326,99.45106,240647
1705,sorohan,2,0.00083,239328,99.45189,240647
1706,Sp1l,2,0.00083,239330,99.45273,240647
1707,spen,2,0.00083,239332,99.45356,240647
1708,stephan-tolksdorf,2,0.00083,239334,99.45439,240647
1709,StuartHarris,2,0.00083,239336,99.45522,240647
1710,stuartpb,2,0.00083,239338,99.45605,240647
1711,stucox,2,0.00083,239340,99.45688,240647
1712,surajwy,2,0.00083,239342,99.45771,240647
1713,susisu,2,0.00083,239344,99.45854,240647
1714,swaroop-sridhar,2,0.00083,239346,99.45937,240647
1715,syllant,2,0.00083,239348,99.46021,240647
1716,t-8ch,2,0.00083,239350,99.46104,240647
1717,tamird,2,0.00083,239352,99.46187,240647
1718,tardyp,2,0.00083,239354,99.46270,240647
1719,taylorc93,2,0.00083,239356,99.46353,240647
1720,tdurtschi,2,0.00083,239358,99.46436,240647
1721,tedpennings,2,0.00083,239360,99.46519,240647
1722,telmen,2,0.00083,239362,99.46602,240647
1723,tenjaa,2,0.00083,239364,99.46685,240647
1724,tenwit,2,0.00083,239366,99.46769,240647
1725,teresy,2,0.00083,239368,99.46852,240647
1726,tgxworld,2,0.00083,239370,99.46935,240647
1727,theel0ja,2,0.00083,239372,99.47018,240647
1728,theogravity,2,0.00083,239374,99.47101,240647
1729,TheTalisman,2,0.00083,239376,99.47184,240647
1730,TheToolbox,2,0.00083,239378,99.47267,240647
1731,thiagoarrais,2,0.00083,239380,99.47350,240647
1732,timlevett,2,0.00083,239382,99.47433,240647
1733,TimvdLippe,2,0.00083,239384,99.47516,240647
1734,TinyMan,2,0.00083,239386,99.47600,240647
1735,tjsail33,2,0.00083,239388,99.47683,240647
1736,tlhunter,2,0.00083,239390,99.47766,240647
1737,todd,2,0.00083,239392,99.47849,240647
1738,todesking,2,0.00083,239394,99.47932,240647
1739,tom-sherman,2,0.00083,239396,99.48015,240647
1740,tquerec,2,0.00083,239398,99.48098,240647
1741,trentm,2,0.00083,239400,99.48181,240647
1742,treymack,2,0.00083,239402,99.48264,240647
1743,tridium,2,0.00083,239404,99.48348,240647
1744,TSMMark,2,0.00083,239406,99.48431,240647
1745,Tvrqvoise,2,0.00083,239408,99.48514,240647
1746,tweksteen,2,0.00083,239410,99.48597,240647
1747,TylerBrock,2,0.00083,239412,99.48680,240647
1748,tylerwhall,2,0.00083,239414,99.48763,240647
1749,uhaciogullari,2,0.00083,239416,99.48846,240647
1750,unional,2,0.00083,239418,99.48929,240647
1751,vadimdemedes,2,0.00083,239420,99.49012,240647
1752,vanillajonathan,2,0.00083,239422,99.49096,240647
1753,vasiliyb,2,0.00083,239424,99.49179,240647
1754,vbraun,2,0.00083,239426,99.49262,240647
1755,vcsjones,2,0.00083,239428,99.49345,240647
1756,vdukhovni,2,0.00083,239430,99.49428,240647
1757,vergenzt,2,0.00083,239432,99.49511,240647
1758,vgoma,2,0.00083,239434,99.49594,240647
1759,vickychijwani,2,0.00083,239436,99.49677,240647
1760,vivmishra,2,0.00083,239438,99.49760,240647
1761,vkarpov15,2,0.00083,239440,99.49844,240647
1762,vladmos,2,0.00083,239442,99.49927,240647
1763,VladShcherbin,2,0.00083,239444,99.50010,240647
1764,voxpelli,2,0.00083,239446,99.50093,240647
1765,vvo,2,0.00083,239448,99.50176,240647
1766,wadahiro,2,0.00083,239450,99.50259,240647
1767,wayou,2,0.00083,239452,99.50342,240647
1768,Widdershin,2,0.00083,239454,99.50425,240647
1769,wikier,2,0.00083,239456,99.50508,240647
1770,willnorris,2,0.00083,239458,99.50592,240647
1771,wnvko,2,0.00083,239460,99.50675,240647
1772,wongmjane,2,0.00083,239462,99.50758,240647
1773,woollybogger,2,0.00083,239464,99.50841,240647
1774,wotbstars,2,0.00083,239466,99.50924,240647
1775,wraithgar,2,0.00083,239468,99.51007,240647
1776,xenoterracide,2,0.00083,239470,99.51090,240647
1777,yausername,2,0.00083,239472,99.51173,240647
1778,Yaxian,2,0.00083,239474,99.51256,240647
1779,ycmjason,2,0.00083,239476,99.51340,240647
1780,yoshuawuyts,2,0.00083,239478,99.51423,240647
1781,Youmoo,2,0.00083,239480,99.51506,240647
1782,Youssef1313,2,0.00083,239482,99.51589,240647
1783,ystarlongzi,2,0.00083,239484,99.51672,240647
1784,zackseuberling,2,0.00083,239486,99.51755,240647
1785,zdw,2,0.00083,239488,99.51838,240647
1786,zenglian,2,0.00083,239490,99.51921,240647
1787,zhenlan,2,0.00083,239492,99.52004,240647
1788,zhjwpku,2,0.00083,239494,99.52087,240647
1789,zzz6519003,2,0.00083,239496,99.52171,240647
1790,0x1mason,1,0.00042,239497,99.52212,240647
1791,0x326,1,0.00042,239498,99.52254,240647
1792,0xbaadf00d,1,0.00042,239499,99.52295,240647
1793,1071496910,1,0.00042,239500,99.52337,240647
1794,3flex,1,0.00042,239501,99.52378,240647
1795,4leem,1,0.00042,239502,99.52420,240647
1796,aakash2602,1,0.00042,239503,99.52461,240647
1797,aakoch,1,0.00042,239504,99.52503,240647
1798,aaronang,1,0.00042,239505,99.52545,240647
1799,AaronFriel,1,0.00042,239506,99.52586,240647
1800,Aboisier,1,0.00042,239507,99.52628,240647
1801,abraham,1,0.00042,239508,99.52669,240647
1802,acjay,1,0.00042,239509,99.52711,240647
1803,acroca,1,0.00042,239510,99.52752,240647
1804,adamgruber,1,0.00042,239511,99.52794,240647
1805,adamreeve,1,0.00042,239512,99.52835,240647
1806,adamvoss,1,0.00042,239513,99.52877,240647
1807,adelevie,1,0.00042,239514,99.52919,240647
1808,adeolabadmus,1,0.00042,239515,99.52960,240647
1809,admosity,1,0.00042,239516,99.53002,240647
1810,adwiii,1,0.00042,239517,99.53043,240647
1811,aeschright,1,0.00042,239518,99.53085,240647
1812,afeld,1,0.00042,239519,99.53126,240647
1813,AgentME,1,0.00042,239520,99.53168,240647
1814,aguynamedben,1,0.00042,239521,99.53209,240647
1815,ahmdsolmn,1,0.00042,239522,99.53251,240647
1816,ahmedsoliman92,1,0.00042,239523,99.53293,240647
1817,aifodu,1,0.00042,239524,99.53334,240647
1818,aigdonia,1,0.00042,239525,99.53376,240647
1819,Ajido,1,0.00042,239526,99.53417,240647
1820,akauppi,1,0.00042,239527,99.53459,240647
1821,akd-io,1,0.00042,239528,99.53500,240647
1822,akvamalin,1,0.00042,239529,99.53542,240647
1823,akx,1,0.00042,239530,99.53583,240647
1824,alansouzati,1,0.00042,239531,99.53625,240647
1825,alexandercerutti,1,0.00042,239532,99.53667,240647
1826,alexbokii,1,0.00042,239533,99.53708,240647
1827,alexilyaev,1,0.00042,239534,99.53750,240647
1828,alexmckenley,1,0.00042,239535,99.53791,240647
1829,alirezaafkar,1,0.00042,239536,99.53833,240647
1830,alistair23,1,0.00042,239537,99.53874,240647
1831,al-k21,1,0.00042,239538,99.53916,240647
1832,allanchau,1,0.00042,239539,99.53957,240647
1833,alopezsanchez,1,0.00042,239540,99.53999,240647
1834,alundiak,1,0.00042,239541,99.54041,240647
1835,amcdnl,1,0.00042,239542,99.54082,240647
1836,amiller-gh,1,0.00042,239543,99.54124,240647
1837,AMoreaux,1,0.00042,239544,99.54165,240647
1838,anchnk,1,0.00042,239545,99.54207,240647
1839,andrebsguedes,1,0.00042,239546,99.54248,240647
1840,AndreiRailean,1,0.00042,239547,99.54290,240647
1841,andrew,1,0.00042,239548,99.54331,240647
1842,AndrewKvalheim,1,0.00042,239549,99.54373,240647
1843,andrewnester,1,0.00042,239550,99.54415,240647
1844,andreybleme,1,0.00042,239551,99.54456,240647
1845,andriisoldatenko,1,0.00042,239552,99.54498,240647
1846,andschwa,1,0.00042,239553,99.54539,240647
1847,andyfeller,1,0.00042,239554,99.54581,240647
1848,andymc12,1,0.00042,239555,99.54622,240647
1849,angadgill92,1,0.00042,239556,99.54664,240647
1850,Anomen,1,0.00042,239557,99.54705,240647
1851,anotherpit,1,0.00042,239558,99.54747,240647
1852,anslzo,1,0.00042,239559,99.54789,240647
1853,antons,1,0.00042,239560,99.54830,240647
1854,anubhav25gupta,1,0.00042,239561,99.54872,240647
1855,anurse,1,0.00042,239562,99.54913,240647
1856,apirom9,1,0.00042,239563,99.54955,240647
1857,aplsek,1,0.00042,239564,99.54996,240647
1858,apsknight,1,0.00042,239565,99.55038,240647
1859,ApsOps,1,0.00042,239566,99.55079,240647
1860,arahansen,1,0.00042,239567,99.55121,240647
1861,araslanov,1,0.00042,239568,99.55163,240647
1862,Arhell,1,0.00042,239569,99.55204,240647
1863,aroget,1,0.00042,239570,99.55246,240647
1864,arosh,1,0.00042,239571,99.55287,240647
1865,arouel,1,0.00042,239572,99.55329,240647
1866,arthurschreiber,1,0.00042,239573,99.55370,240647
1867,arthurvr,1,0.00042,239574,99.55412,240647
1868,ArtsiomCh,1,0.00042,239575,99.55453,240647
1869,artywhite,1,0.00042,239576,99.55495,240647
1870,ashishpatelcs,1,0.00042,239577,99.55537,240647
1871,Asthetic,1,0.00042,239578,99.55578,240647
1872,AstraSerg,1,0.00042,239579,99.55620,240647
1873,atifaziz,1,0.00042,239580,99.55661,240647
1874,A-Tokyo,1,0.00042,239581,99.55703,240647
1875,atom-morgan,1,0.00042,239582,99.55744,240647
1876,attilah,1,0.00042,239583,99.55786,240647
1877,autowp,1,0.00042,239584,99.55827,240647
1878,avnersorek,1,0.00042,239585,99.55869,240647
1879,AVVS,1,0.00042,239586,99.55911,240647
1880,awiddersheim,1,0.00042,239587,99.55952,240647
1881,Awk34,1,0.00042,239588,99.55994,240647
1882,awlayton,1,0.00042,239589,99.56035,240647
1883,aymericbouzy,1,0.00042,239590,99.56077,240647
1884,Azert-Mark,1,0.00042,239591,99.56118,240647
1885,azhao12345,1,0.00042,239592,99.56160,240647
1886,baboquivari,1,0.00042,239593,99.56201,240647
1887,bakape,1,0.00042,239594,99.56243,240647
1888,bakorer,1,0.00042,239595,99.56285,240647
1889,balduncle,1,0.00042,239596,99.56326,240647
1890,bargemb,1,0.00042,239597,99.56368,240647
1891,baronswindle,1,0.00042,239598,99.56409,240647
1892,barrymichaeldoyle,1,0.00042,239599,99.56451,240647
1893,Baschdl,1,0.00042,239600,99.56492,240647
1894,bbodenmiller,1,0.00042,239601,99.56534,240647
1895,bdmason,1,0.00042,239602,99.56575,240647
1896,belugabehr,1,0.00042,239603,99.56617,240647
1897,benjaminhoffman,1,0.00042,239604,99.56659,240647
1898,benjamminj,1,0.00042,239605,99.56700,240647
1899,ben-manes,1,0.00042,239606,99.56742,240647
1900,benmccann,1,0.00042,239607,99.56783,240647
1901,benmoss,1,0.00042,239608,99.56825,240647
1902,bernard-leech,1,0.00042,239609,99.56866,240647
1903,BigAB,1,0.00042,239610,99.56908,240647
1904,biglovisa,1,0.00042,239611,99.56949,240647
1905,billytrend,1,0.00042,239612,99.56991,240647
1906,bisguzar,1,0.00042,239613,99.57032,240647
1907,blainesch,1,0.00042,239614,99.57074,240647
1908,blair,1,0.00042,239615,99.57116,240647
1909,Blaisorblade,1,0.00042,239616,99.57157,240647
1910,BloodShura,1,0.00042,239617,99.57199,240647
1911,bmwiedemann,1,0.00042,239618,99.57240,240647
1912,bnb,1,0.00042,239619,99.57282,240647
1913,bnorm,1,0.00042,239620,99.57323,240647
1914,bobintornado,1,0.00042,239621,99.57365,240647
1915,bodgit,1,0.00042,239622,99.57406,240647
1916,BoLaMN,1,0.00042,239623,99.57448,240647
1917,bontibon,1,0.00042,239624,99.57490,240647
1918,BookOfGreg,1,0.00042,239625,99.57531,240647
1919,BorodinDK,1,0.00042,239626,99.57573,240647
1920,botaberg,1,0.00042,239627,99.57614,240647
1921,bouk,1,0.00042,239628,99.57656,240647
1922,bpetex,1,0.00042,239629,99.57697,240647
1923,bploetz,1,0.00042,239630,99.57739,240647
1924,brandon-pereira,1,0.00042,239631,99.57780,240647
1925,brismuth,1,0.00042,239632,99.57822,240647
1926,brodybits,1,0.00042,239633,99.57864,240647
1927,bryanar,1,0.00042,239634,99.57905,240647
1928,brycecr,1,0.00042,239635,99.57947,240647
1929,bshannon,1,0.00042,239636,99.57988,240647
1930,btd,1,0.00042,239637,99.58030,240647
1931,buerkle,1,0.00042,239638,99.58071,240647
1932,bugknightyyp,1,0.00042,239639,99.58113,240647
1933,bugtype,1,0.00042,239640,99.58154,240647
1934,byr-gdp,1,0.00042,239641,99.58196,240647
1935,bz2,1,0.00042,239642,99.58238,240647
1936,C45tr0,1,0.00042,239643,99.58279,240647
1937,capaj,1,0.00042,239644,99.58321,240647
1938,Caravus,1,0.00042,239645,99.58362,240647
1939,cardamon,1,0.00042,239646,99.58404,240647
1940,carkod,1,0.00042,239647,99.58445,240647
1941,carolinacmoravia,1,0.00042,239648,99.58487,240647
1942,carterkozak,1,0.00042,239649,99.58528,240647
1943,caub,1,0.00042,239650,99.58570,240647
1944,cb372,1,0.00042,239651,99.58612,240647
1945,cbrianso,1,0.00042,239652,99.58653,240647
1946,cconroy,1,0.00042,239653,99.58695,240647
1947,cemeyer,1,0.00042,239654,99.58736,240647
1948,ceph3us,1,0.00042,239655,99.58778,240647
1949,cesarandreu,1,0.00042,239656,99.58819,240647
1950,cesarbs,1,0.00042,239657,99.58861,240647
1951,c-geek,1,0.00042,239658,99.58902,240647
1952,ChaitanyaPramod,1,0.00042,239659,99.58944,240647
1953,chaseadamsio,1,0.00042,239660,99.58986,240647
1954,Chen-Gang,1,0.00042,239661,99.59027,240647
1955,chengkungui,1,0.00042,239662,99.59069,240647
1956,chengluyu,1,0.00042,239663,99.59110,240647
1957,chienkira,1,0.00042,239664,99.59152,240647
1958,chinhodado,1,0.00042,239665,99.59193,240647
1959,chmelevskij,1,0.00042,239666,99.59235,240647
1960,chris13524,1,0.00042,239667,99.59276,240647
1961,chrisalbrecht,1,0.00042,239668,99.59318,240647
1962,Chrisboh,1,0.00042,239669,99.59360,240647
1963,chrisbolin,1,0.00042,239670,99.59401,240647
1964,chriscartlidge,1,0.00042,239671,99.59443,240647
1965,chrisgavin,1,0.00042,239672,99.59484,240647
1966,chrisprice,1,0.00042,239673,99.59526,240647
1967,chrisrpatterson,1,0.00042,239674,99.59567,240647
1968,ChristianSchwarz,1,0.00042,239675,99.59609,240647
1969,ChristopherDavenport,1,0.00042,239676,99.59650,240647
1970,christophetd,1,0.00042,239677,99.59692,240647
1971,chtseac,1,0.00042,239678,99.59734,240647
1972,chulkilee,1,0.00042,239679,99.59775,240647
1973,ciceropablo,1,0.00042,239680,99.59817,240647
1974,cjpillsbury,1,0.00042,239681,99.59858,240647
1975,ckuhn,1,0.00042,239682,99.59900,240647
1976,claylo,1,0.00042,239683,99.59941,240647
1977,cleitonmendonca,1,0.00042,239684,99.59983,240647
1978,cloojure,1,0.00042,239685,99.60024,240647
1979,cmatheson,1,0.00042,239686,99.60066,240647
1980,codef0rmer,1,0.00042,239687,99.60108,240647
1981,coderbyheart,1,0.00042,239688,99.60149,240647
1982,CodingFabian,1,0.00042,239689,99.60191,240647
1983,codingsince1985,1,0.00042,239690,99.60232,240647
1984,codyj110,1,0.00042,239691,99.60274,240647
1985,colltoaction,1,0.00042,239692,99.60315,240647
1986,compulim,1,0.00042,239693,99.60357,240647
1987,conartist6,1,0.00042,239694,99.60398,240647
1988,ConnorMcF,1,0.00042,239695,99.60440,240647
1989,ConradIrwin,1,0.00042,239696,99.60482,240647
1990,CoolCoderTony,1,0.00042,239697,99.60523,240647
1991,coreh,1,0.00042,239698,99.60565,240647
1992,cortopy,1,0.00042,239699,99.60606,240647
1993,coryasilva,1,0.00042,239700,99.60648,240647
1994,cowwoc,1,0.00042,239701,99.60689,240647
1995,cpillsbury,1,0.00042,239702,99.60731,240647
1996,cravler,1,0.00042,239703,99.60772,240647
1997,CRC-Mismatch,1,0.00042,239704,99.60814,240647
1998,crhistianramirez,1,0.00042,239705,99.60856,240647
1999,csimplestring,1,0.00042,239706,99.60897,240647
2000,Cslove,1,0.00042,239707,99.60939,240647
2001,culmat,1,0.00042,239708,99.60980,240647
2002,CWSpear,1,0.00042,239709,99.61022,240647
2003,daevidpreis,1,0.00042,239710,99.61063,240647
2004,dahim2006,1,0.00042,239711,99.61105,240647
2005,daniel347x,1,0.00042,239712,99.61146,240647
2006,danielmachado,1,0.00042,239713,99.61188,240647
2007,DanielMSchmidt,1,0.00042,239714,99.61230,240647
2008,danielnorberg,1,0.00042,239715,99.61271,240647
2009,danielpowell4,1,0.00042,239716,99.61313,240647
2010,das-peter,1,0.00042,239717,99.61354,240647
2011,davidfurlong,1,0.00042,239718,99.61396,240647
2012,DavidHe1127,1,0.00042,239719,99.61437,240647
2013,davidpatrick,1,0.00042,239720,99.61479,240647
2014,DavidTPate,1,0.00042,239721,99.61520,240647
2015,davlloyd,1,0.00042,239722,99.61562,240647
2016,dbkr,1,0.00042,239723,99.61604,240647
2017,dbrugne,1,0.00042,239724,99.61645,240647
2018,dcbrwn,1,0.00042,239725,99.61687,240647
2019,dcworldwide,1,0.00042,239726,99.61728,240647
2020,DDRBoxman,1,0.00042,239727,99.61770,240647
2021,debajitr,1,0.00042,239728,99.61811,240647
2022,debudda,1,0.00042,239729,99.61853,240647
2023,deepakpathania,1,0.00042,239730,99.61894,240647
2024,demoneaux,1,0.00042,239731,99.61936,240647
2025,den314,1,0.00042,239732,99.61978,240647
2026,d-e-s-o,1,0.00042,239733,99.62019,240647
2027,devknoll,1,0.00042,239734,99.62061,240647
2028,devlance,1,0.00042,239735,99.62102,240647
2029,devonharvey,1,0.00042,239736,99.62144,240647
2030,deyboy90,1,0.00042,239737,99.62185,240647
2031,dgrcode,1,0.00042,239738,99.62227,240647
2032,diamondo25,1,0.00042,239739,99.62268,240647
2033,dimas,1,0.00042,239740,99.62310,240647
2034,divjotsinghnanda,1,0.00042,239741,99.62351,240647
2035,djchie,1,0.00042,239742,99.62393,240647
2036,djulien,1,0.00042,239743,99.62435,240647
2037,dlazerka,1,0.00042,239744,99.62476,240647
2038,dlindenkreuz,1,0.00042,239745,99.62518,240647
2039,dmap,1,0.00042,239746,99.62559,240647
2040,dmin,1,0.00042,239747,99.62601,240647
2041,domenic,1,0.00042,239748,99.62642,240647
2042,dominicbarnes,1,0.00042,239749,99.62684,240647
2043,donaldchai,1,0.00042,239750,99.62725,240647
2044,donroyco,1,0.00042,239751,99.62767,240647
2045,dotchev,1,0.00042,239752,99.62809,240647
2046,dperezde,1,0.00042,239753,99.62850,240647
2047,dprotaso,1,0.00042,239754,99.62892,240647
2048,dpursehouse,1,0.00042,239755,99.62933,240647
2049,drajakumar,1,0.00042,239756,99.62975,240647
2050,drcapulet,1,0.00042,239757,99.63016,240647
2051,DreaminginCodeZH,1,0.00042,239758,99.63058,240647
2052,drew-moore,1,0.00042,239759,99.63099,240647
2053,drichard,1,0.00042,239760,99.63141,240647
2054,driverpt,1,0.00042,239761,99.63183,240647
2055,ds300,1,0.00042,239762,99.63224,240647
2056,dtgoitia,1,0.00042,239763,99.63266,240647
2057,dtothefp,1,0.00042,239764,99.63307,240647
2058,dtslvr,1,0.00042,239765,99.63349,240647
2059,dunglas,1,0.00042,239766,99.63390,240647
2060,DustinCampbell,1,0.00042,239767,99.63432,240647
2061,DWand,1,0.00042,239768,99.63473,240647
2062,ecki,1,0.00042,239769,99.63515,240647
2063,eclipsewebmaster,1,0.00042,239770,99.63557,240647
2064,EddyVerbruggen,1,0.00042,239771,99.63598,240647
2065,edi9999,1,0.00042,239772,99.63640,240647
2066,edify42,1,0.00042,239773,99.63681,240647
2067,edmBernard,1,0.00042,239774,99.63723,240647
2068,edorivai,1,0.00042,239775,99.63764,240647
2069,eduardbadillo,1,0.00042,239776,99.63806,240647
2070,edusperoni,1,0.00042,239777,99.63847,240647
2071,EgidioCaprino,1,0.00042,239778,99.63889,240647
2072,ehtb,1,0.00042,239779,99.63931,240647
2073,ekevoo,1,0.00042,239780,99.63972,240647
2074,ekmartin,1,0.00042,239781,99.64014,240647
2075,eleumik,1,0.00042,239782,99.64055,240647
2076,ElForastero,1,0.00042,239783,99.64097,240647
2077,elliott-davis,1,0.00042,239784,99.64138,240647
2078,elliottsj,1,0.00042,239785,99.64180,240647
2079,emmanuelbernard,1,0.00042,239786,99.64221,240647
2080,enaqx,1,0.00042,239787,99.64263,240647
2081,Eomm,1,0.00042,239788,99.64305,240647
2082,epelc,1,0.00042,239789,99.64346,240647
2083,epicfaace,1,0.00042,239790,99.64388,240647
2084,er1c,1,0.00042,239791,99.64429,240647
2085,erf,1,0.00042,239792,99.64471,240647
2086,ericyang89,1,0.00042,239793,99.64512,240647
2087,erikbern,1,0.00042,239794,99.64554,240647
2088,esiegel,1,0.00042,239795,99.64595,240647
2089,estaub,1,0.00042,239796,99.64637,240647
2090,estrada9166,1,0.00042,239797,99.64679,240647
2091,eugeneotto,1,0.00042,239798,99.64720,240647
2092,eugenesmlv,1,0.00042,239799,99.64762,240647
2093,evanlucas,1,0.00042,239800,99.64803,240647
2094,evanshortiss,1,0.00042,239801,99.64845,240647
2095,eventualbuddha,1,0.00042,239802,99.64886,240647
2096,evolvah,1,0.00042,239803,99.64928,240647
2097,fabdouglas,1,0.00042,239804,99.64969,240647
2098,faridfor,1,0.00042,239805,99.65011,240647
2099,farnabaz,1,0.00042,239806,99.65053,240647
2100,farrago,1,0.00042,239807,99.65094,240647
2101,fearphage,1,0.00042,239808,99.65136,240647
2102,felixbuenemann,1,0.00042,239809,99.65177,240647
2103,felixfbecker,1,0.00042,239810,99.65219,240647
2104,finnigantime,1,0.00042,239811,99.65260,240647
2105,fiznool,1,0.00042,239812,99.65302,240647
2106,fkgozali,1,0.00042,239813,99.65343,240647
2107,flotwig,1,0.00042,239814,99.65385,240647
2108,flozano,1,0.00042,239815,99.65427,240647
2109,flut1,1,0.00042,239816,99.65468,240647
2110,forresst,1,0.00042,239817,99.65510,240647
2111,forsberg,1,0.00042,239818,99.65551,240647
2112,fourcube,1,0.00042,239819,99.65593,240647
2113,FourwingsY,1,0.00042,239820,99.65634,240647
2114,frangio,1,0.00042,239821,99.65676,240647
2115,frankier,1,0.00042,239822,99.65717,240647
2116,FrankPeschel-Gallee,1,0.00042,239823,99.65759,240647
2117,frederikbosch,1,0.00042,239824,99.65801,240647
2118,fregante,1,0.00042,239825,99.65842,240647
2119,frewsxcv,1,0.00042,239826,99.65884,240647
2120,fritx,1,0.00042,239827,99.65925,240647
2121,frob,1,0.00042,239828,99.65967,240647
2122,frystpingvin,1,0.00042,239829,99.66008,240647
2123,fureweb-com,1,0.00042,239830,99.66050,240647
2124,gabegorelick,1,0.00042,239831,99.66091,240647
2125,gabelevi,1,0.00042,239832,99.66133,240647
2126,gaplo917,1,0.00042,239833,99.66175,240647
2127,garrypolley,1,0.00042,239834,99.66216,240647
2128,garthk,1,0.00042,239835,99.66258,240647
2129,garyiwu,1,0.00042,239836,99.66299,240647
2130,Gary-Zh,1,0.00042,239837,99.66341,240647
2131,gcangussu,1,0.00042,239838,99.66382,240647
2132,geek,1,0.00042,239839,99.66424,240647
2133,gentoo90,1,0.00042,239840,99.66465,240647
2134,geobde,1,0.00042,239841,99.66507,240647
2135,ge-o-rg,1,0.00042,239842,99.66549,240647
2136,GeorgeGkas,1,0.00042,239843,99.66590,240647
2137,george-ranjan,1,0.00042,239844,99.66632,240647
2138,geraldolsribeiro,1,0.00042,239845,99.66673,240647
2139,gesellix,1,0.00042,239846,99.66715,240647
2140,getkey,1,0.00042,239847,99.66756,240647
2141,gfx,1,0.00042,239848,99.66798,240647
2142,ghandhikus,1,0.00042,239849,99.66839,240647
2143,GianlucaGuarini,1,0.00042,239850,99.66881,240647
2144,gildean,1,0.00042,239851,99.66923,240647
2145,gitlabbin,1,0.00042,239852,99.66964,240647
2146,gj,1,0.00042,239853,99.67006,240647
2147,Glavin001,1,0.00042,239854,99.67047,240647
2148,glena,1,0.00042,239855,99.67089,240647
2149,glensc,1,0.00042,239856,99.67130,240647
2150,Globegitter,1,0.00042,239857,99.67172,240647
2151,golear91,1,0.00042,239858,99.67213,240647
2152,goleary,1,0.00042,239859,99.67255,240647
2153,Gommorach,1,0.00042,239860,99.67296,240647
2154,gonzojive,1,0.00042,239861,99.67338,240647
2155,gouch,1,0.00042,239862,99.67380,240647
2156,grantcarthew,1,0.00042,239863,99.67421,240647
2157,greatjack1,1,0.00042,239864,99.67463,240647
2158,grooverdan,1,0.00042,239865,99.67504,240647
2159,gugu,1,0.00042,239866,99.67546,240647
2160,guptasourabh,1,0.00042,239867,99.67587,240647
2161,gustavomazzoni,1,0.00042,239868,99.67629,240647
2162,gutsytechster,1,0.00042,239869,99.67670,240647
2163,gwhenne,1,0.00042,239870,99.67712,240647
2164,gyandeeps,1,0.00042,239871,99.67754,240647
2165,GyrosGeier,1,0.00042,239872,99.67795,240647
2166,haf,1,0.00042,239873,99.67837,240647
2167,HakurouKen,1,0.00042,239874,99.67878,240647
2168,handrews,1,0.00042,239875,99.67920,240647
2169,harriha,1,0.00042,239876,99.67961,240647
2170,haskellcamargo,1,0.00042,239877,99.68003,240647
2171,Hawkeye1909,1,0.00042,239878,99.68044,240647
2172,hayawata3626,1,0.00042,239879,99.68086,240647
2173,hboutemy,1,0.00042,239880,99.68128,240647
2174,h-des,1,0.00042,239881,99.68169,240647
2175,hedgepigdaniel,1,0.00042,239882,99.68211,240647
2176,heidid,1,0.00042,239883,99.68252,240647
2177,hekike,1,0.00042,239884,99.68294,240647
2178,heloflier,1,0.00042,239885,99.68335,240647
2179,hessmjr,1,0.00042,239886,99.68377,240647
2180,heyamykate,1,0.00042,239887,99.68418,240647
2181,heygrady,1,0.00042,239888,99.68460,240647
2182,hiyosi,1,0.00042,239889,99.68502,240647
2183,hmarr,1,0.00042,239890,99.68543,240647
2184,hmble,1,0.00042,239891,99.68585,240647
2185,holm,1,0.00042,239892,99.68626,240647
2186,hoobdeebla,1,0.00042,239893,99.68668,240647
2187,Hookyns,1,0.00042,239894,99.68709,240647
2188,hoyMS,1,0.00042,239895,99.68751,240647
2189,hozefaj,1,0.00042,239896,99.68792,240647
2190,hqzxzwb,1,0.00042,239897,99.68834,240647
2191,Huachao,1,0.00042,239898,99.68876,240647
2192,HurricaneJames,1,0.00042,239899,99.68917,240647
2193,huxi,1,0.00042,239900,99.68959,240647
2194,Hypercubed,1,0.00042,239901,99.69000,240647
2195,iamakulov,1,0.00042,239902,99.69042,240647
2196,iam-merlin,1,0.00042,239903,99.69083,240647
2197,iamplugged,1,0.00042,239904,99.69125,240647
2198,ianstormtaylor,1,0.00042,239905,99.69166,240647
2199,iarna,1,0.00042,239906,99.69208,240647
2200,ibrahimpg,1,0.00042,239907,99.69250,240647
2201,idangozlan,1,0.00042,239908,99.69291,240647
2202,iDemonix,1,0.00042,239909,99.69333,240647
2203,idirouhab,1,0.00042,239910,99.69374,240647
2204,idmontie,1,0.00042,239911,99.69416,240647
2205,ignacioiglesias,1,0.00042,239912,99.69457,240647
2206,igncp,1,0.00042,239913,99.69499,240647
2207,IgorMiller,1,0.00042,239914,99.69540,240647
2208,igor-savin-ht,1,0.00042,239915,99.69582,240647
2209,ilgrosso,1,0.00042,239916,99.69624,240647
2210,ilyapx,1,0.00042,239917,99.69665,240647
2211,imdevin567,1,0.00042,239918,99.69707,240647
2212,imysak,1,0.00042,239919,99.69748,240647
2213,infused,1,0.00042,239920,99.69790,240647
2214,Iniesta8,1,0.00042,239921,99.69831,240647
2215,inikulin,1,0.00042,239922,99.69873,240647
2216,insfrag,1,0.00042,239923,99.69914,240647
2217,inversion,1,0.00042,239924,99.69956,240647
2218,io7m,1,0.00042,239925,99.69998,240647
2219,ipolevoy,1,0.00042,239926,99.70039,240647
2220,isabellatea,1,0.00042,239927,99.70081,240647
2221,ismamz,1,0.00042,239928,99.70122,240647
2222,isTravis,1,0.00042,239929,99.70164,240647
2223,ITonyLi,1,0.00042,239930,99.70205,240647
2224,IvanGoncharov,1,0.00042,239931,99.70247,240647
2225,Ivan-Kalatchev,1,0.00042,239932,99.70288,240647
2226,IvanVergiliev,1,0.00042,239933,99.70330,240647
2227,IVLIU,1,0.00042,239934,99.70372,240647
2228,ixalon,1,0.00042,239935,99.70413,240647
2229,j14s,1,0.00042,239936,99.70455,240647
2230,jack4it,1,0.00042,239937,99.70496,240647
2231,jackspaniel,1,0.00042,239938,99.70538,240647
2232,JackuB,1,0.00042,239939,99.70579,240647
2233,jackwanders,1,0.00042,239940,99.70621,240647
2234,jacopofar,1,0.00042,239941,99.70662,240647
2235,jakemingolla,1,0.00042,239942,99.70704,240647
2236,jakepetroules,1,0.00042,239943,99.70746,240647
2237,JaKXz,1,0.00042,239944,99.70787,240647
2238,jamesevickery,1,0.00042,239945,99.70829,240647
2239,jamesr73,1,0.00042,239946,99.70870,240647
2240,jamiebuilds,1,0.00042,239947,99.70912,240647
2241,jamischarles,1,0.00042,239948,99.70953,240647
2242,janaagaard75,1,0.00042,239949,99.70995,240647
2243,janderudder,1,0.00042,239950,99.71036,240647
2244,jankal,1,0.00042,239951,99.71078,240647
2245,JanMalch,1,0.00042,239952,99.71120,240647
2246,Janpot,1,0.00042,239953,99.71161,240647
2247,japgolly,1,0.00042,239954,99.71203,240647
2248,jardilio,1,0.00042,239955,99.71244,240647
2249,jaredcnance,1,0.00042,239956,99.71286,240647
2250,Jared-Dev,1,0.00042,239957,99.71327,240647
2251,jaredsuttles,1,0.00042,239958,99.71369,240647
2252,jareware,1,0.00042,239959,99.71410,240647
2253,jasonclinx,1,0.00042,239960,99.71452,240647
2254,jaspermdegroot,1,0.00042,239961,99.71494,240647
2255,jaubourg,1,0.00042,239962,99.71535,240647
2256,javabrett,1,0.00042,239963,99.71577,240647
2257,javespi,1,0.00042,239964,99.71618,240647
2258,jawn,1,0.00042,239965,99.71660,240647
2259,JaysonRaymond,1,0.00042,239966,99.71701,240647
2260,jbleduigou,1,0.00042,239967,99.71743,240647
2261,jbonta,1,0.00042,239968,99.71784,240647
2262,jcdickinson,1,0.00042,239969,99.71826,240647
2263,jcruz2us,1,0.00042,239970,99.71868,240647
2264,jde1,1,0.00042,239971,99.71909,240647
2265,jden,1,0.00042,239972,99.71951,240647
2266,jdreesen,1,0.00042,239973,99.71992,240647
2267,jdspugh,1,0.00042,239974,99.72034,240647
2268,jeffbski,1,0.00042,239975,99.72075,240647
2269,jeffmahoney,1,0.00042,239976,99.72117,240647
2270,jeffrey4l,1,0.00042,239977,99.72158,240647
2271,jehadja,1,0.00042,239978,99.72200,240647
2272,jennifer-shehane,1,0.00042,239979,99.72241,240647
2273,jensenbox,1,0.00042,239980,99.72283,240647
2274,jeremy-w,1,0.00042,239981,99.72325,240647
2275,jessica-dl,1,0.00042,239982,99.72366,240647
2276,jf17,1,0.00042,239983,99.72408,240647
2277,jfairbank,1,0.00042,239984,99.72449,240647
2278,jharris4,1,0.00042,239985,99.72491,240647
2279,jhickson,1,0.00042,239986,99.72532,240647
2280,jimbrowne,1,0.00042,239987,99.72574,240647
2281,jiria,1,0.00042,239988,99.72615,240647
2282,JitixPhotobox,1,0.00042,239989,99.72657,240647
2283,jldec,1,0.00042,239990,99.72699,240647
2284,jlongster,1,0.00042,239991,99.72740,240647
2285,jmg87,1,0.00042,239992,99.72782,240647
2286,jmsv,1,0.00042,239993,99.72823,240647
2287,jmthibault79,1,0.00042,239994,99.72865,240647
2288,jmventura,1,0.00042,239995,99.72906,240647
2289,joefraley,1,0.00042,239996,99.72948,240647
2290,joelgallant,1,0.00042,239997,99.72989,240647
2291,joelittlejohn,1,0.00042,239998,99.73031,240647
2292,joepie91,1,0.00042,239999,99.73073,240647
2293,joestein,1,0.00042,240000,99.73114,240647
2294,JoeZheng2015,1,0.00042,240001,99.73156,240647
2295,johanneswuerbach,1,0.00042,240002,99.73197,240647
2296,JohnAlbin,1,0.00042,240003,99.73239,240647
2297,johnjelinek,1,0.00042,240004,99.73280,240647
2298,johnlinp,1,0.00042,240005,99.73322,240647
2299,Jokero,1,0.00042,240006,99.73363,240647
2300,jomeier,1,0.00042,240007,99.73405,240647
2301,jondubois,1,0.00042,240008,99.73447,240647
2302,jonekdahl,1,0.00042,240009,99.73488,240647
2303,jonganc,1,0.00042,240010,99.73530,240647
2304,JonnyIncognito,1,0.00042,240011,99.73571,240647
2305,joordas,1,0.00042,240012,99.73613,240647
2306,jordanhendricks,1,0.00042,240013,99.73654,240647
2307,joschi,1,0.00042,240014,99.73696,240647
2308,Jose-CF,1,0.00042,240015,99.73737,240647
2309,josecolella,1,0.00042,240016,99.73779,240647
2310,JosephAmalfitanoSSA,1,0.00042,240017,99.73821,240647
2311,josephlbarnett,1,0.00042,240018,99.73862,240647
2312,joshk,1,0.00042,240019,99.73904,240647
2313,joshuago,1,0.00042,240020,99.73945,240647
2314,joshunger,1,0.00042,240021,99.73987,240647
2315,joshushua,1,0.00042,240022,99.74028,240647
2316,josiasmontag,1,0.00042,240023,99.74070,240647
2317,joymufeng,1,0.00042,240024,99.74111,240647
2318,jparise,1,0.00042,240025,99.74153,240647
2319,jpaugh,1,0.00042,240026,99.74195,240647
2320,jpiccari,1,0.00042,240027,99.74236,240647
2321,jpierson,1,0.00042,240028,99.74278,240647
2322,jpoon,1,0.00042,240029,99.74319,240647
2323,jramosf,1,0.00042,240030,99.74361,240647
2324,jrtom,1,0.00042,240031,99.74402,240647
2325,jsamr,1,0.00042,240032,99.74444,240647
2326,jsdevel,1,0.00042,240033,99.74485,240647
2327,jsha,1,0.00042,240034,99.74527,240647
2328,jsonmaur,1,0.00042,240035,99.74569,240647
2329,jstoja,1,0.00042,240036,99.74610,240647
2330,jstrutz,1,0.00042,240037,99.74652,240647
2331,jsumners,1,0.00042,240038,99.74693,240647
2332,jtattermusch,1,0.00042,240039,99.74735,240647
2333,JuanjoSalvador,1,0.00042,240040,99.74776,240647
2334,juanpablo-santos,1,0.00042,240041,99.74818,240647
2335,junajan,1,0.00042,240042,99.74859,240647
2336,junosuarez,1,0.00042,240043,99.74901,240647
2337,justinmchase,1,0.00042,240044,99.74943,240647
2338,JustinRChou,1,0.00042,240045,99.74984,240647
2339,JustinTRoss,1,0.00042,240046,99.75026,240647
2340,jvican,1,0.00042,240047,99.75067,240647
2341,jviotti,1,0.00042,240048,99.75109,240647
2342,jwcarman,1,0.00042,240049,99.75150,240647
2343,jwKimo,1,0.00042,240050,99.75192,240647
2344,jysoo,1,0.00042,240051,99.75233,240647
2345,jyterencekim,1,0.00042,240052,99.75275,240647
2346,jzischkau,1,0.00042,240053,99.75317,240647
2347,Kamshak,1,0.00042,240054,99.75358,240647
2348,kandros,1,0.00042,240055,99.75400,240647
2349,karataev,1,0.00042,240056,99.75441,240647
2350,kassens,1,0.00042,240057,99.75483,240647
2351,kasunt84,1,0.00042,240058,99.75524,240647
2352,kazssym,1,0.00042,240059,99.75566,240647
2353,kazuki229,1,0.00042,240060,99.75607,240647
2354,kbariotis,1,0.00042,240061,99.75649,240647
2355,keinkonzept,1,0.00042,240062,99.75691,240647
2356,kellyrmilligan,1,0.00042,240063,99.75732,240647
2357,kenperkins,1,0.00042,240064,99.75774,240647
2358,kevinmost,1,0.00042,240065,99.75815,240647
2359,keyten,1,0.00042,240066,99.75857,240647
2360,kilianc,1,0.00042,240067,99.75898,240647
2361,KillWolfVlad,1,0.00042,240068,99.75940,240647
2362,KindDragon,1,0.00042,240069,99.75981,240647
2363,kira1928,1,0.00042,240070,99.76023,240647
2364,kjivan,1,0.00042,240071,99.76065,240647
2365,klamping,1,0.00042,240072,99.76106,240647
2366,klausbayrhammer,1,0.00042,240073,99.76148,240647
2367,klippx,1,0.00042,240074,99.76189,240647
2368,Kmaschta,1,0.00042,240075,99.76231,240647
2369,knjk04,1,0.00042,240076,99.76272,240647
2370,knpwrs,1,0.00042,240077,99.76314,240647
2371,kobayashi,1,0.00042,240078,99.76355,240647
2372,koistya,1,0.00042,240079,99.76397,240647
2373,KonstaL,1,0.00042,240080,99.76439,240647
2374,kopylovvlad,1,0.00042,240081,99.76480,240647
2375,koto,1,0.00042,240082,99.76522,240647
2376,krenor,1,0.00042,240083,99.76563,240647
2377,KristofMorva,1,0.00042,240084,99.76605,240647
2378,kroeckx,1,0.00042,240085,99.76646,240647
2379,krotscheck,1,0.00042,240086,99.76688,240647
2380,krzywiecki,1,0.00042,240087,99.76729,240647
2381,kshetline,1,0.00042,240088,99.76771,240647
2382,KSXGitHub,1,0.00042,240089,99.76813,240647
2383,kukat,1,0.00042,240090,99.76854,240647
2384,Kundan28,1,0.00042,240091,99.76896,240647
2385,kusold,1,0.00042,240092,99.76937,240647
2386,laggingreflex,1,0.00042,240093,99.76979,240647
2387,lamby,1,0.00042,240094,99.77020,240647
2388,Lange,1,0.00042,240095,99.77062,240647
2389,larrywest42,1,0.00042,240096,99.77103,240647
2390,laurentgoudet,1,0.00042,240097,99.77145,240647
2391,laurio,1,0.00042,240098,99.77187,240647
2392,lbogdan,1,0.00042,240099,99.77228,240647
2393,lehni,1,0.00042,240100,99.77270,240647
2394,lenisha,1,0.00042,240101,99.77311,240647
2395,lenovouser,1,0.00042,240102,99.77353,240647
2396,LeoColomb,1,0.00042,240103,99.77394,240647
2397,lersek,1,0.00042,240104,99.77436,240647
2398,leventov,1,0.00042,240105,99.77477,240647
2399,levibotelho,1,0.00042,240106,99.77519,240647
2400,lewurm,1,0.00042,240107,99.77560,240647
2401,lfaraone,1,0.00042,240108,99.77602,240647
2402,lionello,1,0.00042,240109,99.77644,240647
2403,liuhelen10,1,0.00042,240110,99.77685,240647
2404,LKI,1,0.00042,240111,99.77727,240647
2405,lm1,1,0.00042,240112,99.77768,240647
2406,loilo,1,0.00042,240113,99.77810,240647
2407,Lokua,1,0.00042,240114,99.77851,240647
2408,lopezcjf,1,0.00042,240115,99.77893,240647
2409,lorenzph,1,0.00042,240116,99.77934,240647
2410,lrlna,1,0.00042,240117,99.77976,240647
2411,ls-guillaume-rebesche,1,0.00042,240118,99.78018,240647
2412,LTMenezes,1,0.00042,240119,99.78059,240647
2413,lucalas,1,0.00042,240120,99.78101,240647
2414,luciferous,1,0.00042,240121,99.78142,240647
2415,luhenry,1,0.00042,240122,99.78184,240647
2416,lukecwik,1,0.00042,240123,99.78225,240647
2417,luohao-brian,1,0.00042,240124,99.78267,240647
2418,lusarz,1,0.00042,240125,99.78308,240647
2419,Lusitaniae,1,0.00042,240126,99.78350,240647
2420,lydell,1,0.00042,240127,99.78392,240647
2421,lyzahn2,1,0.00042,240128,99.78433,240647
2422,m1guelpf,1,0.00042,240129,99.78475,240647
2423,m59peacemaker,1,0.00042,240130,99.78516,240647
2424,magicdawn,1,0.00042,240131,99.78558,240647
2425,magro,1,0.00042,240132,99.78599,240647
2426,maks-rafalko,1,0.00042,240133,99.78641,240647
2427,malthejorgensen,1,0.00042,240134,99.78682,240647
2428,malud,1,0.00042,240135,99.78724,240647
2429,Mamboleoo,1,0.00042,240136,99.78766,240647
2430,ManoelLobo,1,0.00042,240137,99.78807,240647
2431,manospasj,1,0.00042,240138,99.78849,240647
2432,manrueda,1,0.00042,240139,99.78890,240647
2433,manuelkollus,1,0.00042,240140,99.78932,240647
2434,marado,1,0.00042,240141,99.78973,240647
2435,MarcelGerber,1,0.00042,240142,99.79015,240647
2436,marceloverdijk,1,0.00042,240143,99.79056,240647
2437,marciovicente,1,0.00042,240144,99.79098,240647
2438,marclipovsky,1,0.00042,240145,99.79140,240647
2439,Marcono1234,1,0.00042,240146,99.79181,240647
2440,marcust,1,0.00042,240147,99.79223,240647
2441,marcuswhybrow,1,0.00042,240148,99.79264,240647
2442,marcysutton,1,0.00042,240149,99.79306,240647
2443,marklagendijk,1,0.00042,240150,99.79347,240647
2444,mark-rushakoff,1,0.00042,240151,99.79389,240647
2445,marlon360,1,0.00042,240152,99.79430,240647
2446,marshall007,1,0.00042,240153,99.79472,240647
2447,MartinKamenov,1,0.00042,240154,99.79514,240647
2448,Maskedman99,1,0.00042,240155,99.79555,240647
2449,masterots,1,0.00042,240156,99.79597,240647
2450,matanlurey,1,0.00042,240157,99.79638,240647
2451,mattbdean,1,0.00042,240158,99.79680,240647
2452,matthauck,1,0.00042,240159,99.79721,240647
2453,matthewayne,1,0.00042,240160,99.79763,240647
2454,matthewcm,1,0.00042,240161,99.79804,240647
2455,matthewloring,1,0.00042,240162,99.79846,240647
2456,MattMcFarland,1,0.00042,240163,99.79888,240647
2457,mattnelson,1,0.00042,240164,99.79929,240647
2458,maxd,1,0.00042,240165,99.79971,240647
2459,MaximRouiller,1,0.00042,240166,99.80012,240647
2460,Mazuh,1,0.00042,240167,99.80054,240647
2461,mbeaudru,1,0.00042,240168,99.80095,240647
2462,mborst,1,0.00042,240169,99.80137,240647
2463,MCAxiaz,1,0.00042,240170,99.80178,240647
2464,mciezadlo,1,0.00042,240171,99.80220,240647
2465,mdonoughe,1,0.00042,240172,99.80262,240647
2466,mduu,1,0.00042,240173,99.80303,240647
2467,meatlewis,1,0.00042,240174,99.80345,240647
2468,medikoo,1,0.00042,240175,99.80386,240647
2469,melquiadess,1,0.00042,240176,99.80428,240647
2470,mesaugat,1,0.00042,240177,99.80469,240647
2471,mgorabbani,1,0.00042,240178,99.80511,240647
2472,mhils,1,0.00042,240179,99.80552,240647
2473,micha149,1,0.00042,240180,99.80594,240647
2474,michaelbjames,1,0.00042,240181,99.80636,240647
2475,MichaelDeBoey,1,0.00042,240182,99.80677,240647
2476,michaeljota,1,0.00042,240183,99.80719,240647
2477,michaelsavich,1,0.00042,240184,99.80760,240647
2478,MichaHoffmann,1,0.00042,240185,99.80802,240647
2479,Mickael-van-der-Beek,1,0.00042,240186,99.80843,240647
2480,micmro,1,0.00042,240187,99.80885,240647
2481,Micua,1,0.00042,240188,99.80926,240647
2482,migueldeicaza,1,0.00042,240189,99.80968,240647
2483,migueloller,1,0.00042,240190,99.81010,240647
2484,Miha-x64,1,0.00042,240191,99.81051,240647
2485,mikemaccana,1,0.00042,240192,99.81093,240647
2486,mike-marcacci,1,0.00042,240193,99.81134,240647
2487,mikhailshilkov,1,0.00042,240194,99.81176,240647
2488,Minilfat,1,0.00042,240195,99.81217,240647
2489,mirroredge,1,0.00042,240196,99.81259,240647
2490,mjw56,1,0.00042,240197,99.81300,240647
2491,mkantor,1,0.00042,240198,99.81342,240647
2492,mklement0,1,0.00042,240199,99.81384,240647
2493,mleibman,1,0.00042,240200,99.81425,240647
2494,mmedal,1,0.00042,240201,99.81467,240647
2495,mnpenner,1,0.00042,240202,99.81508,240647
2496,mofr,1,0.00042,240203,99.81550,240647
2497,mohamed-ismat,1,0.00042,240204,99.81591,240647
2498,moismat,1,0.00042,240205,99.81633,240647
2499,monkeym4ster,1,0.00042,240206,99.81674,240647
2500,mook-as,1,0.00042,240207,99.81716,240647
2501,morissette,1,0.00042,240208,99.81758,240647
2502,morningmemo,1,0.00042,240209,99.81799,240647
2503,motet-a,1,0.00042,240210,99.81841,240647
2504,motlin,1,0.00042,240211,99.81882,240647
2505,Mozilla-GitHub-Standards,1,0.00042,240212,99.81924,240647
2506,mpccolorado,1,0.00042,240213,99.81965,240647
2507,mperham,1,0.00042,240214,99.82007,240647
2508,mrblackus,1,0.00042,240215,99.82048,240647
2509,MrDesjardins,1,0.00042,240216,99.82090,240647
2510,mrjgreen,1,0.00042,240217,99.82132,240647
2511,mrmlnc,1,0.00042,240218,99.82173,240647
2512,mr-yamraj,1,0.00042,240219,99.82215,240647
2513,msabramo,1,0.00042,240220,99.82256,240647
2514,msebire,1,0.00042,240221,99.82298,240647
2515,msemtd,1,0.00042,240222,99.82339,240647
2516,msrb,1,0.00042,240223,99.82381,240647
2517,mtotoWamkwe,1,0.00042,240224,99.82422,240647
2518,munificent,1,0.00042,240225,99.82464,240647
2519,mureinik,1,0.00042,240226,99.82505,240647
2520,mwindle,1,0.00042,240227,99.82547,240647
2521,mxstbr,1,0.00042,240228,99.82589,240647
2522,mydea,1,0.00042,240229,99.82630,240647
2523,myungjoo,1,0.00042,240230,99.82672,240647
2524,mzabriskie,1,0.00042,240231,99.82713,240647
2525,mzeddd,1,0.00042,240232,99.82755,240647
2526,Naddiseo,1,0.00042,240233,99.82796,240647
2527,nanonyme,1,0.00042,240234,99.82838,240647
2528,Nargonath,1,0.00042,240235,99.82879,240647
2529,nasht00,1,0.00042,240236,99.82921,240647
2530,Natim,1,0.00042,240237,99.82963,240647
2531,nazrhyn,1,0.00042,240238,99.83004,240647
2532,nbarbettini,1,0.00042,240239,99.83046,240647
2533,nbaztec,1,0.00042,240240,99.83087,240647
2534,nbeckman,1,0.00042,240241,99.83129,240647
2535,ncoghlan,1,0.00042,240242,99.83170,240647
2536,Neaox,1,0.00042,240243,99.83212,240647
2537,Nepomuceno,1,0.00042,240244,99.83253,240647
2538,Nettsentrisk,1,0.00042,240245,99.83295,240647
2539,neu5,1,0.00042,240246,99.83337,240647
2540,NeuralSandwich,1,0.00042,240247,99.83378,240647
2541,newyork-anthonyng,1,0.00042,240248,99.83420,240647
2542,Nicholas-Eng,1,0.00042,240249,99.83461,240647
2543,nikai3d,1,0.00042,240250,99.83503,240647
2544,nikolay-fedotov,1,0.00042,240251,99.83544,240647
2545,nimerritt,1,0.00042,240252,99.83586,240647
2546,nishp1,1,0.00042,240253,99.83627,240647
2547,niustephanie,1,0.00042,240254,99.83669,240647
2548,nivs,1,0.00042,240255,99.83711,240647
2549,njsubedi,1,0.00042,240256,99.83752,240647
2550,nkollar,1,0.00042,240257,99.83794,240647
2551,nkzawa,1,0.00042,240258,99.83835,240647
2552,nLight,1,0.00042,240259,99.83877,240647
2553,nmn,1,0.00042,240260,99.83918,240647
2554,nmschulte,1,0.00042,240261,99.83960,240647
2555,Nolanus,1,0.00042,240262,99.84001,240647
2556,noodleswww,1,0.00042,240263,99.84043,240647
2557,noopur-tiwari,1,0.00042,240264,99.84085,240647
2558,nornagon,1,0.00042,240265,99.84126,240647
2559,notslang,1,0.00042,240266,99.84168,240647
2560,nottrobin,1,0.00042,240267,99.84209,240647
2561,noyesa,1,0.00042,240268,99.84251,240647
2562,nsoranzo,1,0.00042,240269,99.84292,240647
2563,nthcircle,1,0.00042,240270,99.84334,240647
2564,ntherning,1,0.00042,240271,99.84375,240647
2565,nurkiewicz,1,0.00042,240272,99.84417,240647
2566,nwoltman,1,0.00042,240273,99.84459,240647
2567,nykolaslima,1,0.00042,240274,99.84500,240647
2568,nyurik,1,0.00042,240275,99.84542,240647
2569,oconn,1,0.00042,240276,99.84583,240647
2570,odysseuscm,1,0.00042,240277,99.84625,240647
2571,ogix,1,0.00042,240278,99.84666,240647
2572,Oire,1,0.00042,240279,99.84708,240647
2573,okdistribute,1,0.00042,240280,99.84749,240647
2574,oldj,1,0.00042,240281,99.84791,240647
2575,olivierlemasle,1,0.00042,240282,99.84833,240647
2576,omerson,1,0.00042,240283,99.84874,240647
2577,omerzach,1,0.00042,240284,99.84916,240647
2578,ompraash,1,0.00042,240285,99.84957,240647
2579,oporko,1,0.00042,240286,99.84999,240647
2580,Opticsponge,1,0.00042,240287,99.85040,240647
2581,oreissig,1,0.00042,240288,99.85082,240647
2582,Oseenix,1,0.00042,240289,99.85123,240647
2583,ossdev07,1,0.00042,240290,99.85165,240647
2584,oughter,1,0.00042,240291,99.85207,240647
2585,outofgamut,1,0.00042,240292,99.85248,240647
2586,Parcley,1,0.00042,240293,99.85290,240647
2587,pataar,1,0.00042,240294,99.85331,240647
2588,pauldraper,1,0.00042,240295,99.85373,240647
2589,paulkass,1,0.00042,240296,99.85414,240647
2590,paulmelnikow,1,0.00042,240297,99.85456,240647
2591,paulradzkov,1,0.00042,240298,99.85497,240647
2592,paustria,1,0.00042,240299,99.85539,240647
2593,pavolloffay,1,0.00042,240300,99.85581,240647
2594,pcornelissen,1,0.00042,240301,99.85622,240647
2595,PedroMiguelSS,1,0.00042,240302,99.85664,240647
2596,pedroprado010,1,0.00042,240303,99.85705,240647
2597,peitek,1,0.00042,240304,99.85747,240647
2598,PeteGillin,1,0.00042,240305,99.85788,240647
2599,peterlenagh,1,0.00042,240306,99.85830,240647
2600,petermbenjamin,1,0.00042,240307,99.85871,240647
2601,petermikitsh,1,0.00042,240308,99.85913,240647
2602,pfsmorigo,1,0.00042,240309,99.85955,240647
2603,Philipp91,1,0.00042,240310,99.85996,240647
2604,philippgille,1,0.00042,240311,99.86038,240647
2605,phillipj,1,0.00042,240312,99.86079,240647
2606,Piccirello,1,0.00042,240313,99.86121,240647
2607,PiDelport,1,0.00042,240314,99.86162,240647
2608,pietvandongen,1,0.00042,240315,99.86204,240647
2609,pjhjohn,1,0.00042,240316,99.86245,240647
2610,pkallos,1,0.00042,240317,99.86287,240647
2611,PKief,1,0.00042,240318,99.86329,240647
2612,plaes,1,0.00042,240319,99.86370,240647
2613,platinumazure,1,0.00042,240320,99.86412,240647
2614,plokhotnyuk,1,0.00042,240321,99.86453,240647
2615,pmeerw,1,0.00042,240322,99.86495,240647
2616,poison,1,0.00042,240323,99.86536,240647
2617,PolinaRodimova,1,0.00042,240324,99.86578,240647
2618,portolucas,1,0.00042,240325,99.86619,240647
2619,praveenn-vbi,1,0.00042,240326,99.86661,240647
2620,prempalsingh,1,0.00042,240327,99.86703,240647
2621,pRizz,1,0.00042,240328,99.86744,240647
2622,protyposis,1,0.00042,240329,99.86786,240647
2623,psteitz,1,0.00042,240330,99.86827,240647
2624,ptrain,1,0.00042,240331,99.86869,240647
2625,puku0x,1,0.00042,240332,99.86910,240647
2626,puradox,1,0.00042,240333,99.86952,240647
2627,pvanderlinden,1,0.00042,240334,99.86993,240647
2628,pvoisin,1,0.00042,240335,99.87035,240647
2629,qerub,1,0.00042,240336,99.87077,240647
2630,qinix,1,0.00042,240337,99.87118,240647
2631,qix,1,0.00042,240338,99.87160,240647
2632,qqbuby,1,0.00042,240339,99.87201,240647
2633,qw-in,1,0.00042,240340,99.87243,240647
2634,Qw-in,1,0.00042,240341,99.87284,240647
2635,qwwdfsad,1,0.00042,240342,99.87326,240647
2636,radarhere,1,0.00042,240343,99.87367,240647
2637,radiovisual,1,0.00042,240344,99.87409,240647
2638,rafrex,1,0.00042,240345,99.87450,240647
2639,Raghavan1993,1,0.00042,240346,99.87492,240647
2640,rah-gupta,1,0.00042,240347,99.87534,240647
2641,rahulkotecha,1,0.00042,240348,99.87575,240647
2642,Rantanen,1,0.00042,240349,99.87617,240647
2643,redbmk,1,0.00042,240350,99.87658,240647
2644,redeyes2015,1,0.00042,240351,99.87700,240647
2645,reedfeng,1,0.00042,240352,99.87741,240647
2646,rellect,1,0.00042,240353,99.87783,240647
2647,remcowesterhoud,1,0.00042,240354,99.87824,240647
2648,remko,1,0.00042,240355,99.87866,240647
2649,renanpvaz,1,0.00042,240356,99.87908,240647
2650,renewooller,1,0.00042,240357,99.87949,240647
2651,reviewher,1,0.00042,240358,99.87991,240647
2652,revington,1,0.00042,240359,99.88032,240647
2653,rexxars,1,0.00042,240360,99.88074,240647
2654,rgeraldporter,1,0.00042,240361,99.88115,240647
2655,rgraffbrd,1,0.00042,240362,99.88157,240647
2656,rhelms,1,0.00042,240363,99.88198,240647
2657,rhmoller,1,0.00042,240364,99.88240,240647
2658,rhysmccaig,1,0.00042,240365,99.88282,240647
2659,ricardogama,1,0.00042,240366,99.88323,240647
2660,richardfearn,1,0.00042,240367,99.88365,240647
2661,RichardLitt,1,0.00042,240368,99.88406,240647
2662,rickyvetter,1,0.00042,240369,99.88448,240647
2663,ricokahler,1,0.00042,240370,99.88489,240647
2664,rike422,1,0.00042,240371,99.88531,240647
2665,rivertam,1,0.00042,240372,99.88572,240647
2666,rjackson-dev-ops,1,0.00042,240373,99.88614,240647
2667,rjamet,1,0.00042,240374,99.88656,240647
2668,rjruizes,1,0.00042,240375,99.88697,240647
2669,rmariuzzo,1,0.00042,240376,99.88739,240647
2670,rmg,1,0.00042,240377,99.88780,240647
2671,rmharrison,1,0.00042,240378,99.88822,240647
2672,RobDesideri,1,0.00042,240379,99.88863,240647
2673,robinkanters,1,0.00042,240380,99.88905,240647
2674,RoboBurned,1,0.00042,240381,99.88946,240647
2675,roboshoes,1,0.00042,240382,99.88988,240647
2676,RochesterinNYC,1,0.00042,240383,99.89030,240647
2677,rockymeza,1,0.00042,240384,99.89071,240647
2678,rodrigobdz,1,0.00042,240385,99.89113,240647
2679,roman01la,1,0.00042,240386,99.89154,240647
2680,RomanGotsiy,1,0.00042,240387,99.89196,240647
2681,roman-mazur,1,0.00042,240388,99.89237,240647
2682,romeovs,1,0.00042,240389,99.89279,240647
2683,roncain,1,0.00042,240390,99.89320,240647
2684,rootsher,1,0.00042,240391,99.89362,240647
2685,rouanw,1,0.00042,240392,99.89404,240647
2686,roymiloh,1,0.00042,240393,99.89445,240647
2687,rszalski,1,0.00042,240394,99.89487,240647
2688,rtfpessoa,1,0.00042,240395,99.89528,240647
2689,rtsao,1,0.00042,240396,99.89570,240647
2690,rubycut,1,0.00042,240397,99.89611,240647
2691,RudarDaman,1,0.00042,240398,99.89653,240647
2692,rudolfolah,1,0.00042,240399,99.89694,240647
2693,Runrioter,1,0.00042,240400,99.89736,240647
2694,ruphin,1,0.00042,240401,99.89778,240647
2695,russellpwirtz,1,0.00042,240402,99.89819,240647
2696,russgray,1,0.00042,240403,99.89861,240647
2697,rwaldron,1,0.00042,240404,99.89902,240647
2698,rwieruch,1,0.00042,240405,99.89944,240647
2699,ryancyq,1,0.00042,240406,99.89985,240647
2700,ryan-williams,1,0.00042,240407,99.90027,240647
2701,rybon,1,0.00042,240408,99.90068,240647
2702,ryouaki,1,0.00042,240409,99.90110,240647
2703,S2-,1,0.00042,240410,99.90152,240647
2704,saadq,1,0.00042,240411,99.90193,240647
2705,saadtazi,1,0.00042,240412,99.90235,240647
2706,SaeedPrez,1,0.00042,240413,99.90276,240647
2707,sam09,1,0.00042,240414,99.90318,240647
2708,samccone,1,0.00042,240415,99.90359,240647
2709,samdenty99,1,0.00042,240416,99.90401,240647
2710,samerbuna,1,0.00042,240417,99.90442,240647
2711,samliebow,1,0.00042,240418,99.90484,240647
2712,samuelkarp,1,0.00042,240419,99.90526,240647
2713,sandwichsudo,1,0.00042,240420,99.90567,240647
2714,Sanjo,1,0.00042,240421,99.90609,240647
2715,sanniassin,1,0.00042,240422,99.90650,240647
2716,santiagoaguiar,1,0.00042,240423,99.90692,240647
2717,sarangjo,1,0.00042,240424,99.90733,240647
2718,satansk,1,0.00042,240425,99.90775,240647
2719,satta,1,0.00042,240426,99.90816,240647
2720,sbley,1,0.00042,240427,99.90858,240647
2721,sbrl,1,0.00042,240428,99.90900,240647
2722,scjody,1,0.00042,240429,99.90941,240647
2723,scottmarlow,1,0.00042,240430,99.90983,240647
2724,ScottyBauer,1,0.00042,240431,99.91024,240647
2725,ScriptSmith,1,0.00042,240432,99.91066,240647
2726,seawatts,1,0.00042,240433,99.91107,240647
2727,sehrope,1,0.00042,240434,99.91149,240647
2728,seiyria,1,0.00042,240435,99.91190,240647
2729,sendilkumarn,1,0.00042,240436,99.91232,240647
2730,seratch,1,0.00042,240437,99.91274,240647
2731,serchavalos,1,0.00042,240438,99.91315,240647
2732,sergei-zelinsky,1,0.00042,240439,99.91357,240647
2733,sergiopantoja,1,0.00042,240440,99.91398,240647
2734,shaggygi,1,0.00042,240441,99.91440,240647
2735,shahmeet999,1,0.00042,240442,99.91481,240647
2736,shawninder,1,0.00042,240443,99.91523,240647
2737,sheerun,1,0.00042,240444,99.91564,240647
2738,shlomif,1,0.00042,240445,99.91606,240647
2739,siamak,1,0.00042,240446,99.91648,240647
2740,sibelius,1,0.00042,240447,99.91689,240647
2741,sibiraj-s,1,0.00042,240448,99.91731,240647
2742,sidps,1,0.00042,240449,99.91772,240647
2743,Sieabah,1,0.00042,240450,99.91814,240647
2744,sigmundch,1,0.00042,240451,99.91855,240647
2745,silvermanj7,1,0.00042,240452,99.91897,240647
2746,simeg,1,0.00042,240453,99.91938,240647
2747,sinkingpoint,1,0.00042,240454,99.91980,240647
2748,sjrd,1,0.00042,240455,99.92022,240647
2749,skjolber,1,0.00042,240456,99.92063,240647
2750,skotniczny,1,0.00042,240457,99.92105,240647
2751,Sky161,1,0.00042,240458,99.92146,240647
2752,skyline-123,1,0.00042,240459,99.92188,240647
2753,skyzyx,1,0.00042,240460,99.92229,240647
2754,slandelle,1,0.00042,240461,99.92271,240647
2755,slang800,1,0.00042,240462,99.92312,240647
2756,slavanga,1,0.00042,240463,99.92354,240647
2757,sliceofbytes,1,0.00042,240464,99.92396,240647
2758,slintes,1,0.00042,240465,99.92437,240647
2759,SomeoneWeird,1,0.00042,240466,99.92479,240647
2760,sondrele,1,0.00042,240467,99.92520,240647
2761,sothawo,1,0.00042,240468,99.92562,240647
2762,southpolesteve,1,0.00042,240469,99.92603,240647
2763,spegelref,1,0.00042,240470,99.92645,240647
2764,sprockow,1,0.00042,240471,99.92686,240647
2765,spshant,1,0.00042,240472,99.92728,240647
2766,sputnik13,1,0.00042,240473,99.92769,240647
2767,sqrthree,1,0.00042,240474,99.92811,240647
2768,Sridhar-MS,1,0.00042,240475,99.92853,240647
2769,srn,1,0.00042,240476,99.92894,240647
2770,sschuberth,1,0.00042,240477,99.92936,240647
2771,Standard8,1,0.00042,240478,99.92977,240647
2772,StefMa,1,0.00042,240479,99.93019,240647
2773,StephenBonikowsky,1,0.00042,240480,99.93060,240647
2774,stephengroat,1,0.00042,240481,99.93102,240647
2775,StephenMolloy,1,0.00042,240482,99.93143,240647
2776,stephlag,1,0.00042,240483,99.93185,240647
2777,steveklabnik,1,0.00042,240484,99.93227,240647
2778,SteveL-MSFT,1,0.00042,240485,99.93268,240647
2779,stevenbenitez,1,0.00042,240486,99.93310,240647
2780,stevenschlansker,1,0.00042,240487,99.93351,240647
2781,steve-taylor,1,0.00042,240488,99.93393,240647
2782,stonexer,1,0.00042,240489,99.93434,240647
2783,stovocor,1,0.00042,240490,99.93476,240647
2784,sttk,1,0.00042,240491,99.93517,240647
2785,sumanvyj,1,0.00042,240492,99.93559,240647
2786,sunorry,1,0.00042,240493,99.93601,240647
2787,svetlyak40wt,1,0.00042,240494,99.93642,240647
2788,sweiss-google,1,0.00042,240495,99.93684,240647
2789,sYnfo,1,0.00042,240496,99.93725,240647
2790,Syrok,1,0.00042,240497,99.93767,240647
2791,szepeviktor,1,0.00042,240498,99.93808,240647
2792,Tahler,1,0.00042,240499,99.93850,240647
2793,tanyabrassie,1,0.00042,240500,99.93891,240647
2794,TATDK,1,0.00042,240501,99.93933,240647
2795,taylorhutchison,1,0.00042,240502,99.93975,240647
2796,tbartley,1,0.00042,240503,99.94016,240647
2797,tbroyer,1,0.00042,240504,99.94058,240647
2798,tdg5,1,0.00042,240505,99.94099,240647
2799,tdhooper,1,0.00042,240506,99.94141,240647
2800,teameh,1,0.00042,240507,99.94182,240647
2801,TechDimension,1,0.00042,240508,99.94224,240647
2802,teeram,1,0.00042,240509,99.94265,240647
2803,testcenter,1,0.00042,240510,99.94307,240647
2804,tgallacher,1,0.00042,240511,99.94349,240647
2805,tgriesser,1,0.00042,240512,99.94390,240647
2806,ThaddeusJiang,1,0.00042,240513,99.94432,240647
2807,tharunjose,1,0.00042,240514,99.94473,240647
2808,thatJavaNerd,1,0.00042,240515,99.94515,240647
2809,thebergamo,1,0.00042,240516,99.94556,240647
2810,TheBusCantSwim,1,0.00042,240517,99.94598,240647
2811,theganyo,1,0.00042,240518,99.94639,240647
2812,TheInnerParty,1,0.00042,240519,99.94681,240647
2813,theLine,1,0.00042,240520,99.94723,240647
2814,themez,1,0.00042,240521,99.94764,240647
2815,theromis,1,0.00042,240522,99.94806,240647
2816,TheSharpieOne,1,0.00042,240523,99.94847,240647
2817,the-vampiire,1,0.00042,240524,99.94889,240647
2818,thibautRe,1,0.00042,240525,99.94930,240647
2819,thomasdarimont,1,0.00042,240526,99.94972,240647
2820,ThomasSimoens,1,0.00042,240527,99.95013,240647
2821,thommymo,1,0.00042,240528,99.95055,240647
2822,tiangolo,1,0.00042,240529,99.95097,240647
2823,timandy,1,0.00042,240530,99.95138,240647
2824,Timer,1,0.00042,240531,99.95180,240647
2825,timkindberg,1,0.00042,240532,99.95221,240647
2826,Timokasse,1,0.00042,240533,99.95263,240647
2827,TimonVS,1,0.00042,240534,99.95304,240647
2828,tj,1,0.00042,240535,99.95346,240647
2829,tjmehta,1,0.00042,240536,99.95387,240647
2830,tlantz,1,0.00042,240537,99.95429,240647
2831,tnunes,1,0.00042,240538,99.95471,240647
2832,TomK32,1,0.00042,240539,99.95512,240647
2833,tommagnusson,1,0.00042,240540,99.95554,240647
2834,TomyJaya,1,0.00042,240541,99.95595,240647
2835,tonybaloney,1,0.00042,240542,99.95637,240647
2836,Treora,1,0.00042,240543,99.95678,240647
2837,trierra,1,0.00042,240544,99.95720,240647
2838,trodrigues,1,0.00042,240545,99.95761,240647
2839,truelixin,1,0.00042,240546,99.95803,240647
2840,ttulka,1,0.00042,240547,99.95845,240647
2841,tugrul,1,0.00042,240548,99.95886,240647
2842,TundraFizz,1,0.00042,240549,99.95928,240647
2843,tvillaluz,1,0.00042,240550,99.95969,240647
2844,twillouer,1,0.00042,240551,99.96011,240647
2845,twk-b,1,0.00042,240552,99.96052,240647
2846,twlkyao,1,0.00042,240553,99.96094,240647
2847,tycho,1,0.00042,240554,99.96135,240647
2848,tyrsius,1,0.00042,240555,99.96177,240647
2849,ulope,1,0.00042,240556,99.96219,240647
2850,unlimitedsola,1,0.00042,240557,99.96260,240647
2851,user890104,1,0.00042,240558,99.96302,240647
2852,uweschaefer,1,0.00042,240559,99.96343,240647
2853,ValentinTrinque,1,0.00042,240560,99.96385,240647
2854,Vampire,1,0.00042,240561,99.96426,240647
2855,vanbujm,1,0.00042,240562,99.96468,240647
2856,vanta,1,0.00042,240563,99.96509,240647
2857,vanthome,1,0.00042,240564,99.96551,240647
2858,vbauer,1,0.00042,240565,99.96593,240647
2859,vegetableman,1,0.00042,240566,99.96634,240647
2860,vernondegoede,1,0.00042,240567,99.96676,240647
2861,victorwangyang,1,0.00042,240568,99.96717,240647
2862,vinaydate,1,0.00042,240569,99.96759,240647
2863,vincentbernat,1,0.00042,240570,99.96800,240647
2864,viniciusls,1,0.00042,240571,99.96842,240647
2865,vitaliy-bobrov,1,0.00042,240572,99.96883,240647
2866,vkhv,1,0.00042,240573,99.96925,240647
2867,vladgolubev,1,0.00042,240574,99.96967,240647
2868,vmalloc,1,0.00042,240575,99.97008,240647
2869,vmosyaykin,1,0.00042,240576,99.97050,240647
2870,vovkvlad,1,0.00042,240577,99.97091,240647
2871,vstinner,1,0.00042,240578,99.97133,240647
2872,wallali,1,0.00042,240579,99.97174,240647
2873,Wang-Sen,1,0.00042,240580,99.97216,240647
2874,warapitiya,1,0.00042,240581,99.97257,240647
2875,warrenseymour,1,0.00042,240582,99.97299,240647
2876,webprofusion-chrisc,1,0.00042,240583,99.97341,240647
2877,weiluntong,1,0.00042,240584,99.97382,240647
2878,weswigham,1,0.00042,240585,99.97424,240647
2879,WilcoFiers,1,0.00042,240586,99.97465,240647
2880,willbeaufoy,1,0.00042,240587,99.97507,240647
2881,willfarrell,1,0.00042,240588,99.97548,240647
2882,williamdes,1,0.00042,240589,99.97590,240647
2883,william-lohan,1,0.00042,240590,99.97631,240647
2884,Willv19,1,0.00042,240591,99.97673,240647
2885,wilmol,1,0.00042,240592,99.97714,240647
2886,wizawu,1,0.00042,240593,99.97756,240647
2887,wla80,1,0.00042,240594,99.97798,240647
2888,WLun001,1,0.00042,240595,99.97839,240647
2889,wojtekmaj,1,0.00042,240596,99.97881,240647
2890,woloski,1,0.00042,240597,99.97922,240647
2891,worldsense-tms,1,0.00042,240598,99.97964,240647
2892,WORMSS,1,0.00042,240599,99.98005,240647
2893,worthy7,1,0.00042,240600,99.98047,240647
2894,WouterG,1,0.00042,240601,99.98088,240647
2895,Wykks,1,0.00042,240602,99.98130,240647
2896,xdumaine,1,0.00042,240603,99.98172,240647
2897,xeno-by,1,0.00042,240604,99.98213,240647
2898,xfh,1,0.00042,240605,99.98255,240647
2899,xied75,1,0.00042,240606,99.98296,240647
2900,xobotyi,1,0.00042,240607,99.98338,240647
2901,Xorlev,1,0.00042,240608,99.98379,240647
2902,Xuanwo,1,0.00042,240609,99.98421,240647
2903,XZ-X,1,0.00042,240610,99.98462,240647
2904,YairHalberstadt,1,0.00042,240611,99.98504,240647
2905,yang-xia,1,0.00042,240612,99.98546,240647
2906,yanick,1,0.00042,240613,99.98587,240647
2907,yankouskia,1,0.00042,240614,99.98629,240647
2908,yanxyz,1,0.00042,240615,99.98670,240647
2909,yaodingyd,1,0.00042,240616,99.98712,240647
2910,Yasumoto,1,0.00042,240617,99.98753,240647
2911,yavorski,1,0.00042,240618,99.98795,240647
2912,yaziza,1,0.00042,240619,99.98836,240647
2913,yehezkielbs,1,0.00042,240620,99.98878,240647
2914,yjcxy12,1,0.00042,240621,99.98920,240647
2915,yochem,1,0.00042,240622,99.98961,240647
2916,yorkie,1,0.00042,240623,99.99003,240647
2917,yrodiere,1,0.00042,240624,99.99044,240647
2918,ytan29,1,0.00042,240625,99.99086,240647
2919,ytRino,1,0.00042,240626,99.99127,240647
2920,yuj,1,0.00042,240627,99.99169,240647
2921,yukiwongky,1,0.00042,240628,99.99210,240647
2922,yume-chan,1,0.00042,240629,99.99252,240647
2923,yurrriq,1,0.00042,240630,99.99294,240647
2924,yvele,1,0.00042,240631,99.99335,240647
2925,yxl,1,0.00042,240632,99.99377,240647
2926,zackify,1,0.00042,240633,99.99418,240647
2927,zakhenry,1,0.00042,240634,99.99460,240647
2928,zakness,1,0.00042,240635,99.99501,240647
2929,zce,1,0.00042,240636,99.99543,240647
2930,zcwang,1,0.00042,240637,99.99584,240647
2931,zdroid,1,0.00042,240638,99.99626,240647
2932,zeke,1,0.00042,240639,99.99668,240647
2933,zerok,1,0.00042,240640,99.99709,240647
2934,zhaosiyang,1,0.00042,240641,99.99751,240647
2935,zhengjunxin,1,0.00042,240642,99.99792,240647
2936,zhiliangxu,1,0.00042,240643,99.99834,240647
2937,ZhitongLei,1,0.00042,240644,99.99875,240647
2938,zsmb13,1,0.00042,240645,99.99917,240647
2939,zuohuadong,1,0.00042,240646,99.99958,240647
2940,zxqfox,1,0.00042,240647,100.00000,240647
