rank_number,actor,commits,percent,cumulative_sum,cumulative_percent,all_commits
1,mhevery,32741,11.28747,32741,11.28747,290065
2,matsko,13520,4.66102,46261,15.94849,290065
3,IgorMinar,12724,4.38660,58985,20.33510,290065
4,kara,10970,3.78191,69955,24.11701,290065
5,alxhub,10888,3.75364,80843,27.87065,290065
6,AndrewKushnir,9577,3.30167,90420,31.17232,290065
7,levitte,9236,3.18411,99656,34.35644,290065
8,stephentoub,8692,2.99657,108348,37.35301,290065
9,vicb,8024,2.76628,116372,40.11928,290065
10,jasonaden,7839,2.70250,124211,42.82178,290065
11,XhmikosR,6310,2.17537,130521,44.99716,290065
12,cowtowncoder,4829,1.66480,135350,46.66196,290065
13,alexeagle,4613,1.59033,139963,48.25229,290065
14,petebacondarwin,4321,1.48967,144284,49.74195,290065
15,dougwilson,4311,1.48622,148595,51.22817,290065
16,benlesh,4038,1.39210,152633,52.62027,290065
17,jdalton,3757,1.29523,156390,53.91550,290065
18,mdo,3454,1.19077,159844,55.10627,290065
19,chuckjaz,2611,0.90014,162455,56.00641,290065
20,tbosch,2176,0.75018,164631,56.75659,290065
21,gaearon,2163,0.74569,166794,57.50228,290065
22,gkalpak,2153,0.74225,168947,58.24453,290065
23,Johann-S,2026,0.69846,170973,58.94300,290065
24,zloirock,2026,0.69846,172999,59.64146,290065
25,mattcaswell,1684,0.58056,174683,60.22202,290065
26,pkozlowski-opensource,1675,0.57746,176358,60.79948,290065
27,crisbeto,1535,0.52919,177893,61.32867,290065
28,cvrebert,1466,0.50540,179359,61.83407,290065
29,MartijnCuppens,1396,0.48127,180755,62.31534,290065
30,epoberezkin,1343,0.46300,182098,62.77834,290065
31,bgrainger,1337,0.46093,183435,63.23927,290065
32,cpovirk,1272,0.43852,184707,63.67780,290065
33,vikerman,1262,0.43507,185969,64.11287,290065
34,danmosemsft,1260,0.43439,187229,64.54726,290065
35,lrytz,1199,0.41336,188428,64.96061,290065
36,Narretz,1197,0.41267,189625,65.37328,290065
37,cgdecker,1145,0.39474,190770,65.76802,290065
38,LutzJaenicke,1116,0.38474,191886,66.15276,290065
39,safern,1092,0.37647,192978,66.52923,290065
40,richsalz,1036,0.35716,194014,66.88639,290065
41,jkotas,976,0.33648,194990,67.22286,290065
42,zpao,963,0.33199,195953,67.55486,290065
43,ViktorHofer,940,0.32407,196893,67.87892,290065
44,PaulGap,917,0.31614,197810,68.19506,290065
45,adriaanm,913,0.31476,198723,68.50982,290065
46,rprouse,895,0.30855,199618,68.81837,290065
47,retronym,874,0.30131,200492,69.11968,290065
48,JamesNK,865,0.29821,201357,69.41789,290065
49,bcoe,852,0.29373,202209,69.71162,290065
50,timdorr,844,0.29097,203053,70.00259,290065
51,dot-asm,823,0.28373,203876,70.28632,290065
52,CharliePoole,811,0.27959,204687,70.56591,290065
53,weshaggard,770,0.26546,205457,70.83137,290065
54,christopherthielen,746,0.25718,206203,71.08855,290065
55,patrickhlauke,730,0.25167,206933,71.34022,290065
56,atscott,728,0.25098,207661,71.59120,290065
57,ceki,726,0.25029,208387,71.84148,290065
58,patrickkettner,720,0.24822,209107,72.08970,290065
59,jeffbcross,719,0.24788,209826,72.33758,290065
60,xzyfer,692,0.23857,210518,72.57615,290065
61,JonHanna,677,0.23340,211195,72.80954,290065
62,vsavkin,673,0.23202,211868,73.04156,290065
63,SethTisue,664,0.22891,212532,73.27047,290065
64,sindresorhus,664,0.22891,213196,73.49939,290065
65,fellows3,654,0.22547,213850,73.72485,290065
66,hughbe,638,0.21995,214488,73.94481,290065
67,bartonjs,627,0.21616,215115,74.16096,290065
68,bvaughn,627,0.21616,215742,74.37712,290065
69,spicyj,627,0.21616,216369,74.59328,290065
70,jnm2,612,0.21099,216981,74.80427,290065
71,acdlite,564,0.19444,217545,74.99871,290065
72,aearly,554,0.19099,218099,75.18970,290065
73,davidsh,541,0.18651,218640,75.37621,290065
74,ericstj,527,0.18168,219167,75.55789,290065
75,mlaval,517,0.17824,219684,75.73613,290065
76,mellinoe,516,0.17789,220200,75.91402,290065
77,mprobst,508,0.17513,220708,76.08915,290065
78,petkaantonov,487,0.16789,221195,76.25705,290065
79,rkirov,482,0.16617,221677,76.42322,290065
80,ichernev,468,0.16134,222145,76.58456,290065
81,jelbourn,468,0.16134,222613,76.74590,290065
82,mjackson,467,0.16100,223080,76.90690,290065
83,ariya,447,0.15410,223527,77.06100,290065
84,ahsonkhan,440,0.15169,223967,77.21269,290065
85,indexzero,428,0.14755,224395,77.36025,290065
86,kennethreitz,419,0.14445,224814,77.50470,290065
87,megawac,413,0.14238,225227,77.64708,290065
88,filipesilva,404,0.13928,225631,77.78636,290065
89,maxokorokov,401,0.13824,226032,77.92460,290065
90,bernd-edlinger,398,0.13721,226430,78.06181,290065
91,isaacs,398,0.13721,226828,78.19902,290065
92,joperezr,396,0.13652,227224,78.33555,290065
93,ellismg,395,0.13618,227619,78.47172,290065
94,tarekgh,392,0.13514,228011,78.60686,290065
95,VSadov,392,0.13514,228403,78.74201,290065
96,sebmarkbage,373,0.12859,228776,78.87060,290065
97,ocombe,371,0.12790,229147,78.99850,290065
98,btford,368,0.12687,229515,79.12537,290065
99,knalli,363,0.12514,229878,79.25051,290065
100,rzwitserloot,358,0.12342,230236,79.37393,290065
101,JeremyKuhne,354,0.12204,230590,79.49598,290065
102,jimfb,345,0.11894,230935,79.61491,290065
103,karelz,339,0.11687,231274,79.73178,290065
104,wtgodbe,335,0.11549,231609,79.84728,290065
105,evmar,334,0.11515,231943,79.96242,290065
106,kyliau,332,0.11446,232275,80.07688,290065
107,ianhays,325,0.11204,232600,80.18892,290065
108,mgol,318,0.10963,232918,80.29855,290065
109,davegandy,316,0.10894,233234,80.40749,290065
110,hueniverse,315,0.10860,233549,80.51609,290065
111,JiaLiPassion,315,0.10860,233864,80.62469,290065
112,PascalSchumacher,312,0.10756,234176,80.73225,290065
113,garydgregory,309,0.10653,234485,80.83878,290065
114,Priya91,308,0.10618,234793,80.94496,290065
115,timmywil,307,0.10584,235100,81.05080,290065
116,simov,300,0.10343,235400,81.15422,290065
117,mzgol,296,0.10205,235696,81.25627,290065
118,Lukasa,287,0.09894,235983,81.35521,290065
119,Anipik,285,0.09825,236268,81.45347,290065
120,calvinmetcalf,282,0.09722,236550,81.55069,290065
121,ok2c,282,0.09722,236832,81.64791,290065
122,szeiger,277,0.09550,237109,81.74340,290065
123,rejas,275,0.09481,237384,81.83821,290065
124,jbogarthyde,272,0.09377,237656,81.93198,290065
125,scottgonzalez,271,0.09343,237927,82.02541,290065
126,juliemr,270,0.09308,238197,82.11849,290065
127,trueadm,269,0.09274,238466,82.21123,290065
128,inder123,265,0.09136,238731,82.30259,290065
129,wfurt,255,0.08791,238986,82.39050,290065
130,andresgalante,253,0.08722,239239,82.47772,290065
131,krwq,252,0.08688,239491,82.56460,290065
132,ljharb,247,0.08515,239738,82.64975,290065
133,markerikson,246,0.08481,239984,82.73456,290065
134,mary-poppins,245,0.08446,240229,82.81902,290065
135,ChrisMaddock,243,0.08377,240472,82.90280,290065
136,rspilker,240,0.08274,240712,82.98554,290065
137,wardbell,238,0.08205,240950,83.06759,290065
138,kegluneq,237,0.08171,241187,83.14929,290065
139,gregmagolan,232,0.07998,241419,83.22928,290065
140,kapunahelewong,229,0.07895,241648,83.30822,290065
141,nhunzaker,228,0.07860,241876,83.38683,290065
142,jonschlinkert,227,0.07826,242103,83.46509,290065
143,josephperrott,222,0.07653,242325,83.54162,290065
144,broofa,219,0.07550,242544,83.61712,290065
145,britter,217,0.07481,242761,83.69193,290065
146,tannergooding,217,0.07481,242978,83.76674,290065
147,kroeckx,216,0.07447,243194,83.84121,290065
148,mmalerba,212,0.07309,243406,83.91430,290065
149,chcosta,208,0.07171,243614,83.98600,290065
150,mde,208,0.07171,243822,84.05771,290065
151,GrabYourPitchforks,207,0.07136,244029,84.12907,290065
152,jbedard,206,0.07102,244235,84.20009,290065
153,mmitche,201,0.06929,244436,84.26939,290065
154,nguerrera,199,0.06861,244635,84.33799,290065
155,coliff,198,0.06826,244833,84.40625,290065
156,DzmitryShylovich,192,0.06619,245025,84.47245,290065
157,steveharter,192,0.06619,245217,84.53864,290065
158,justinvp,191,0.06585,245408,84.60449,290065
159,shmao,191,0.06585,245599,84.67033,290065
160,lgalfaso,189,0.06516,245788,84.73549,290065
161,bardiharborow,187,0.06447,245975,84.79996,290065
162,chenkie,187,0.06447,246162,84.86443,290065
163,benjamingr,186,0.06412,246348,84.92855,290065
164,mspncp,186,0.06412,246534,84.99267,290065
165,maryamariyan,185,0.06378,246719,85.05645,290065
166,MattGal,182,0.06274,246901,85.11920,290065
167,saurabh500,182,0.06274,247083,85.18194,290065
168,sebbASF,179,0.06171,247262,85.24365,290065
169,alan-agius4,178,0.06137,247440,85.30502,290065
170,robwormald,174,0.05999,247614,85.36500,290065
171,andrewseguin,169,0.05826,247783,85.42327,290065
172,JoostK,167,0.05757,247950,85.48084,290065
173,mcollina,167,0.05757,248117,85.53841,290065
174,DataTables,164,0.05654,248281,85.59495,290065
175,sameb,162,0.05585,248443,85.65080,290065
176,bep,161,0.05550,248604,85.70631,290065
177,sjtrimble,161,0.05550,248765,85.76181,290065
178,TimothyGu,161,0.05550,248926,85.81732,290065
179,marwahaha,158,0.05447,249084,85.87179,290065
180,devversion,156,0.05378,249240,85.92557,290065
181,jamesqo,154,0.05309,249394,85.97866,290065
182,eerhardt,153,0.05275,249547,86.03141,290065
183,flarnie,151,0.05206,249698,86.08346,290065
184,jonathantneal,151,0.05206,249849,86.13552,290065
185,tagliala,150,0.05171,249999,86.18723,290065
186,hansl,149,0.05137,250148,86.23860,290065
187,cexbrayat,147,0.05068,250295,86.28928,290065
188,davidfowl,147,0.05068,250442,86.33996,290065
189,AtsushiKan,146,0.05033,250588,86.39029,290065
190,ronshapiro,146,0.05033,250734,86.44063,290065
191,markelog,144,0.04964,250878,86.49027,290065
192,kkirsche,143,0.04930,251021,86.53957,290065
193,joshfree,141,0.04861,251162,86.58818,290065
194,jteplitz,141,0.04861,251303,86.63679,290065
195,Qix-,141,0.04861,251444,86.68540,290065
196,feross,138,0.04758,251582,86.73297,290065
197,geoffkizer,137,0.04723,251719,86.78020,290065
198,corivera,135,0.04654,251854,86.82675,290065
199,eiriktsarpalis,134,0.04620,251988,86.87294,290065
200,gibson042,133,0.04585,252121,86.91879,290065
201,Aweary,131,0.04516,252252,86.96396,290065
202,chirayuk,131,0.04516,252383,87.00912,290065
203,marijnh,130,0.04482,252513,87.05394,290065
204,mikkelbu,128,0.04413,252641,87.09806,290065
205,tmat,128,0.04413,252769,87.14219,290065
206,diesalbla,126,0.04344,252895,87.18563,290065
207,wesleycho,126,0.04344,253021,87.22907,290065
208,aweary,125,0.04309,253146,87.27216,290065
209,pjanotti,125,0.04309,253271,87.31526,290065
210,mikeal,123,0.04240,253394,87.35766,290065
211,ryanflorence,123,0.04240,253517,87.40007,290065
212,benaadams,120,0.04137,253637,87.44144,290065
213,nschonni,120,0.04137,253757,87.48281,290065
214,am11,118,0.04068,253875,87.52349,290065
215,vancem,118,0.04068,253993,87.56417,290065
216,phated,117,0.04034,254110,87.60450,290065
217,dwijnand,115,0.03965,254225,87.64415,290065
218,pat270,115,0.03965,254340,87.68380,290065
219,lontis,114,0.03930,254454,87.72310,290065
220,dagood,113,0.03896,254567,87.76205,290065
221,MarcoRossignoli,112,0.03861,254679,87.80067,290065
222,tmshort,111,0.03827,254790,87.83893,290065
223,yjbanov,111,0.03827,254901,87.87720,290065
224,captbaritone,108,0.03723,255009,87.91443,290065
225,naomiblack,108,0.03723,255117,87.95167,290065
226,vjeux,108,0.03723,255225,87.98890,290065
227,janekdb,107,0.03689,255332,88.02579,290065
228,pshrmn,107,0.03689,255439,88.06268,290065
229,marek-safar,106,0.03654,255545,88.09922,290065
230,robertmesserle,106,0.03654,255651,88.13576,290065
231,sigmavirus24,106,0.03654,255757,88.17231,290065
232,tmds,104,0.03585,255861,88.20816,290065
233,ericeil,103,0.03551,255964,88.24367,290065
234,kouvel,103,0.03551,256067,88.27918,290065
235,jmrodri,102,0.03516,256169,88.31434,290065
236,m5o,102,0.03516,256271,88.34951,290065
237,necolas,102,0.03516,256373,88.38467,290065
238,filipnavara,101,0.03482,256474,88.41949,290065
239,gotwarlost,101,0.03482,256575,88.45431,290065
240,netomi,100,0.03448,256675,88.48879,290065
241,hrhino,97,0.03344,256772,88.52223,290065
242,talbs,97,0.03344,256869,88.55567,290065
243,jashkenas,96,0.03310,256965,88.58876,290065
244,julienrf,96,0.03310,257061,88.62186,290065
245,maxbeatty,95,0.03275,257156,88.65461,290065
246,analog-nico,94,0.03241,257250,88.68702,290065
247,gijsbotje,92,0.03172,257342,88.71874,290065
248,ryanseddon,92,0.03172,257434,88.75045,290065
249,ziluvatar,92,0.03172,257526,88.78217,290065
250,dmethvin,91,0.03137,257617,88.81354,290065
251,fitzgen,90,0.03103,257707,88.84457,290065
252,maxrimue,90,0.03103,257797,88.87560,290065
253,nexdrew,90,0.03103,257887,88.90662,290065
254,swankjesse,90,0.03103,257977,88.93765,290065
255,benouat,88,0.03034,258065,88.96799,290065
256,DABH,88,0.03034,258153,88.99833,290065
257,jridgewell,88,0.03034,258241,89.02867,290065
258,huanwu,87,0.02999,258328,89.05866,290065
259,JedWatson,87,0.02999,258415,89.08865,290065
260,jzaefferer,87,0.02999,258502,89.11865,290065
261,que-etc,87,0.02999,258589,89.14864,290065
262,twbs-grunt,87,0.02999,258676,89.17863,290065
263,jfromaniello,86,0.02965,258762,89.20828,290065
264,davidben,85,0.02930,258847,89.23758,290065
265,pallavit,85,0.02930,258932,89.26689,290065
266,StephenFluin,85,0.02930,259017,89.29619,290065
267,juliangruber,84,0.02896,259101,89.32515,290065
268,khdang,84,0.02896,259185,89.35411,290065
269,MichalStrehovsky,84,0.02896,259269,89.38307,290065
270,nateabele,84,0.02896,259353,89.41203,290065
271,arekinath,83,0.02861,259436,89.44064,290065
272,jaredhanson,82,0.02827,259518,89.46891,290065
273,abetomo,81,0.02792,259599,89.49684,290065
274,gunnarmorling,80,0.02758,259679,89.52442,290065
275,oznetmaster,80,0.02758,259759,89.55200,290065
276,shadowspawn,80,0.02758,259839,89.57958,290065
277,gsmet,79,0.02724,259918,89.60681,290065
278,caesar-chen,78,0.02689,259996,89.63370,290065
279,saper,78,0.02689,260074,89.66059,290065
280,ashtuchkin,77,0.02655,260151,89.68714,290065
281,caleblloyd,77,0.02655,260228,89.71368,290065
282,falsyvalues,76,0.02620,260304,89.73989,290065
283,rmkerr,76,0.02620,260380,89.76609,290065
284,janvorli,75,0.02586,260455,89.79194,290065
285,mj1856,75,0.02586,260530,89.81780,290065
286,sepidehkh,75,0.02586,260605,89.84366,290065
287,AlexGhiondea,74,0.02551,260679,89.86917,290065
288,ellenaua,74,0.02551,260753,89.89468,290065
289,hnrch02,74,0.02551,260827,89.92019,290065
290,joshlemer,74,0.02551,260901,89.94570,290065
291,koba04,74,0.02551,260975,89.97121,290065
292,zalog,74,0.02551,261049,89.99672,290065
293,p-steuer,73,0.02517,261122,90.02189,290065
294,alexperovich,72,0.02482,261194,90.04671,290065
295,pgavlin,72,0.02482,261266,90.07154,290065
296,caitp,71,0.02448,261337,90.09601,290065
297,robmadole,71,0.02448,261408,90.12049,290065
298,timrwood,70,0.02413,261478,90.14462,290065
299,CIPop,69,0.02379,261547,90.16841,290065
300,gkhanna79,69,0.02379,261616,90.19220,290065
301,jhendrixMSFT,69,0.02379,261685,90.21599,290065
302,alexindigo,68,0.02344,261753,90.23943,290065
303,mkarg,68,0.02344,261821,90.26287,290065
304,lmolkova,67,0.02310,261888,90.28597,290065
305,mgechev,67,0.02310,261955,90.30907,290065
306,sophiebits,67,0.02310,262022,90.33217,290065
307,blakeembrey,65,0.02241,262087,90.35458,290065
308,nlf,65,0.02241,262152,90.37698,290065
309,Lausselloic,64,0.02206,262216,90.39905,290065
310,nateprewitt,64,0.02206,262280,90.42111,290065
311,sepidehMS,64,0.02206,262344,90.44318,290065
312,ayazhafiz,63,0.02172,262407,90.46490,290065
313,kevmoo,63,0.02172,262470,90.48662,290065
314,Foxandxss,62,0.02137,262532,90.50799,290065
315,satazor,61,0.02103,262593,90.52902,290065
316,AlexRadch,60,0.02069,262653,90.54970,290065
317,goto-bus-stop,60,0.02069,262713,90.57039,290065
318,JakeWharton,60,0.02069,262773,90.59107,290065
319,arb,59,0.02034,262832,90.61141,290065
320,hargasinski,59,0.02034,262891,90.63175,290065
321,trotyl,59,0.02034,262950,90.65210,290065
322,akre54,57,0.01965,263007,90.67175,290065
323,benlaurie,56,0.01931,263063,90.69105,290065
324,jfmengels,56,0.01931,263119,90.71036,290065
325,madler,56,0.01931,263175,90.72966,290065
326,milessabin,56,0.01931,263231,90.74897,290065
327,romen,56,0.01931,263287,90.76828,290065
328,chtompki,55,0.01896,263342,90.78724,290065
329,edevil,55,0.01896,263397,90.80620,290065
330,graemehyde,55,0.01896,263452,90.82516,290065
331,jsfb,55,0.01896,263507,90.84412,290065
332,KrzysztofCwalina,55,0.01896,263562,90.86308,290065
333,stevemao,55,0.01896,263617,90.88204,290065
334,buyaa-n,54,0.01862,263671,90.90066,290065
335,caesar1995,54,0.01862,263725,90.91928,290065
336,threepointone,54,0.01862,263779,90.93789,290065
337,bershanskiy,53,0.01827,263832,90.95616,290065
338,brianrob,53,0.01827,263885,90.97444,290065
339,EgorBo,53,0.01827,263938,90.99271,290065
340,kwalrath,53,0.01827,263991,91.01098,290065
341,layomia,53,0.01827,264044,91.02925,290065
342,michaelficarra,53,0.01827,264097,91.04752,290065
343,Petermarcu,53,0.01827,264150,91.06580,290065
344,Clockwork-Muse,52,0.01793,264202,91.08372,290065
345,jquense,52,0.01793,264254,91.10165,290065
346,openssl-machine,52,0.01793,264306,91.11958,290065
347,realityking,52,0.01793,264358,91.13750,290065
348,smile21prc,52,0.01793,264410,91.15543,290065
349,stash,52,0.01793,264462,91.17336,290065
350,dwmw2,51,0.01758,264513,91.19094,290065
351,ghedo,51,0.01758,264564,91.20852,290065
352,Splaktar,51,0.01758,264615,91.22610,290065
353,zhiyelee,51,0.01758,264666,91.24369,290065
354,ashfahan,50,0.01724,264716,91.26092,290065
355,leo,50,0.01724,264766,91.27816,290065
356,OmarTawfik,50,0.01724,264816,91.29540,290065
357,qmfrederik,50,0.01724,264866,91.31264,290065
358,RyanZim,50,0.01724,264916,91.32987,290065
359,sdmaclea,50,0.01724,264966,91.34711,290065
360,shahata,50,0.01724,265016,91.36435,290065
361,vanesyan,50,0.01724,265066,91.38159,290065
362,ashawley,49,0.01689,265115,91.39848,290065
363,krosenvold,49,0.01689,265164,91.41537,290065
364,akoeplinger,48,0.01655,265212,91.43192,290065
365,emilyemorehouse,48,0.01655,265260,91.44847,290065
366,JohnTortugo,48,0.01655,265308,91.46502,290065
367,pieroxy,48,0.01655,265356,91.48156,290065
368,t8m,48,0.01655,265404,91.49811,290065
369,keyz,47,0.01620,265451,91.51432,290065
370,nylen,47,0.01620,265498,91.53052,290065
371,Arkni,46,0.01586,265544,91.54638,290065
372,Brianmanden,46,0.01586,265590,91.56224,290065
373,chonton,46,0.01586,265636,91.57809,290065
374,dcousens,45,0.01551,265681,91.59361,290065
375,lacker,45,0.01551,265726,91.60912,290065
376,paulirish,45,0.01551,265771,91.62464,290065
377,arschmitz,44,0.01517,265815,91.63980,290065
378,dimo414,44,0.01517,265859,91.65497,290065
379,mathiasbynens,44,0.01517,265903,91.67014,290065
380,staabm,44,0.01517,265947,91.68531,290065
381,terrajobst,44,0.01517,265991,91.70048,290065
382,bbbrumley,43,0.01482,266034,91.71531,290065
383,cellog,43,0.01482,266077,91.73013,290065
384,supergibbs,43,0.01482,266120,91.74495,290065
385,CaerusKaru,42,0.01448,266162,91.75943,290065
386,iamandrewluca,42,0.01448,266204,91.77391,290065
387,kohei-takata,42,0.01448,266246,91.78839,290065
388,motdotla,41,0.01413,266287,91.80253,290065
389,scalablecory,41,0.01413,266328,91.81666,290065
390,thorn0,41,0.01413,266369,91.83080,290065
391,tijoytom,41,0.01413,266410,91.84493,290065
392,karajas,40,0.01379,266450,91.85872,290065
393,sywhang,40,0.01379,266490,91.87251,290065
394,evanvosberg,39,0.01345,266529,91.88596,290065
395,joyent-automation,39,0.01345,266568,91.89940,290065
396,pakrym,39,0.01345,266607,91.91285,290065
397,PascalPrecht,39,0.01345,266646,91.92629,290065
398,florianlacreuse,38,0.01310,266684,91.93939,290065
399,santoshyadav198613,38,0.01310,266722,91.95249,290065
400,joroKr21,37,0.01276,266759,91.96525,290065
401,kapilash,37,0.01276,266796,91.97800,290065
402,nymanjens,37,0.01276,266833,91.99076,290065
403,OverZealous,37,0.01276,266870,92.00352,290065
404,bassjobsen,36,0.01241,266906,92.01593,290065
405,coreyfarrell,36,0.01241,266942,92.02834,290065
406,cston,36,0.01241,266978,92.04075,290065
407,fiigii,36,0.01241,267014,92.05316,290065
408,jkoritzinsky,36,0.01241,267050,92.06557,290065
409,mafintosh,36,0.01241,267086,92.07798,290065
410,pvorb,36,0.01241,267122,92.09039,290065
411,twsouthwick,36,0.01241,267158,92.10280,290065
412,AaronRobinsonMSFT,35,0.01207,267193,92.11487,290065
413,AfsanehR,35,0.01207,267228,92.12694,290065
414,bbowyersmyth,35,0.01207,267263,92.13900,290065
415,blikblum,35,0.01207,267298,92.15107,290065
416,spion,35,0.01207,267333,92.16314,290065
417,Toxicable,35,0.01207,267368,92.17520,290065
418,dsgouda,34,0.01172,267402,92.18692,290065
419,FredKSchott,34,0.01172,267436,92.19865,290065
420,geleems,34,0.01172,267470,92.21037,290065
421,maririos,34,0.01172,267504,92.22209,290065
422,nickuraltsev,34,0.01172,267538,92.23381,290065
423,RJPercival,34,0.01172,267572,92.24553,290065
424,bendrucker,33,0.01138,267605,92.25691,290065
425,cpojer,33,0.01138,267638,92.26828,290065
426,fbasso,33,0.01138,267671,92.27966,290065
427,icfantv,33,0.01138,267704,92.29104,290065
428,JohnRGee,33,0.01138,267737,92.30241,290065
429,Marusyk,33,0.01138,267770,92.31379,290065
430,Maxwe11,33,0.01138,267803,92.32517,290065
431,SimenB,33,0.01138,267836,92.33655,290065
432,sokket,33,0.01138,267869,92.34792,290065
433,yeiacatl,33,0.01138,267902,92.35930,290065
434,gkossakowski,32,0.01103,267934,92.37033,290065
435,glebm,32,0.01103,267966,92.38136,290065
436,pose,32,0.01103,267998,92.39239,290065
437,VladUreche,32,0.01103,268030,92.40343,290065
438,adamsitnik,31,0.01069,268061,92.41411,290065
439,alekitto,31,0.01069,268092,92.42480,290065
440,vsn4ik,31,0.01069,268123,92.43549,290065
441,beldmit,30,0.01034,268153,92.44583,290065
442,BendingBender,30,0.01034,268183,92.45617,290065
443,codecalm,30,0.01034,268213,92.46652,290065
444,hramos,30,0.01034,268243,92.47686,290065
445,EmpireJones,29,0.01000,268272,92.48686,290065
446,felipewmartins,29,0.01000,268301,92.49685,290065
447,frederikprijck,29,0.01000,268330,92.50685,290065
448,GeoSot,29,0.01000,268359,92.51685,290065
449,luqunl,29,0.01000,268388,92.52685,290065
450,mleguen,29,0.01000,268417,92.53685,290065
451,netdpb,29,0.01000,268446,92.54684,290065
452,nglorioso,29,0.01000,268475,92.55684,290065
453,pgovind,29,0.01000,268504,92.56684,290065
454,seanstrom,29,0.01000,268533,92.57684,290065
455,adrianheine,28,0.00965,268561,92.58649,290065
456,bartdesmet,28,0.00965,268589,92.59614,290065
457,cironunes,28,0.00965,268617,92.60580,290065
458,davglass,28,0.00965,268645,92.61545,290065
459,fnagel,28,0.00965,268673,92.62510,290065
460,kinow,28,0.00965,268701,92.63475,290065
461,martijnhoekstra,28,0.00965,268729,92.64441,290065
462,morganbr,28,0.00965,268757,92.65406,290065
463,omajid,28,0.00965,268785,92.66371,290065
464,smarter,28,0.00965,268813,92.67337,290065
465,svick,28,0.00965,268841,92.68302,290065
466,swseverance,28,0.00965,268869,92.69267,290065
467,willshowell,28,0.00965,268897,92.70233,290065
468,ahasall,27,0.00931,268924,92.71163,290065
469,bowenni,27,0.00931,268951,92.72094,290065
470,hankduan,27,0.00931,268978,92.73025,290065
471,joecritch,27,0.00931,269005,92.73956,290065
472,manekinekko,27,0.00931,269032,92.74887,290065
473,SedarG,27,0.00931,269059,92.75817,290065
474,Tratcher,27,0.00931,269086,92.76748,290065
475,vojtajina,27,0.00931,269113,92.77679,290065
476,AArnott,26,0.00896,269139,92.78575,290065
477,dariajung,26,0.00896,269165,92.79472,290065
478,invernizzie,26,0.00896,269191,92.80368,290065
479,jakemac53,26,0.00896,269217,92.81265,290065
480,jcrugzz,26,0.00896,269243,92.82161,290065
481,keyanzhang,26,0.00896,269269,92.83057,290065
482,mattbishop,26,0.00896,269295,92.83954,290065
483,Philippus,26,0.00896,269321,92.84850,290065
484,pvdlg,26,0.00896,269347,92.85746,290065
485,tromey,26,0.00896,269373,92.86643,290065
486,chalin,25,0.00862,269398,92.87505,290065
487,ChrisAlderson,25,0.00862,269423,92.88366,290065
488,dicko2,25,0.00862,269448,92.89228,290065
489,felixmulder,25,0.00862,269473,92.90090,290065
490,jasonchoimtt,25,0.00862,269498,92.90952,290065
491,jteplitz602,25,0.00862,269523,92.91814,290065
492,Khaledgarbaya,25,0.00862,269548,92.92676,290065
493,lucascono,25,0.00862,269573,92.93538,290065
494,stevemoser,25,0.00862,269598,92.94400,290065
495,tony19,25,0.00862,269623,92.95261,290065
496,zamont,25,0.00862,269648,92.96123,290065
497,DanielRuf,24,0.00827,269672,92.96951,290065
498,ermazi,24,0.00827,269696,92.97778,290065
499,goderbauer,24,0.00827,269720,92.98605,290065
500,hseok-oh,24,0.00827,269744,92.99433,290065
501,hterkelsen,24,0.00827,269768,93.00260,290065
502,iamdustan,24,0.00827,269792,93.01088,290065
503,Jasper-M,24,0.00827,269816,93.01915,290065
504,LinusU,24,0.00827,269840,93.02742,290065
505,mikem8361,24,0.00827,269864,93.03570,290065
506,peterblazejewicz,24,0.00827,269888,93.04397,290065
507,StevenBlack,24,0.00827,269912,93.05225,290065
508,TedSander,24,0.00827,269936,93.06052,290065
509,venkat-raman251,24,0.00827,269960,93.06879,290065
510,ysds,24,0.00827,269984,93.07707,290065
511,ashsearle,23,0.00793,270007,93.08500,290065
512,chenglou,23,0.00793,270030,93.09293,290065
513,contra,23,0.00793,270053,93.10086,290065
514,danbev,23,0.00793,270076,93.10879,290065
515,DDvO,23,0.00793,270099,93.11672,290065
516,ivanzotov,23,0.00793,270122,93.12464,290065
517,juleskremer,23,0.00793,270145,93.13257,290065
518,kentcdodds,23,0.00793,270168,93.14050,290065
519,lxShaDoWxl,23,0.00793,270191,93.14843,290065
520,maggiepint,23,0.00793,270214,93.15636,290065
521,marcysutton,23,0.00793,270237,93.16429,290065
522,reconbot,23,0.00793,270260,93.17222,290065
523,satano,23,0.00793,270283,93.18015,290065
524,TrySound,23,0.00793,270306,93.18808,290065
525,vszakats,23,0.00793,270329,93.19601,290065
526,WinCPP,23,0.00793,270352,93.20394,290065
527,alfonso-presa,22,0.00758,270374,93.21152,290065
528,BastienL,22,0.00758,270396,93.21911,290065
529,chkal,22,0.00758,270418,93.22669,290065
530,JohnPostlethwait,22,0.00758,270440,93.23428,290065
531,Marsup,22,0.00758,270462,93.24186,290065
532,mattez,22,0.00758,270484,93.24944,290065
533,mhatvan,22,0.00758,270506,93.25703,290065
534,sarunint,22,0.00758,270528,93.26461,290065
535,stevenbrix,22,0.00758,270550,93.27220,290065
536,TheSavior,22,0.00758,270572,93.27978,290065
537,alex,21,0.00724,270593,93.28702,290065
538,baulig,21,0.00724,270614,93.29426,290065
539,chandanndeep,21,0.00724,270635,93.30150,290065
540,crandmck,21,0.00724,270656,93.30874,290065
541,krytarowski,21,0.00724,270677,93.31598,290065
542,mconnew,21,0.00724,270698,93.32322,290065
543,NE-SmallTown,21,0.00724,270719,93.33046,290065
544,SamVerschueren,21,0.00724,270740,93.33770,290065
545,SekibOmazic,21,0.00724,270761,93.34494,290065
546,sunn-e,21,0.00724,270782,93.35218,290065
547,timruffles,21,0.00724,270803,93.35942,290065
548,tmorehouse,21,0.00724,270824,93.36666,290065
549,xiaoyinl,21,0.00724,270845,93.37390,290065
550,aditya-shankar,20,0.00690,270865,93.38079,290065
551,dariobraun,20,0.00690,270885,93.38769,290065
552,jcagme,20,0.00690,270905,93.39458,290065
553,matthewjh,20,0.00690,270925,93.40148,290065
554,qizhanMS,20,0.00690,270945,93.40837,290065
555,scotttrinh,20,0.00690,270965,93.41527,290065
556,sezeresen,20,0.00690,270985,93.42216,290065
557,sjrd,20,0.00690,271005,93.42906,290065
558,supercodepoet,20,0.00690,271025,93.43595,290065
559,thomas-mcdonald,20,0.00690,271045,93.44285,290065
560,torkleyy,20,0.00690,271065,93.44974,290065
561,typicaljoe,20,0.00690,271085,93.45664,290065
562,willdean,20,0.00690,271105,93.46353,290065
563,yujayee,20,0.00690,271125,93.47043,290065
564,yungsters,20,0.00690,271145,93.47732,290065
565,aickin,19,0.00655,271164,93.48387,290065
566,baooab,19,0.00655,271183,93.49042,290065
567,cebor,19,0.00655,271202,93.49697,290065
568,FrederikSchlemmer,19,0.00655,271221,93.50353,290065
569,gionkunz,19,0.00655,271240,93.51008,290065
570,jsoref,19,0.00655,271259,93.51663,290065
571,m-alzam,19,0.00655,271278,93.52318,290065
572,marcin-wosinek,19,0.00655,271297,93.52973,290065
573,MitMaro,19,0.00655,271316,93.53628,290065
574,niksy,19,0.00655,271335,93.54283,290065
575,pdehaan,19,0.00655,271354,93.54938,290065
576,pentp,19,0.00655,271373,93.55593,290065
577,rahku,19,0.00655,271392,93.56248,290065
578,richlander,19,0.00655,271411,93.56903,290065
579,SomeKittens,19,0.00655,271430,93.57558,290065
580,substack,19,0.00655,271449,93.58213,290065
581,tomocchino,19,0.00655,271468,93.58868,290065
582,TrevorKarjanis,19,0.00655,271487,93.59523,290065
583,troygoode,19,0.00655,271506,93.60178,290065
584,ttowncompiled,19,0.00655,271525,93.60833,290065
585,ahmadnassri,18,0.00621,271543,93.61453,290065
586,alexwolfe,18,0.00621,271561,93.62074,290065
587,Andarist,18,0.00621,271579,93.62695,290065
588,andreasschroth,18,0.00621,271597,93.63315,290065
589,benelliott,18,0.00621,271615,93.63936,290065
590,chlowell,18,0.00621,271633,93.64556,290065
591,Drawaes,18,0.00621,271651,93.65177,290065
592,garhbod,18,0.00621,271669,93.65797,290065
593,graingert,18,0.00621,271687,93.66418,290065
594,jaypinho,18,0.00621,271705,93.67038,290065
595,jcblw,18,0.00621,271723,93.67659,290065
596,jeremyvii,18,0.00621,271741,93.68280,290065
597,kadimi,18,0.00621,271759,93.68900,290065
598,kevva,18,0.00621,271777,93.69521,290065
599,laskoviymishka,18,0.00621,271795,93.70141,290065
600,Potapy4,18,0.00621,271813,93.70762,290065
601,robrich,18,0.00621,271831,93.71382,290065
602,royklutman,18,0.00621,271849,93.72003,290065
603,spericas,18,0.00621,271867,93.72623,290065
604,stash-sfdc,18,0.00621,271885,93.73244,290065
605,amilajack,17,0.00586,271902,93.73830,290065
606,AntonLapounov,17,0.00586,271919,93.74416,290065
607,carlossanlop,17,0.00586,271936,93.75002,290065
608,clydin,17,0.00586,271953,93.75588,290065
609,doowb,17,0.00586,271970,93.76174,290065
610,dota17,17,0.00586,271987,93.76760,290065
611,helmutgranda,17,0.00586,272004,93.77346,290065
612,jameskyle,17,0.00586,272021,93.77933,290065
613,jarrodyellets,17,0.00586,272038,93.78519,290065
614,jbnicolai,17,0.00586,272055,93.79105,290065
615,jcouv,17,0.00586,272072,93.79691,290065
616,jorive,17,0.00586,272089,93.80277,290065
617,keeratsingh,17,0.00586,272106,93.80863,290065
618,loganfsmyth,17,0.00586,272123,93.81449,290065
619,mikesherov,17,0.00586,272140,93.82035,290065
620,ochafik,17,0.00586,272157,93.82621,290065
621,rhenium,17,0.00586,272174,93.83207,290065
622,shuhei,17,0.00586,272191,93.83793,290065
623,sjelin,17,0.00586,272208,93.84379,290065
624,stevermeister,17,0.00586,272225,93.84965,290065
625,tkesgar,17,0.00586,272242,93.85552,290065
626,valorkin,17,0.00586,272259,93.86138,290065
627,vijaykota,17,0.00586,272276,93.86724,290065
628,alberto,16,0.00552,272292,93.87275,290065
629,bradlygreen,16,0.00552,272308,93.87827,290065
630,damieng,16,0.00552,272324,93.88378,290065
631,dragos,16,0.00552,272340,93.88930,290065
632,jackmu95,16,0.00552,272356,93.89482,290065
633,jasonLaster,16,0.00552,272372,93.90033,290065
634,jchawkins725,16,0.00552,272388,93.90585,290065
635,kenneth-reitz,16,0.00552,272404,93.91136,290065
636,macjohnny,16,0.00552,272420,93.91688,290065
637,midzer,16,0.00552,272436,93.92240,290065
638,mmikowski,16,0.00552,272452,93.92791,290065
639,okazou,16,0.00552,272468,93.93343,290065
640,othiym23,16,0.00552,272484,93.93894,290065
641,pgilad,16,0.00552,272500,93.94446,290065
642,rafaelss95,16,0.00552,272516,93.94998,290065
643,rdarcy1,16,0.00552,272532,93.95549,290065
644,rolandasb,16,0.00552,272548,93.96101,290065
645,rvagg,16,0.00552,272564,93.96652,290065
646,rxaviers,16,0.00552,272580,93.97204,290065
647,SGuyGe,16,0.00552,272596,93.97756,290065
648,shaneparsons,16,0.00552,272612,93.98307,290065
649,stevehobbsdev,16,0.00552,272628,93.98859,290065
650,tylermcginnis,16,0.00552,272644,93.99410,290065
651,vatsan-madhavan,16,0.00552,272660,93.99962,290065
652,wackerm,16,0.00552,272676,94.00514,290065
653,wesleytodd,16,0.00552,272692,94.01065,290065
654,YingP99,16,0.00552,272708,94.01617,290065
655,ameya-pandilwar,15,0.00517,272723,94.02134,290065
656,arvind0598,15,0.00517,272738,94.02651,290065
657,battaglr,15,0.00517,272753,94.03168,290065
658,billyjanitsch,15,0.00517,272768,94.03685,290065
659,Clemmy,15,0.00517,272783,94.04203,290065
660,cshung,15,0.00517,272798,94.04720,290065
661,devongovett,15,0.00517,272813,94.05237,290065
662,gjungb,15,0.00517,272828,94.05754,290065
663,JiayiLi,15,0.00517,272843,94.06271,290065
664,johndoe31415,15,0.00517,272858,94.06788,290065
665,JustinBeckwith,15,0.00517,272873,94.07305,290065
666,kanongil,15,0.00517,272888,94.07822,290065
667,Katherraptor,15,0.00517,272903,94.08340,290065
668,malkomich,15,0.00517,272918,94.08857,290065
669,OmicronPersei,15,0.00517,272933,94.09374,290065
670,rheh,15,0.00517,272948,94.09891,290065
671,Simek,15,0.00517,272963,94.10408,290065
672,stevenaw,15,0.00517,272978,94.10925,290065
673,syranide,15,0.00517,272993,94.11442,290065
674,tomato42,15,0.00517,273008,94.11959,290065
675,Varunram,15,0.00517,273023,94.12477,290065
676,wenzhixin,15,0.00517,273038,94.12994,290065
677,zertosh,15,0.00517,273053,94.13511,290065
678,arjantijms,14,0.00483,273067,94.13993,290065
679,axelheer,14,0.00483,273081,94.14476,290065
680,Daniel15,14,0.00483,273095,94.14959,290065
681,defunctzombie,14,0.00483,273109,94.15441,290065
682,DrewScoggins,14,0.00483,273123,94.15924,290065
683,georgewilde,14,0.00483,273137,94.16407,290065
684,gourlaysama,14,0.00483,273151,94.16889,290065
685,Ichoran,14,0.00483,273165,94.17372,290065
686,JaZo,14,0.00483,273179,94.17855,290065
687,jkotalik,14,0.00483,273193,94.18337,290065
688,juergba,14,0.00483,273207,94.18820,290065
689,LoicGoyet,14,0.00483,273221,94.19303,290065
690,lunaruan,14,0.00483,273235,94.19785,290065
691,mapleeit,14,0.00483,273249,94.20268,290065
692,mspae,14,0.00483,273263,94.20751,290065
693,naamunds,14,0.00483,273277,94.21233,290065
694,nchikanov,14,0.00483,273291,94.21716,290065
695,NikolayPianikov,14,0.00483,273305,94.22198,290065
696,roji,14,0.00483,273319,94.22681,290065
697,spencer1573,14,0.00483,273333,94.23164,290065
698,tiran,14,0.00483,273347,94.23646,290065
699,woahitsraj,14,0.00483,273361,94.24129,290065
700,x64architecture,14,0.00483,273375,94.24612,290065
701,yuyokk,14,0.00483,273389,94.25094,290065
702,adeora,13,0.00448,273402,94.25543,290065
703,alfredmyers,13,0.00448,273415,94.25991,290065
704,andreialecu,13,0.00448,273428,94.26439,290065
705,aswaterman,13,0.00448,273441,94.26887,290065
706,davidwrighton,13,0.00448,273454,94.27335,290065
707,dherges,13,0.00448,273467,94.27783,290065
708,dmbaughman,13,0.00448,273480,94.28232,290065
709,evocateur,13,0.00448,273493,94.28680,290065
710,gbalykov,13,0.00448,273506,94.29128,290065
711,GCichosz,13,0.00448,273519,94.29576,290065
712,grimreaper,13,0.00448,273532,94.30024,290065
713,guidovranken,13,0.00448,273545,94.30472,290065
714,isaacl,13,0.00448,273558,94.30921,290065
715,jamiekrug,13,0.00448,273571,94.31369,290065
716,jesselpalmer,13,0.00448,273584,94.31817,290065
717,jgolieb,13,0.00448,273597,94.32265,290065
718,Kikobeats,13,0.00448,273610,94.32713,290065
719,Krinkle,13,0.00448,273623,94.33162,290065
720,kukac7,13,0.00448,273636,94.33610,290065
721,LeonardoBraga,13,0.00448,273649,94.34058,290065
722,mattlewis92,13,0.00448,273662,94.34506,290065
723,michael-o,13,0.00448,273675,94.34954,290065
724,mridgway,13,0.00448,273688,94.35402,290065
725,notrab,13,0.00448,273701,94.35851,290065
726,ovpv,13,0.00448,273714,94.36299,290065
727,paulmillr,13,0.00448,273727,94.36747,290065
728,prateekgoel,13,0.00448,273740,94.37195,290065
729,splincode,13,0.00448,273753,94.37643,290065
730,StringEpsilon,13,0.00448,273766,94.38091,290065
731,teropa,13,0.00448,273779,94.38540,290065
732,textbook,13,0.00448,273792,94.38988,290065
733,thattanmay,13,0.00448,273805,94.39436,290065
734,tjvantoll,13,0.00448,273818,94.39884,290065
735,zacechola,13,0.00448,273831,94.40332,290065
736,agl,12,0.00414,273843,94.40746,290065
737,agnosticdev,12,0.00414,273855,94.41160,290065
738,alexzherdev,12,0.00414,273867,94.41573,290065
739,allanrenucci,12,0.00414,273879,94.41987,290065
740,bgw,12,0.00414,273891,94.42401,290065
741,bimargulies-google,12,0.00414,273903,94.42815,290065
742,BridgeAR,12,0.00414,273915,94.43228,290065
743,brigand,12,0.00414,273927,94.43642,290065
744,butterflyhug,12,0.00414,273939,94.44056,290065
745,Chainhelen,12,0.00414,273951,94.44469,290065
746,craigmichaelmartin,12,0.00414,273963,94.44883,290065
747,dannyskoog,12,0.00414,273975,94.45297,290065
748,davidjb,12,0.00414,273987,94.45710,290065
749,dennisdietrich,12,0.00414,273999,94.46124,290065
750,dmytroyarmak,12,0.00414,274011,94.46538,290065
751,echesakovMSFT,12,0.00414,274023,94.46952,290065
752,FiveTimesTheFun,12,0.00414,274035,94.47365,290065
753,gfoidl,12,0.00414,274047,94.47779,290065
754,Haroenv,12,0.00414,274059,94.48193,290065
755,heikojansen,12,0.00414,274071,94.48606,290065
756,janhenke,12,0.00414,274083,94.49020,290065
757,jrumandal,12,0.00414,274095,94.49434,290065
758,julianobrasil,12,0.00414,274107,94.49847,290065
759,MrWolfZ,12,0.00414,274119,94.50261,290065
760,nickvdyck,12,0.00414,274131,94.50675,290065
761,nicolo-ribaudo,12,0.00414,274143,94.51089,290065
762,nslottow,12,0.00414,274155,94.51502,290065
763,omsmith,12,0.00414,274167,94.51916,290065
764,Pereida,12,0.00414,274179,94.52330,290065
765,PeteGillinGoogle,12,0.00414,274191,94.52743,290065
766,philipp-spiess,12,0.00414,274203,94.53157,290065
767,pickfire,12,0.00414,274215,94.53571,290065
768,ramarag,12,0.00414,274227,94.53984,290065
769,romanlex,12,0.00414,274239,94.54398,290065
770,sabrown84,12,0.00414,274251,94.54812,290065
771,schnittstabil,12,0.00414,274263,94.55226,290065
772,StephenBonikowsky,12,0.00414,274275,94.55639,290065
773,tojimjiang,12,0.00414,274287,94.56053,290065
774,vannitotaro,12,0.00414,274299,94.56467,290065
775,xuwei-k,12,0.00414,274311,94.56880,290065
776,aeijdenberg,11,0.00379,274322,94.57260,290065
777,alrra,11,0.00379,274333,94.57639,290065
778,apechimp,11,0.00379,274344,94.58018,290065
779,beaugunderson,11,0.00379,274355,94.58397,290065
780,brandonroberts,11,0.00379,274366,94.58776,290065
781,brenuart,11,0.00379,274377,94.59156,290065
782,CaselIT,11,0.00379,274388,94.59535,290065
783,ChALkeR,11,0.00379,274399,94.59914,290065
784,chrismbarr,11,0.00379,274410,94.60293,290065
785,d10,11,0.00379,274421,94.60673,290065
786,danez,11,0.00379,274432,94.61052,290065
787,davepacheco,11,0.00379,274443,94.61431,290065
788,Diego-Perez-Botero,11,0.00379,274454,94.61810,290065
789,elidoran,11,0.00379,274465,94.62190,290065
790,escodel,11,0.00379,274476,94.62569,290065
791,geoffbass,11,0.00379,274487,94.62948,290065
792,gitter-badger,11,0.00379,274498,94.63327,290065
793,Goodwine,11,0.00379,274509,94.63706,290065
794,gregw,11,0.00379,274520,94.64086,290065
795,hazendaz,11,0.00379,274531,94.64465,290065
796,hughsk,11,0.00379,274542,94.64844,290065
797,jbhensley,11,0.00379,274553,94.65223,290065
798,josalem,11,0.00379,274564,94.65603,290065
799,joshwand,11,0.00379,274575,94.65982,290065
800,Jozkee,11,0.00379,274586,94.66361,290065
801,jutaz,11,0.00379,274597,94.66740,290065
802,juthilo,11,0.00379,274608,94.67119,290065
803,kluever,11,0.00379,274619,94.67499,290065
804,KostaVlev,11,0.00379,274630,94.67878,290065
805,LucasSloan,11,0.00379,274641,94.68257,290065
806,MatiasPuhakka,11,0.00379,274652,94.68636,290065
807,maxogden,11,0.00379,274663,94.69016,290065
808,NathanWalker,11,0.00379,274674,94.69395,290065
809,nicohvi,11,0.00379,274685,94.69774,290065
810,pascal-cuoq,11,0.00379,274696,94.70153,290065
811,PikadudeNo1,11,0.00379,274707,94.70532,290065
812,raja-ashok,11,0.00379,274718,94.70912,290065
813,rupl,11,0.00379,274729,94.71291,290065
814,StanislavUshakov,11,0.00379,274740,94.71670,290065
815,stuartwdouglas,11,0.00379,274751,94.72049,290065
816,tbodt,11,0.00379,274762,94.72429,290065
817,t-j-h,11,0.00379,274773,94.72808,290065
818,whawker,11,0.00379,274784,94.73187,290065
819,YourDeveloperFriend,11,0.00379,274795,94.73566,290065
820,alireza-mh,10,0.00345,274805,94.73911,290065
821,amZotti,10,0.00345,274815,94.74256,290065
822,aorinevo,10,0.00345,274825,94.74601,290065
823,atefBB,10,0.00345,274835,94.74945,290065
824,bbolli,10,0.00345,274845,94.75290,290065
825,bertyhell,10,0.00345,274855,94.75635,290065
826,bhamodi,10,0.00345,274865,94.75980,290065
827,bmarkov,10,0.00345,274875,94.76324,290065
828,catchsudheera,10,0.00345,274885,94.76669,290065
829,clemmy,10,0.00345,274895,94.77014,290065
830,cody,10,0.00345,274905,94.77359,290065
831,coolaj86,10,0.00345,274915,94.77703,290065
832,cyrilletuzi,10,0.00345,274925,94.78048,290065
833,davkean,10,0.00345,274935,94.78393,290065
834,Degubi,10,0.00345,274945,94.78738,290065
835,Dreamescaper,10,0.00345,274955,94.79082,290065
836,drskullster,10,0.00345,274965,94.79427,290065
837,EdwardBetts,10,0.00345,274975,94.79772,290065
838,FireAlkazar,10,0.00345,274985,94.80117,290065
839,fmalcher,10,0.00345,274995,94.80461,290065
840,Gillespie59,10,0.00345,275005,94.80806,290065
841,graveto,10,0.00345,275015,94.81151,290065
842,jaredly,10,0.00345,275025,94.81496,290065
843,jnizet,10,0.00345,275035,94.81840,290065
844,johanlef,10,0.00345,275045,94.82185,290065
845,JohannesHoppe,10,0.00345,275055,94.82530,290065
846,justsml,10,0.00345,275065,94.82875,290065
847,keithharvey,10,0.00345,275075,94.83219,290065
848,kevinruscoe,10,0.00345,275085,94.83564,290065
849,khellang,10,0.00345,275095,94.83909,290065
850,luhenry,10,0.00345,275105,94.84254,290065
851,martinsik,10,0.00345,275115,94.84598,290065
852,MaximilianTews,10,0.00345,275125,94.84943,290065
853,MaximLipnin,10,0.00345,275135,94.85288,290065
854,michaelgeorgeattard,10,0.00345,275145,94.85633,290065
855,MisatoTremor,10,0.00345,275155,94.85977,290065
856,mojavelinux,10,0.00345,275165,94.86322,290065
857,morrissey-ingenious,10,0.00345,275175,94.86667,290065
858,mpociecha,10,0.00345,275185,94.87012,290065
859,Mr21,10,0.00345,275195,94.87356,290065
860,nattress,10,0.00345,275205,94.87701,290065
861,pfmooney,10,0.00345,275215,94.88046,290065
862,piotrtomiak,10,0.00345,275225,94.88391,290065
863,PiPeep,10,0.00345,275235,94.88735,290065
864,riarenas,10,0.00345,275245,94.89080,290065
865,samjulien,10,0.00345,275255,94.89425,290065
866,som-snytt,10,0.00345,275265,94.89770,290065
867,srawlins,10,0.00345,275275,94.90114,290065
868,sumitbhagwani,10,0.00345,275285,94.90459,290065
869,tunniclm,10,0.00345,275295,94.90804,290065
870,urish,10,0.00345,275305,94.91149,290065
871,valery1707,10,0.00345,275315,94.91493,290065
872,vanessanschmitt,10,0.00345,275325,94.91838,290065
873,vargaz,10,0.00345,275335,94.92183,290065
874,vweevers,10,0.00345,275345,94.92528,290065
875,WilliamCollishaw,10,0.00345,275355,94.92872,290065
876,xcatliu,10,0.00345,275365,94.93217,290065
877,aavmurphy,9,0.00310,275374,94.93527,290065
878,adrienboulle,9,0.00310,275383,94.93838,290065
879,aisera-mikowski,9,0.00310,275392,94.94148,290065
880,AlmeroSteyn,9,0.00310,275401,94.94458,290065
881,aLostEngineer,9,0.00310,275410,94.94768,290065
882,Ana06,9,0.00310,275419,94.95079,290065
883,angelsanz,9,0.00310,275428,94.95389,290065
884,antonmoiseev,9,0.00310,275437,94.95699,290065
885,bkyarger,9,0.00310,275446,94.96010,290065
886,blackdwarf,9,0.00310,275455,94.96320,290065
887,Borkason,9,0.00310,275464,94.96630,290065
888,boyter,9,0.00310,275473,94.96940,290065
889,bradwestfall,9,0.00310,275482,94.97251,290065
890,Brocco,9,0.00310,275491,94.97561,290065
891,caiquecastro,9,0.00310,275500,94.97871,290065
892,CassanD,9,0.00310,275509,94.98181,290065
893,chrisblossom,9,0.00310,275518,94.98492,290065
894,cscott,9,0.00310,275527,94.98802,290065
895,DaiMichael,9,0.00310,275536,94.99112,290065
896,danielsogl,9,0.00310,275545,94.99423,290065
897,Delagen,9,0.00310,275554,94.99733,290065
898,denisx,9,0.00310,275563,95.00043,290065
899,dseefeld,9,0.00310,275572,95.00353,290065
900,dulybon1,9,0.00310,275581,95.00664,290065
901,eanova,9,0.00310,275590,95.00974,290065
902,eddiemonge,9,0.00310,275599,95.01284,290065
903,ejball,9,0.00310,275608,95.01594,290065
904,ericnakagawa,9,0.00310,275617,95.01905,290065
905,evqna,9,0.00310,275626,95.02215,290065
906,ExE-Boss,9,0.00310,275635,95.02525,290065
907,EzyHow,9,0.00310,275644,95.02836,290065
908,felixonmars,9,0.00310,275653,95.03146,290065
909,FezVrasta,9,0.00310,275662,95.03456,290065
910,florisverburg,9,0.00310,275671,95.03766,290065
911,gabrielmaldi,9,0.00310,275680,95.04077,290065
912,Gnbrkm41,9,0.00310,275689,95.04387,290065
913,graue,9,0.00310,275698,95.04697,290065
914,gricey432,9,0.00310,275707,95.05007,290065
915,hann013,9,0.00310,275716,95.05318,290065
916,hannahhoward,9,0.00310,275725,95.05628,290065
917,H--o-l,9,0.00310,275734,95.05938,290065
918,howardcox,9,0.00310,275743,95.06249,290065
919,jamesgeorge007,9,0.00310,275752,95.06559,290065
920,JimboWei,9,0.00310,275761,95.06869,290065
921,jmm,9,0.00310,275770,95.07179,290065
922,jorrit,9,0.00310,275779,95.07490,290065
923,josephsavona,9,0.00310,275788,95.07800,290065
924,josguil,9,0.00310,275797,95.08110,290065
925,jwilk,9,0.00310,275806,95.08421,290065
926,kkurni,9,0.00310,275815,95.08731,290065
927,kseamon,9,0.00310,275824,95.09041,290065
928,laggingreflex,9,0.00310,275833,95.09351,290065
929,LayZeeDK,9,0.00310,275842,95.09662,290065
930,MartinKolarik,9,0.00310,275851,95.09972,290065
931,mbehrlich,9,0.00310,275860,95.10282,290065
932,mysticatea,9,0.00310,275869,95.10592,290065
933,oBusk,9,0.00310,275878,95.10903,290065
934,Omnichronous,9,0.00310,275887,95.11213,290065
935,pablocrivella,9,0.00310,275896,95.11523,290065
936,packtpartner,9,0.00310,275905,95.11834,290065
937,PowerKiKi,9,0.00310,275914,95.12144,290065
938,ravimeda,9,0.00310,275923,95.12454,290065
939,Raynos,9,0.00310,275932,95.12764,290065
940,rickbeerendonk,9,0.00310,275941,95.13075,290065
941,rmartin-stratus,9,0.00310,275950,95.13385,290065
942,Rychu-Pawel,9,0.00310,275959,95.13695,290065
943,sevensees,9,0.00310,275968,95.14005,290065
944,shiftylogic,9,0.00310,275977,95.14316,290065
945,sreeramu,9,0.00310,275986,95.14626,290065
946,steelsojka,9,0.00310,275995,95.14936,290065
947,suguru03,9,0.00310,276004,95.15247,290065
948,Suresh918,9,0.00310,276013,95.15557,290065
949,thlorenz,9,0.00310,276022,95.15867,290065
950,thymikee,9,0.00310,276031,95.16177,290065
951,tomarak,9,0.00310,276040,95.16488,290065
952,tommcdon,9,0.00310,276049,95.16798,290065
953,triska,9,0.00310,276058,95.17108,290065
954,troydemonbreun,9,0.00310,276067,95.17419,290065
955,TylerBrinkley,9,0.00310,276076,95.17729,290065
956,wateret,9,0.00310,276085,95.18039,290065
957,wincent,9,0.00310,276094,95.18349,290065
958,yasuf,9,0.00310,276103,95.18660,290065
959,yiminghe,9,0.00310,276112,95.18970,290065
960,YuliaTsareva,9,0.00310,276121,95.19280,290065
961,zkat,9,0.00310,276130,95.19590,290065
962,abalad,8,0.00276,276138,95.19866,290065
963,abhaynikam,8,0.00276,276146,95.20142,290065
964,adiaaida,8,0.00276,276154,95.20418,290065
965,agcolom,8,0.00276,276162,95.20694,290065
966,ajcvickers,8,0.00276,276170,95.20969,290065
967,AlbertWillemsen-Centric,8,0.00276,276178,95.21245,290065
968,alcfeoh,8,0.00276,276186,95.21521,290065
969,andypatterson,8,0.00276,276194,95.21797,290065
970,anenviousguest,8,0.00276,276202,95.22073,290065
971,anjoshigor,8,0.00276,276210,95.22348,290065
972,apetrosian,8,0.00276,276218,95.22624,290065
973,arizzitano,8,0.00276,276226,95.22900,290065
974,awiseman,8,0.00276,276234,95.23176,290065
975,bamnet,8,0.00276,276242,95.23452,290065
976,BBlackwo,8,0.00276,276250,95.23727,290065
977,bernard-lin,8,0.00276,276258,95.24003,290065
978,b-laporte,8,0.00276,276266,95.24279,290065
979,blove,8,0.00276,276274,95.24555,290065
980,brad,8,0.00276,276282,95.24831,290065
981,cheenamalhotra,8,0.00276,276290,95.25106,290065
982,chrisjlee,8,0.00276,276298,95.25382,290065
983,chrisse27,8,0.00276,276306,95.25658,290065
984,chris-smith-zocdoc,8,0.00276,276314,95.25934,290065
985,christophehurpeau,8,0.00276,276322,95.26210,290065
986,davidkaya,8,0.00276,276330,95.26485,290065
987,david-proctor,8,0.00276,276338,95.26761,290065
988,davidreher,8,0.00276,276346,95.27037,290065
989,dominykas,8,0.00276,276354,95.27313,290065
990,dsblv,8,0.00276,276362,95.27589,290065
991,ericjim,8,0.00276,276370,95.27864,290065
992,erozenfeld,8,0.00276,276378,95.28140,290065
993,Fank,8,0.00276,276386,95.28416,290065
994,FuzzySockets,8,0.00276,276394,95.28692,290065
995,galczo5,8,0.00276,276402,95.28968,290065
996,gareth,8,0.00276,276410,95.29243,290065
997,github-cygwin,8,0.00276,276418,95.29519,290065
998,gordonmzhu,8,0.00276,276426,95.29795,290065
999,gregersrygg,8,0.00276,276434,95.30071,290065
1000,hkdobrev,8,0.00276,276442,95.30347,290065
1001,hpshelton,8,0.00276,276450,95.30622,290065
1002,hyandell,8,0.00276,276458,95.30898,290065
1003,ipuustin,8,0.00276,276466,95.31174,290065
1004,jacob314,8,0.00276,276474,95.31450,290065
1005,janrieke,8,0.00276,276482,95.31726,290065
1006,janvanhelvoort,8,0.00276,276490,95.32001,290065
1007,jarrettmeyer,8,0.00276,276498,95.32277,290065
1008,JasonEtco,8,0.00276,276506,95.32553,290065
1009,jbowtie,8,0.00276,276514,95.32829,290065
1010,jddxf,8,0.00276,276522,95.33105,290065
1011,jisaacks,8,0.00276,276530,95.33380,290065
1012,jonwolski,8,0.00276,276538,95.33656,290065
1013,josepot,8,0.00276,276546,95.33932,290065
1014,kdinev,8,0.00276,276554,95.34208,290065
1015,keertip,8,0.00276,276562,95.34484,290065
1016,keithamus,8,0.00276,276570,95.34759,290065
1017,KKhurin,8,0.00276,276578,95.35035,290065
1018,leemgs,8,0.00276,276586,95.35311,290065
1019,lemmaa,8,0.00276,276594,95.35587,290065
1020,loganaden,8,0.00276,276602,95.35863,290065
1021,MaggieTsang,8,0.00276,276610,95.36138,290065
1022,mairaw,8,0.00276,276618,95.36414,290065
1023,markt-asf,8,0.00276,276626,95.36690,290065
1024,mitermayer,8,0.00276,276634,95.36966,290065
1025,mvastola,8,0.00276,276642,95.37242,290065
1026,noloader,8,0.00276,276650,95.37517,290065
1027,odan,8,0.00276,276658,95.37793,290065
1028,odd,8,0.00276,276666,95.38069,290065
1029,operatino,8,0.00276,276674,95.38345,290065
1030,parjong,8,0.00276,276682,95.38621,290065
1031,pgiraud,8,0.00276,276690,95.38896,290065
1032,psimyn,8,0.00276,276698,95.39172,290065
1033,purezen,8,0.00276,276706,95.39448,290065
1034,pwolaq,8,0.00276,276714,95.39724,290065
1035,raunofreiberg,8,0.00276,276722,95.40000,290065
1036,roderickhsiao,8,0.00276,276730,95.40275,290065
1037,sebkur,8,0.00276,276738,95.40551,290065
1038,sjurba,8,0.00276,276746,95.40827,290065
1039,spectre6000,8,0.00276,276754,95.41103,290065
1040,stefichjo,8,0.00276,276762,95.41379,290065
1041,stevezhu,8,0.00276,276770,95.41654,290065
1042,sveinpg,8,0.00276,276778,95.41930,290065
1043,thanhpd,8,0.00276,276786,95.42206,290065
1044,valexiev,8,0.00276,276794,95.42482,290065
1045,vvakame,8,0.00276,276802,95.42758,290065
1046,zce,8,0.00276,276810,95.43033,290065
1047,12wrigja,7,0.00241,276817,95.43275,290065
1048,a0viedo,7,0.00241,276824,95.43516,290065
1049,adamdbradley,7,0.00241,276831,95.43757,290065
1050,adityamandaleeka,7,0.00241,276838,95.43999,290065
1051,agocke,7,0.00241,276845,95.44240,290065
1052,alexcastillo,7,0.00241,276852,95.44481,290065
1053,alexischr,7,0.00241,276859,95.44723,290065
1054,alirezamirian,7,0.00241,276866,95.44964,290065
1055,alisd23,7,0.00241,276873,95.45205,290065
1056,andyklimczak,7,0.00241,276880,95.45447,290065
1057,anurse,7,0.00241,276887,95.45688,290065
1058,bchavez,7,0.00241,276894,95.45929,290065
1059,crummel,7,0.00241,276901,95.46171,290065
1060,danjm,7,0.00241,276908,95.46412,290065
1061,dmjones,7,0.00241,276915,95.46653,290065
1062,DominikTrenz,7,0.00241,276922,95.46895,290065
1063,dutchenkoOleg,7,0.00241,276929,95.47136,290065
1064,edmorley,7,0.00241,276936,95.47377,290065
1065,elbywan,7,0.00241,276943,95.47619,290065
1066,felixrabe,7,0.00241,276950,95.47860,290065
1067,fpipita,7,0.00241,276957,95.48101,290065
1068,FrankiePo,7,0.00241,276964,95.48343,290065
1069,gijsroge,7,0.00241,276971,95.48584,290065
1070,gmethvin,7,0.00241,276978,95.48825,290065
1071,gucong3000,7,0.00241,276985,95.49067,290065
1072,HamsterExAstris,7,0.00241,276992,95.49308,290065
1073,hannob,7,0.00241,276999,95.49549,290065
1074,heathkit,7,0.00241,277006,95.49791,290065
1075,Hibernate-CI,7,0.00241,277013,95.50032,290065
1076,hubot,7,0.00241,277020,95.50273,290065
1077,imcarolwang,7,0.00241,277027,95.50515,290065
1078,IsmaHaro,7,0.00241,277034,95.50756,290065
1079,JaKXz,7,0.00241,277041,95.50997,290065
1080,jbduncan,7,0.00241,277048,95.51239,290065
1081,jedmao,7,0.00241,277055,95.51480,290065
1082,jerone,7,0.00241,277062,95.51721,290065
1083,jnordberg,7,0.00241,277069,95.51962,290065
1084,jodytate,7,0.00241,277076,95.52204,290065
1085,joneff,7,0.00241,277083,95.52445,290065
1086,jontewks,7,0.00241,277090,95.52686,290065
1087,JordyvanDortmont,7,0.00241,277097,95.52928,290065
1088,kanielc,7,0.00241,277104,95.53169,290065
1089,kasiabulat,7,0.00241,277111,95.53410,290065
1090,KELiON,7,0.00241,277118,95.53652,290065
1091,Kerumen,7,0.00241,277125,95.53893,290065
1092,KevinJannis,7,0.00241,277132,95.54134,290065
1093,krnsripati,7,0.00241,277139,95.54376,290065
1094,kunalspathak,7,0.00241,277146,95.54617,290065
1095,KuraFire,7,0.00241,277153,95.54858,290065
1096,laumair,7,0.00241,277160,95.55100,290065
1097,lauxjpn,7,0.00241,277167,95.55341,290065
1098,madmir,7,0.00241,277174,95.55582,290065
1099,MatheusRV,7,0.00241,277181,95.55824,290065
1100,MatthewBeardmore,7,0.00241,277188,95.56065,290065
1101,matthewdunsdon,7,0.00241,277195,95.56306,290065
1102,max-b,7,0.00241,277202,95.56548,290065
1103,mbroadst,7,0.00241,277209,95.56789,290065
1104,michael-letcher,7,0.00241,277216,95.57030,290065
1105,mier85,7,0.00241,277223,95.57272,290065
1106,mihaerzen,7,0.00241,277230,95.57513,290065
1107,mreinstein,7,0.00241,277237,95.57754,290065
1108,nategraf,7,0.00241,277244,95.57996,290065
1109,ngyikp,7,0.00241,277251,95.58237,290065
1110,nicketson,7,0.00241,277258,95.58478,290065
1111,NiklasMehner,7,0.00241,277265,95.58720,290065
1112,noahfalk,7,0.00241,277272,95.58961,290065
1113,Noodle05,7,0.00241,277279,95.59202,290065
1114,NthPortal,7,0.00241,277286,95.59444,290065
1115,nunoarruda,7,0.00241,277293,95.59685,290065
1116,ofrobots,7,0.00241,277300,95.59926,290065
1117,panchenko,7,0.00241,277307,95.60168,290065
1118,PeterDaveHello,7,0.00241,277314,95.60409,290065
1119,pharring,7,0.00241,277321,95.60650,290065
1120,picapixa,7,0.00241,277328,95.60892,290065
1121,pkaminski,7,0.00241,277335,95.61133,290065
1122,ppham27,7,0.00241,277342,95.61374,290065
1123,raajtram,7,0.00241,277349,95.61615,290065
1124,renanmontebelo,7,0.00241,277356,95.61857,290065
1125,rorygraves,7,0.00241,277363,95.62098,290065
1126,rricard,7,0.00241,277370,95.62339,290065
1127,ruedap,7,0.00241,277377,95.62581,290065
1128,SamuelEnglard,7,0.00241,277384,95.62822,290065
1129,saucecontrol,7,0.00241,277391,95.63063,290065
1130,sean-gilliam,7,0.00241,277398,95.63305,290065
1131,sergej2705,7,0.00241,277405,95.63546,290065
1132,shaedrich,7,0.00241,277412,95.63787,290065
1133,shrutigarg,7,0.00241,277419,95.64029,290065
1134,Sibiraj-Codes,7,0.00241,277426,95.64270,290065
1135,simonua,7,0.00241,277433,95.64511,290065
1136,skmedix,7,0.00241,277440,95.64753,290065
1137,steveluscher,7,0.00241,277447,95.64994,290065
1138,Stranger6667,7,0.00241,277454,95.65235,290065
1139,stucox,7,0.00241,277461,95.65477,290065
1140,thbt,7,0.00241,277468,95.65718,290065
1141,tiesont,7,0.00241,277475,95.65959,290065
1142,vjkoskela,7,0.00241,277482,95.66201,290065
1143,vladak,7,0.00241,277489,95.66442,290065
1144,voithos,7,0.00241,277496,95.66683,290065
1145,williamboman,7,0.00241,277503,95.66925,290065
1146,wolfgangGoedel,7,0.00241,277510,95.67166,290065
1147,zenorocha,7,0.00241,277517,95.67407,290065
1148,zetsnotdead,7,0.00241,277524,95.67649,290065
1149,aceofspades,6,0.00207,277530,95.67855,290065
1150,addaleax,6,0.00207,277536,95.68062,290065
1151,ad-si,6,0.00207,277542,95.68269,290065
1152,alexeyraspopov,6,0.00207,277548,95.68476,290065
1153,andrewpucci,6,0.00207,277554,95.68683,290065
1154,arcanis,6,0.00207,277560,95.68890,290065
1155,arthurvr,6,0.00207,277566,95.69097,290065
1156,asbjornu,6,0.00207,277572,95.69303,290065
1157,awaterma,6,0.00207,277578,95.69510,290065
1158,awerlang,6,0.00207,277584,95.69717,290065
1159,bampakoa,6,0.00207,277590,95.69924,290065
1160,boneskull,6,0.00207,277596,95.70131,290065
1161,bpschoch,6,0.00207,277602,95.70338,290065
1162,Castaglia,6,0.00207,277608,95.70545,290065
1163,ceedubs,6,0.00207,277614,95.70751,290065
1164,chigix,6,0.00207,277620,95.70958,290065
1165,chlins,6,0.00207,277626,95.71165,290065
1166,ChrisDahmCS,6,0.00207,277632,95.71372,290065
1167,CindyXing,6,0.00207,277638,95.71579,290065
1168,Coeur,6,0.00207,277644,95.71786,290065
1169,cpereida,6,0.00207,277650,95.71992,290065
1170,croaky,6,0.00207,277656,95.72199,290065
1171,ctavan,6,0.00207,277662,95.72406,290065
1172,danielrasmuson,6,0.00207,277668,95.72613,290065
1173,denisname,6,0.00207,277674,95.72820,290065
1174,derekstraka,6,0.00207,277680,95.73027,290065
1175,dhoehna,6,0.00207,277686,95.73234,290065
1176,DnlHarvey,6,0.00207,277692,95.73440,290065
1177,dustinsoftware,6,0.00207,277698,95.73647,290065
1178,ebourg,6,0.00207,277704,95.73854,290065
1179,edmundnoble,6,0.00207,277710,95.74061,290065
1180,ekilah,6,0.00207,277716,95.74268,290065
1181,elharo,6,0.00207,277722,95.74475,290065
1182,erikkemperman,6,0.00207,277728,95.74682,290065
1183,fiddur,6,0.00207,277734,95.74888,290065
1184,flexbox,6,0.00207,277740,95.75095,290065
1185,focusaurus,6,0.00207,277746,95.75302,290065
1186,fredsa,6,0.00207,277752,95.75509,290065
1187,GantMan,6,0.00207,277758,95.75716,290065
1188,gonzalo-roberto-diaz,6,0.00207,277764,95.75923,290065
1189,gperrow-SAP,6,0.00207,277770,95.76129,290065
1190,hanumanthan,6,0.00207,277776,95.76336,290065
1191,Hongbo-Miao,6,0.00207,277782,95.76543,290065
1192,HongGit,6,0.00207,277788,95.76750,290065
1193,hudochenkov,6,0.00207,277794,95.76957,290065
1194,iamam34,6,0.00207,277800,95.77164,290065
1195,iansu,6,0.00207,277806,95.77371,290065
1196,IAPark,6,0.00207,277812,95.77577,290065
1197,icambron,6,0.00207,277818,95.77784,290065
1198,idoo,6,0.00207,277824,95.77991,290065
1199,jackson-huang,6,0.00207,277830,95.78198,290065
1200,Jakuje,6,0.00207,277836,95.78405,290065
1201,JamesMGreene,6,0.00207,277842,95.78612,290065
1202,jasonhodges,6,0.00207,277848,95.78819,290065
1203,jfo84,6,0.00207,277854,95.79025,290065
1204,jfreyre,6,0.00207,277860,95.79232,290065
1205,jimcarley,6,0.00207,277866,95.79439,290065
1206,JLHwung,6,0.00207,277872,95.79646,290065
1207,jnsencha,6,0.00207,277878,95.79853,290065
1208,joelmheim,6,0.00207,277884,95.80060,290065
1209,johanchouquet,6,0.00207,277890,95.80266,290065
1210,josephlin55555,6,0.00207,277896,95.80473,290065
1211,josteink,6,0.00207,277902,95.80680,290065
1212,juristr,6,0.00207,277908,95.80887,290065
1213,justindujardin,6,0.00207,277914,95.81094,290065
1214,kamlekar,6,0.00207,277920,95.81301,290065
1215,kevinoid,6,0.00207,277926,95.81508,290065
1216,kgoldman,6,0.00207,277932,95.81714,290065
1217,kseo,6,0.00207,277938,95.81921,290065
1218,kytart,6,0.00207,277944,95.82128,290065
1219,leecow,6,0.00207,277950,95.82335,290065
1220,lukeapage,6,0.00207,277956,95.82542,290065
1221,lyip1992,6,0.00207,277962,95.82749,290065
1222,magee,6,0.00207,277968,95.82956,290065
1223,maksimr,6,0.00207,277974,95.83162,290065
1224,manishbansal8843,6,0.00207,277980,95.83369,290065
1225,marcosfreitas,6,0.00207,277986,95.83576,290065
1226,marcuswarrenca,6,0.00207,277992,95.83783,290065
1227,mattdesl,6,0.00207,277998,95.83990,290065
1228,mbrukman,6,0.00207,278004,95.84197,290065
1229,mckramer,6,0.00207,278010,95.84403,290065
1230,meenie,6,0.00207,278016,95.84610,290065
1231,mertkahyaoglu,6,0.00207,278022,95.84817,290065
1232,meteorcloudy,6,0.00207,278028,95.85024,290065
1233,mikec,6,0.00207,278034,95.85231,290065
1234,MisinformedDNA,6,0.00207,278040,95.85438,290065
1235,mjomble,6,0.00207,278046,95.85645,290065
1236,monkindey,6,0.00207,278052,95.85851,290065
1237,monoblaine,6,0.00207,278058,95.86058,290065
1238,mrjuri,6,0.00207,278064,95.86265,290065
1239,mrscobbler,6,0.00207,278070,95.86472,290065
1240,nali,6,0.00207,278076,95.86679,290065
1241,nicjansma,6,0.00207,278082,95.86886,290065
1242,nik72619c,6,0.00207,278088,95.87093,290065
1243,ning-github,6,0.00207,278094,95.87299,290065
1244,not-an-aardvark,6,0.00207,278100,95.87506,290065
1245,not-for-me,6,0.00207,278106,95.87713,290065
1246,NothingEverHappens,6,0.00207,278112,95.87920,290065
1247,novemberborn,6,0.00207,278118,95.88127,290065
1248,obriensystems,6,0.00207,278124,95.88334,290065
1249,oliversalzburg,6,0.00207,278130,95.88540,290065
1250,omeid,6,0.00207,278136,95.88747,290065
1251,panva,6,0.00207,278142,95.88954,290065
1252,prajwal-aithal,6,0.00207,278148,95.89161,290065
1253,pshields,6,0.00207,278154,95.89368,290065
1254,qizha,6,0.00207,278160,95.89575,290065
1255,rajansingh10,6,0.00207,278166,95.89782,290065
1256,raycoll,6,0.00207,278172,95.89988,290065
1257,reggi,6,0.00207,278178,95.90195,290065
1258,Richienb,6,0.00207,278184,95.90402,290065
1259,rickhanlonii,6,0.00207,278190,95.90609,290065
1260,risan,6,0.00207,278196,95.90816,290065
1261,rkatka,6,0.00207,278202,95.91023,290065
1262,roblarsen,6,0.00207,278208,95.91230,290065
1263,robphoenix,6,0.00207,278214,95.91436,290065
1264,ronaldtse,6,0.00207,278220,95.91643,290065
1265,rriggin,6,0.00207,278226,95.91850,290065
1266,sambitdash,6,0.00207,278232,95.92057,290065
1267,sandydoo,6,0.00207,278238,95.92264,290065
1268,schen381,6,0.00207,278244,95.92471,290065
1269,SerayaEryn,6,0.00207,278250,95.92678,290065
1270,sharwell,6,0.00207,278256,95.92884,290065
1271,shefalisinha,6,0.00207,278262,95.93091,290065
1272,shime,6,0.00207,278268,95.93298,290065
1273,SiddAjmera,6,0.00207,278274,95.93505,290065
1274,simo5,6,0.00207,278280,95.93712,290065
1275,sjbarker,6,0.00207,278286,95.93919,290065
1276,skiritsis,6,0.00207,278292,95.94125,290065
1277,skreborn,6,0.00207,278298,95.94332,290065
1278,snout-o,6,0.00207,278304,95.94539,290065
1279,sourabhmodi,6,0.00207,278310,95.94746,290065
1280,Sridhar-MS,6,0.00207,278316,95.94953,290065
1281,stain,6,0.00207,278322,95.95160,290065
1282,SteveMarquess,6,0.00207,278328,95.95367,290065
1283,stevenyxu,6,0.00207,278334,95.95573,290065
1284,swaroop-sridhar,6,0.00207,278340,95.95780,290065
1285,swgillespie,6,0.00207,278346,95.95987,290065
1286,TanaseHagi,6,0.00207,278352,95.96194,290065
1287,tatsuhiro-t,6,0.00207,278358,95.96401,290065
1288,TehShrike,6,0.00207,278364,95.96608,290065
1289,thekondrashov,6,0.00207,278370,95.96815,290065
1290,theofidry,6,0.00207,278376,95.97021,290065
1291,tieppt,6,0.00207,278382,95.97228,290065
1292,tintoy,6,0.00207,278388,95.97435,290065
1293,tjhillard,6,0.00207,278394,95.97642,290065
1294,Tobbe,6,0.00207,278400,95.97849,290065
1295,victor-homyakov,6,0.00207,278406,95.98056,290065
1296,viktorklang,6,0.00207,278412,95.98262,290065
1297,vlazar,6,0.00207,278418,95.98469,290065
1298,webmaxru,6,0.00207,278424,95.98676,290065
1299,xavhan,6,0.00207,278430,95.98883,290065
1300,xphong,6,0.00207,278436,95.99090,290065
1301,yangshun,6,0.00207,278442,95.99297,290065
1302,ymeine,6,0.00207,278448,95.99504,290065
1303,YohDeadfall,6,0.00207,278454,95.99710,290065
1304,yursha,6,0.00207,278460,95.99917,290065
1305,zachleat,6,0.00207,278466,96.00124,290065
1306,zackhall,6,0.00207,278472,96.00331,290065
1307,A-And,5,0.00172,278477,96.00503,290065
1308,aashishnagpal,5,0.00172,278482,96.00676,290065
1309,ababkov,5,0.00172,278487,96.00848,290065
1310,abitdodgy,5,0.00172,278492,96.01020,290065
1311,acheevbhagat,5,0.00172,278497,96.01193,290065
1312,alaatm,5,0.00172,278502,96.01365,290065
1313,alanorth,5,0.00172,278507,96.01538,290065
1314,alfaproject,5,0.00172,278512,96.01710,290065
1315,amitauras,5,0.00172,278517,96.01882,290065
1316,amogilev,5,0.00172,278522,96.02055,290065
1317,anatoliykmetyuk,5,0.00172,278527,96.02227,290065
1318,AndreasCag,5,0.00172,278532,96.02399,290065
1319,andrleite,5,0.00172,278537,96.02572,290065
1320,AndyAyersMS,5,0.00172,278542,96.02744,290065
1321,AnSavvides,5,0.00172,278547,96.02917,290065
1322,anthonylangsworth,5,0.00172,278552,96.03089,290065
1323,arechsteiner,5,0.00172,278557,96.03261,290065
1324,artem-smotrakov,5,0.00172,278562,96.03434,290065
1325,avindra,5,0.00172,278567,96.03606,290065
1326,bclinkinbeard,5,0.00172,278572,96.03778,290065
1327,BeastCode,5,0.00172,278577,96.03951,290065
1328,beeman,5,0.00172,278582,96.04123,290065
1329,binki,5,0.00172,278587,96.04296,290065
1330,bmeurer,5,0.00172,278592,96.04468,290065
1331,botaberg,5,0.00172,278597,96.04640,290065
1332,BrennanConroy,5,0.00172,278602,96.04813,290065
1333,BruceForstall,5,0.00172,278607,96.04985,290065
1334,caleb,5,0.00172,278612,96.05157,290065
1335,cburroughs,5,0.00172,278617,96.05330,290065
1336,chentsulin,5,0.00172,278622,96.05502,290065
1337,chicoxyzzy,5,0.00172,278627,96.05675,290065
1338,chrisguttandin,5,0.00172,278632,96.05847,290065
1339,colinwren,5,0.00172,278637,96.06019,290065
1340,CompuIves,5,0.00172,278642,96.06192,290065
1341,connorwyatt,5,0.00172,278647,96.06364,290065
1342,cotequeiroz,5,0.00172,278652,96.06536,290065
1343,crosscompile,5,0.00172,278657,96.06709,290065
1344,cyan33,5,0.00172,278662,96.06881,290065
1345,dancourse,5,0.00172,278667,96.07054,290065
1346,dantman,5,0.00172,278672,96.07226,290065
1347,dapperAuteur,5,0.00172,278677,96.07398,290065
1348,davidlormor,5,0.00172,278682,96.07571,290065
1349,davmason,5,0.00172,278687,96.07743,290065
1350,dbkaplun,5,0.00172,278692,96.07915,290065
1351,demohi,5,0.00172,278697,96.08088,290065
1352,DenrizSusam,5,0.00172,278702,96.08260,290065
1353,dguzzo,5,0.00172,278707,96.08433,290065
1354,dickwall,5,0.00172,278712,96.08605,290065
1355,diegomura,5,0.00172,278717,96.08777,290065
1356,douglasduteil,5,0.00172,278722,96.08950,290065
1357,dschenkelman,5,0.00172,278727,96.09122,290065
1358,DylanPiercey,5,0.00172,278732,96.09294,290065
1359,eed3si9n,5,0.00172,278737,96.09467,290065
1360,ehasis,5,0.00172,278742,96.09639,290065
1361,elyobo,5,0.00172,278747,96.09812,290065
1362,epeli,5,0.00172,278752,96.09984,290065
1363,eps1lon,5,0.00172,278757,96.10156,290065
1364,EtaiG,5,0.00172,278762,96.10329,290065
1365,etsuo,5,0.00172,278767,96.10501,290065
1366,Eunix,5,0.00172,278772,96.10673,290065
1367,fat,5,0.00172,278777,96.10846,290065
1368,feelepxyz,5,0.00172,278782,96.11018,290065
1369,finnhakansson,5,0.00172,278787,96.11191,290065
1370,fknop,5,0.00172,278792,96.11363,290065
1371,flyyang,5,0.00172,278797,96.11535,290065
1372,foolip,5,0.00172,278802,96.11708,290065
1373,FrozenPandaz,5,0.00172,278807,96.11880,290065
1374,G07cha,5,0.00172,278812,96.12052,290065
1375,g1shin,5,0.00172,278817,96.12225,290065
1376,garthbjerk,5,0.00172,278822,96.12397,290065
1377,garysye,5,0.00172,278827,96.12570,290065
1378,ggam,5,0.00172,278832,96.12742,290065
1379,gillyb,5,0.00172,278837,96.12914,290065
1380,gjsduarte,5,0.00172,278842,96.13087,290065
1381,glitchedmob,5,0.00172,278847,96.13259,290065
1382,gressus,5,0.00172,278852,96.13431,290065
1383,gscoppino,5,0.00172,278857,96.13604,290065
1384,hiowenluke,5,0.00172,278862,96.13776,290065
1385,hristo-kanchev,5,0.00172,278867,96.13949,290065
1386,iangreenleaf,5,0.00172,278872,96.14121,290065
1387,ioanacrant,5,0.00172,278877,96.14293,290065
1388,islemaster,5,0.00172,278882,96.14466,290065
1389,ivanseidel,5,0.00172,278887,96.14638,290065
1390,iz4blue,5,0.00172,278892,96.14810,290065
1391,jaredpar,5,0.00172,278897,96.14983,290065
1392,jdanyow,5,0.00172,278902,96.15155,290065
1393,jeffmo,5,0.00172,278907,96.15328,290065
1394,jergason,5,0.00172,278912,96.15500,290065
1395,jfmercer,5,0.00172,278917,96.15672,290065
1396,jimgong92,5,0.00172,278922,96.15845,290065
1397,jitendravyas,5,0.00172,278927,96.16017,290065
1398,jlavallee,5,0.00172,278932,96.16189,290065
1399,jlennox,5,0.00172,278937,96.16362,290065
1400,jmezach,5,0.00172,278942,96.16534,290065
1401,jodastephen,5,0.00172,278947,96.16707,290065
1402,JoeCortopassi,5,0.00172,278952,96.16879,290065
1403,JoyceBabu,5,0.00172,278957,96.17051,290065
1404,jrpool,5,0.00172,278962,96.17224,290065
1405,jthoms1,5,0.00172,278967,96.17396,290065
1406,kamilogorek,5,0.00172,278972,96.17568,290065
1407,Karql,5,0.00172,278977,96.17741,290065
1408,kasiditi,5,0.00172,278982,96.17913,290065
1409,kevinburke,5,0.00172,278987,96.18086,290065
1410,Kirlovon,5,0.00172,278992,96.18258,290065
1411,krambertech,5,0.00172,278997,96.18430,290065
1412,kt3k,5,0.00172,279002,96.18603,290065
1413,KwintenP,5,0.00172,279007,96.18775,290065
1414,lander2k2,5,0.00172,279012,96.18947,290065
1415,lee101,5,0.00172,279017,96.19120,290065
1416,LeeAdcock,5,0.00172,279022,96.19292,290065
1417,lextiz,5,0.00172,279027,96.19465,290065
1418,lgdean,5,0.00172,279032,96.19637,290065
1419,LitoMore,5,0.00172,279037,96.19809,290065
1420,Lixire,5,0.00172,279042,96.19982,290065
1421,lnfnunes,5,0.00172,279047,96.20154,290065
1422,LongTengDao,5,0.00172,279052,96.20326,290065
1423,louy,5,0.00172,279057,96.20499,290065
1424,lyubomyr-shaydariv,5,0.00172,279062,96.20671,290065
1425,maciej-ka,5,0.00172,279067,96.20844,290065
1426,maltefiala,5,0.00172,279072,96.21016,290065
1427,manughub,5,0.00172,279077,96.21188,290065
1428,marcuskrahl,5,0.00172,279082,96.21361,290065
1429,markstos,5,0.00172,279087,96.21533,290065
1430,marob,5,0.00172,279092,96.21705,290065
1431,metamatt,5,0.00172,279097,96.21878,290065
1432,mfairchild365,5,0.00172,279102,96.22050,290065
1433,mhoffmeyerDC,5,0.00172,279107,96.22223,290065
1434,miccarr,5,0.00172,279112,96.22395,290065
1435,michal-franc,5,0.00172,279117,96.22567,290065
1436,middagj,5,0.00172,279122,96.22740,290065
1437,misoguy,5,0.00172,279127,96.22912,290065
1438,mmarkelov,5,0.00172,279132,96.23084,290065
1439,mohsen1,5,0.00172,279137,96.23257,290065
1440,monkeywithacupcake,5,0.00172,279142,96.23429,290065
1441,montogeek,5,0.00172,279147,96.23602,290065
1442,Morishiri,5,0.00172,279152,96.23774,290065
1443,mouse07410,5,0.00172,279157,96.23946,290065
1444,msmeissn,5,0.00172,279162,96.24119,290065
1445,msmorgan,5,0.00172,279167,96.24291,290065
1446,Mutmatt,5,0.00172,279172,96.24463,290065
1447,NextTurn,5,0.00172,279177,96.24636,290065
1448,nmathewson,5,0.00172,279182,96.24808,290065
1449,nordligulv,5,0.00172,279187,96.24981,290065
1450,ODAVING,5,0.00172,279192,96.25153,290065
1451,odedniv,5,0.00172,279197,96.25325,290065
1452,omariom,5,0.00172,279202,96.25498,290065
1453,ORESoftware,5,0.00172,279207,96.25670,290065
1454,orta,5,0.00172,279212,96.25842,290065
1455,outspace,5,0.00172,279217,96.26015,290065
1456,ovr,5,0.00172,279222,96.26187,290065
1457,owencraig,5,0.00172,279227,96.26360,290065
1458,pahdo,5,0.00172,279232,96.26532,290065
1459,panuruj,5,0.00172,279237,96.26704,290065
1460,paulceli,5,0.00172,279242,96.26877,290065
1461,peteretelej,5,0.00172,279247,96.27049,290065
1462,philippsimon,5,0.00172,279252,96.27221,290065
1463,planetoftheweb,5,0.00172,279257,96.27394,290065
1464,pluma,5,0.00172,279262,96.27566,290065
1465,preethamvishy,5,0.00172,279267,96.27739,290065
1466,Prelc,5,0.00172,279272,96.27911,290065
1467,raboof,5,0.00172,279277,96.28083,290065
1468,rahatarmanahmed,5,0.00172,279282,96.28256,290065
1469,reaperhulk,5,0.00172,279287,96.28428,290065
1470,rec,5,0.00172,279292,96.28600,290065
1471,repinel,5,0.00172,279297,96.28773,290065
1472,Retroity,5,0.00172,279302,96.28945,290065
1473,rfoltyns,5,0.00172,279307,96.29118,290065
1474,rilut,5,0.00172,279312,96.29290,290065
1475,rkho,5,0.00172,279317,96.29462,290065
1476,rmzelle,5,0.00172,279322,96.29635,290065
1477,robert-scheck,5,0.00172,279327,96.29807,290065
1478,RobJohnston,5,0.00172,279332,96.29979,290065
1479,rohitkandhal,5,0.00172,279337,96.30152,290065
1480,ro-savage,5,0.00172,279342,96.30324,290065
1481,rosskevin,5,0.00172,279347,96.30497,290065
1482,RReverser,5,0.00172,279352,96.30669,290065
1483,rschmitt,5,0.00172,279357,96.30841,290065
1484,rthor,5,0.00172,279362,96.31014,290065
1485,rwaldron,5,0.00172,279367,96.31186,290065
1486,RyanCavanaugh,5,0.00172,279372,96.31358,290065
1487,sam-github,5,0.00172,279377,96.31531,290065
1488,sbomer,5,0.00172,279382,96.31703,290065
1489,scatcher,5,0.00172,279387,96.31876,290065
1490,scop,5,0.00172,279392,96.32048,290065
1491,ScottSWu,5,0.00172,279397,96.32220,290065
1492,seans3,5,0.00172,279402,96.32393,290065
1493,sebastienros,5,0.00172,279407,96.32565,290065
1494,sfuhrm,5,0.00172,279412,96.32737,290065
1495,Shastel,5,0.00172,279417,96.32910,290065
1496,shigeki,5,0.00172,279422,96.33082,290065
1497,sholladay,5,0.00172,279427,96.33255,290065
1498,shrah,5,0.00172,279432,96.33427,290065
1499,s-light,5,0.00172,279437,96.33599,290065
1500,snood1205,5,0.00172,279442,96.33772,290065
1501,solomax,5,0.00172,279447,96.33944,290065
1502,steji113,5,0.00172,279452,96.34116,290065
1503,stewx,5,0.00172,279457,96.34289,290065
1504,STRML,5,0.00172,279462,96.34461,290065
1505,stroncium,5,0.00172,279467,96.34634,290065
1506,suryasingh,5,0.00172,279472,96.34806,290065
1507,T1st3,5,0.00172,279477,96.34978,290065
1508,tarikulsabbir,5,0.00172,279482,96.35151,290065
1509,taufek,5,0.00172,279487,96.35323,290065
1510,thefourtheye,5,0.00172,279492,96.35495,290065
1511,TheRealHaui,5,0.00172,279497,96.35668,290065
1512,tikotzky,5,0.00172,279502,96.35840,290065
1513,timdeschryver,5,0.00172,279507,96.36013,290065
1514,TimurM,5,0.00172,279512,96.36185,290065
1515,tjcelaya,5,0.00172,279517,96.36357,290065
1516,tmurakam,5,0.00172,279522,96.36530,290065
1517,tniessen,5,0.00172,279527,96.36702,290065
1518,tomByrer,5,0.00172,279532,96.36874,290065
1519,tquerec,5,0.00172,279537,96.37047,290065
1520,underfin,5,0.00172,279542,96.37219,290065
1521,Utsav2,5,0.00172,279547,96.37392,290065
1522,wesalvaro,5,0.00172,279552,96.37564,290065
1523,WikiDiscoverer,5,0.00172,279557,96.37736,290065
1524,wuct,5,0.00172,279562,96.37909,290065
1525,xeno-by,5,0.00172,279567,96.38081,290065
1526,yizhang82,5,0.00172,279572,96.38253,290065
1527,YonatanKra,5,0.00172,279577,96.38426,290065
1528,zbjornson,5,0.00172,279582,96.38598,290065
1529,ztsmith,5,0.00172,279587,96.38771,290065
1530,2m,4,0.00138,279591,96.38909,290065
1531,304NotModified,4,0.00138,279595,96.39046,290065
1532,aardrian,4,0.00138,279599,96.39184,290065
1533,aaron-schmidt,4,0.00138,279603,96.39322,290065
1534,accordeiro,4,0.00138,279607,96.39460,290065
1535,aciccarello,4,0.00138,279611,96.39598,290065
1536,adamzerner,4,0.00138,279615,96.39736,290065
1537,adrian-crum,4,0.00138,279619,96.39874,290065
1538,AdriVanHoudt,4,0.00138,279623,96.40012,290065
1539,ahoefling,4,0.00138,279627,96.40150,290065
1540,Airblader,4,0.00138,279631,96.40288,290065
1541,alediaferia,4,0.00138,279635,96.40425,290065
1542,alexanderkozlenko,4,0.00138,279639,96.40563,290065
1543,alexanderrtaylor,4,0.00138,279643,96.40701,290065
1544,alex-chuev,4,0.00138,279647,96.40839,290065
1545,alexeyr,4,0.00138,279651,96.40977,290065
1546,alfeg,4,0.00138,279655,96.41115,290065
1547,AlfredoMS,4,0.00138,279659,96.41253,290065
1548,alisianoi,4,0.00138,279663,96.41391,290065
1549,alnikola,4,0.00138,279667,96.41529,290065
1550,altescape,4,0.00138,279671,96.41667,290065
1551,amasad,4,0.00138,279675,96.41804,290065
1552,andalm,4,0.00138,279679,96.41942,290065
1553,AndersDJohnson,4,0.00138,279683,96.42080,290065
1554,andreav,4,0.00138,279687,96.42218,290065
1555,AndrusGerman,4,0.00138,279691,96.42356,290065
1556,aroben,4,0.00138,279695,96.42494,290065
1557,arosenberg01,4,0.00138,279699,96.42632,290065
1558,ArtskydJ,4,0.00138,279703,96.42770,290065
1559,ascorbic,4,0.00138,279707,96.42908,290065
1560,asnowwolf,4,0.00138,279711,96.43046,290065
1561,audionerd,4,0.00138,279715,96.43183,290065
1562,augusto-cdxs,4,0.00138,279719,96.43321,290065
1563,austinoneil,4,0.00138,279723,96.43459,290065
1564,AustinWise,4,0.00138,279727,96.43597,290065
1565,axe312ger,4,0.00138,279731,96.43735,290065
1566,b3vegan,4,0.00138,279735,96.43873,290065
1567,balbuf,4,0.00138,279739,96.44011,290065
1568,barney2k7,4,0.00138,279743,96.44149,290065
1569,beatgammit,4,0.00138,279747,96.44287,290065
1570,bembelimen,4,0.00138,279751,96.44425,290065
1571,benmosher,4,0.00138,279755,96.44562,290065
1572,bennetthardwick,4,0.00138,279759,96.44700,290065
1573,bfred-it,4,0.00138,279763,96.44838,290065
1574,bhovhannes,4,0.00138,279767,96.44976,290065
1575,BigGillyStyle,4,0.00138,279771,96.45114,290065
1576,BiohZn,4,0.00138,279775,96.45252,290065
1577,bmeck,4,0.00138,279779,96.45390,290065
1578,boenrobot,4,0.00138,279783,96.45528,290065
1579,bradleyprice,4,0.00138,279787,96.45666,290065
1580,brandon93s,4,0.00138,279791,96.45804,290065
1581,brandonhorst,4,0.00138,279795,96.45941,290065
1582,brunocoelho,4,0.00138,279799,96.46079,290065
1583,brycepj,4,0.00138,279803,96.46217,290065
1584,bsonntag,4,0.00138,279807,96.46355,290065
1585,BTMPL,4,0.00138,279811,96.46493,290065
1586,cakofony,4,0.00138,279815,96.46631,290065
1587,cameronhunter,4,0.00138,279819,96.46769,290065
1588,camilogiraldo,4,0.00138,279823,96.46907,290065
1589,camsong,4,0.00138,279827,96.47045,290065
1590,carltonf,4,0.00138,279831,96.47183,290065
1591,cbaker423,4,0.00138,279835,96.47320,290065
1592,CDDelta,4,0.00138,279839,96.47458,290065
1593,ChadNedzlek,4,0.00138,279843,96.47596,290065
1594,cheapsteak,4,0.00138,279847,96.47734,290065
1595,chirag64,4,0.00138,279851,96.47872,290065
1596,chrootsu,4,0.00138,279855,96.48010,290065
1597,cjihrig,4,0.00138,279859,96.48148,290065
1598,clarkwinkelmann,4,0.00138,279863,96.48286,290065
1599,ClimbsRocks,4,0.00138,279867,96.48424,290065
1600,cmyers,4,0.00138,279871,96.48562,290065
1601,codeclown,4,0.00138,279875,96.48699,290065
1602,code-tree,4,0.00138,279879,96.48837,290065
1603,CoffeeFlux,4,0.00138,279883,96.48975,290065
1604,cooperka,4,0.00138,279887,96.49113,290065
1605,corsairmarks,4,0.00138,279891,96.49251,290065
1606,ctaggart,4,0.00138,279895,96.49389,290065
1607,DamirAinullin,4,0.00138,279899,96.49527,290065
1608,davxy,4,0.00138,279903,96.49665,290065
1609,daztucker,4,0.00138,279907,96.49803,290065
1610,delgurth,4,0.00138,279911,96.49941,290065
1611,DenisIstomin,4,0.00138,279915,96.50078,290065
1612,dimitrisli,4,0.00138,279919,96.50216,290065
1613,dimvar,4,0.00138,279923,96.50354,290065
1614,disjukr,4,0.00138,279927,96.50492,290065
1615,dkim-95112,4,0.00138,279931,96.50630,290065
1616,dkrugman,4,0.00138,279935,96.50768,290065
1617,dmatteo,4,0.00138,279939,96.50906,290065
1618,dnozay,4,0.00138,279943,96.51044,290065
1619,donaldpipowitch,4,0.00138,279947,96.51182,290065
1620,don-vip,4,0.00138,279951,96.51320,290065
1621,dotku,4,0.00138,279955,96.51457,290065
1622,dreddy-work,4,0.00138,279959,96.51595,290065
1623,drwetter,4,0.00138,279963,96.51733,290065
1624,ducminhn,4,0.00138,279967,96.51871,290065
1625,dumb,4,0.00138,279971,96.52009,290065
1626,eadamsintel,4,0.00138,279975,96.52147,290065
1627,edg2s,4,0.00138,279979,96.52285,290065
1628,edtan,4,0.00138,279983,96.52423,290065
1629,edthedev,4,0.00138,279987,96.52561,290065
1630,e-hein,4,0.00138,279991,96.52699,290065
1631,eirslett,4,0.00138,279995,96.52836,290065
1632,ejb,4,0.00138,279999,96.52974,290065
1633,ejmartin504,4,0.00138,280003,96.53112,290065
1634,ElanHasson,4,0.00138,280007,96.53250,290065
1635,ElephantRose,4,0.00138,280011,96.53388,290065
1636,elgalu,4,0.00138,280015,96.53526,290065
1637,ellamaolson,4,0.00138,280019,96.53664,290065
1638,elpintar,4,0.00138,280023,96.53802,290065
1639,emilioplatzer,4,0.00138,280027,96.53940,290065
1640,emlun,4,0.00138,280031,96.54078,290065
1641,Ephem,4,0.00138,280035,96.54215,290065
1642,ericelliott,4,0.00138,280039,96.54353,290065
1643,ErickXavier,4,0.00138,280043,96.54491,290065
1644,ericsakmar,4,0.00138,280047,96.54629,290065
1645,erik-krogh,4,0.00138,280051,96.54767,290065
1646,erweixin,4,0.00138,280055,96.54905,290065
1647,espiler,4,0.00138,280059,96.55043,290065
1648,EsrefDurna,4,0.00138,280063,96.55181,290065
1649,estsauver,4,0.00138,280067,96.55319,290065
1650,eungjun-yi,4,0.00138,280071,96.55457,290065
1651,EvanCarroll,4,0.00138,280075,96.55594,290065
1652,exiadbq,4,0.00138,280079,96.55732,290065
1653,eXon,4,0.00138,280083,96.55870,290065
1654,ExplodingCabbage,4,0.00138,280087,96.56008,290065
1655,fanatid,4,0.00138,280091,96.56146,290065
1656,fbonzon,4,0.00138,280095,96.56284,290065
1657,fealaer,4,0.00138,280099,96.56422,290065
1658,feyzo,4,0.00138,280103,96.56560,290065
1659,ffflorian,4,0.00138,280107,96.56698,290065
1660,fidian,4,0.00138,280111,96.56836,290065
1661,floatdrop,4,0.00138,280115,96.56973,290065
1662,flowersinthesand,4,0.00138,280119,96.57111,290065
1663,fscherwi,4,0.00138,280123,96.57249,290065
1664,gabriellett,4,0.00138,280127,96.57387,290065
1665,gajus,4,0.00138,280131,96.57525,290065
1666,gberg1,4,0.00138,280135,96.57663,290065
1667,geekysrm,4,0.00138,280139,96.57801,290065
1668,GerHobbelt,4,0.00138,280143,96.57939,290065
1669,ghengeveld,4,0.00138,280147,96.58077,290065
1670,glenjamin,4,0.00138,280151,96.58215,290065
1671,gnarf,4,0.00138,280155,96.58352,290065
1672,gonzaloruizdevilla,4,0.00138,280159,96.58490,290065
1673,gre,4,0.00138,280163,96.58628,290065
1674,grubersjoe,4,0.00138,280167,96.58766,290065
1675,gtzinos,4,0.00138,280171,96.58904,290065
1676,guillaume-brialon,4,0.00138,280175,96.59042,290065
1677,guptasourabh04,4,0.00138,280179,96.59180,290065
1678,gustavohenke,4,0.00138,280183,96.59318,290065
1679,guybedford,4,0.00138,280187,96.59456,290065
1680,guy-mograbi-at-gigaspaces,4,0.00138,280191,96.59594,290065
1681,hahla,4,0.00138,280195,96.59731,290065
1682,hartzis,4,0.00138,280199,96.59869,290065
1683,hawkins,4,0.00138,280203,96.60007,290065
1684,hildjj,4,0.00138,280207,96.60145,290065
1685,HolgerJeromin,4,0.00138,280211,96.60283,290065
1686,horprogs,4,0.00138,280215,96.60421,290065
1687,horus68,4,0.00138,280219,96.60559,290065
1688,huphtur,4,0.00138,280223,96.60697,290065
1689,Hypnosphi,4,0.00138,280227,96.60835,290065
1690,ianwalter,4,0.00138,280231,96.60973,290065
1691,IdanCo,4,0.00138,280235,96.61110,290065
1692,ijcheung,4,0.00138,280239,96.61248,290065
1693,IljaDaderko,4,0.00138,280243,96.61386,290065
1694,ilyagelman,4,0.00138,280247,96.61524,290065
1695,intellix,4,0.00138,280251,96.61662,290065
1696,istro,4,0.00138,280255,96.61800,290065
1697,itsfadnis,4,0.00138,280259,96.61938,290065
1698,ivomirra,4,0.00138,280263,96.62076,290065
1699,jackcviers,4,0.00138,280267,96.62214,290065
1700,jacklaurencegaray,4,0.00138,280271,96.62352,290065
1701,Jakobo,4,0.00138,280275,96.62489,290065
1702,jamestalmage,4,0.00138,280279,96.62627,290065
1703,janpio,4,0.00138,280283,96.62765,290065
1704,jaredpetersen,4,0.00138,280287,96.62903,290065
1705,jayaram-intel,4,0.00138,280291,96.63041,290065
1706,JayKan,4,0.00138,280295,96.63179,290065
1707,jayphelps,4,0.00138,280299,96.63317,290065
1708,jccarrillo,4,0.00138,280303,96.63455,290065
1709,jeffomatic,4,0.00138,280307,96.63593,290065
1710,jeffwesson,4,0.00138,280311,96.63731,290065
1711,jesstelford,4,0.00138,280315,96.63868,290065
1712,jiayi11,4,0.00138,280319,96.64006,290065
1713,jifeon,4,0.00138,280323,96.64144,290065
1714,jimdemis,4,0.00138,280327,96.64282,290065
1715,jkjustjoshing,4,0.00138,280331,96.64420,290065
1716,JLammeer,4,0.00138,280335,96.64558,290065
1717,jmrog,4,0.00138,280339,96.64696,290065
1718,JoanClaret,4,0.00138,280343,96.64834,290065
1719,jodersky,4,0.00138,280347,96.64972,290065
1720,joelbraun,4,0.00138,280351,96.65110,290065
1721,JohnAnthony,4,0.00138,280355,96.65247,290065
1722,johnstonbl01,4,0.00138,280359,96.65385,290065
1723,JonAbrams,4,0.00138,280363,96.65523,290065
1724,jonhester,4,0.00138,280367,96.65661,290065
1725,JonyD,4,0.00138,280371,96.65799,290065
1726,jordonias,4,0.00138,280375,96.65937,290065
1727,joshcanhelp,4,0.00138,280379,96.66075,290065
1728,josmaissan,4,0.00138,280383,96.66213,290065
1729,jshen212,4,0.00138,280387,96.66351,290065
1730,jtorbicki,4,0.00138,280391,96.66489,290065
1731,jugglinmike,4,0.00138,280395,96.66626,290065
1732,junpos,4,0.00138,280399,96.66764,290065
1733,jurko-gospodnetic,4,0.00138,280403,96.66902,290065
1734,justingrant,4,0.00138,280407,96.67040,290065
1735,jvandemo,4,0.00138,280411,96.67178,290065
1736,karanveersp,4,0.00138,280415,96.67316,290065
1737,karinazhou,4,0.00138,280419,96.67454,290065
1738,katryo,4,0.00138,280423,96.67592,290065
1739,kAworu,4,0.00138,280427,96.67730,290065
1740,kborchers,4,0.00138,280431,96.67868,290065
1741,kby799,4,0.00138,280435,96.68005,290065
1742,kchia,4,0.00138,280439,96.68143,290065
1743,keheliya,4,0.00138,280443,96.68281,290065
1744,KennySchank,4,0.00138,280447,96.68419,290065
1745,KevinBrogan,4,0.00138,280451,96.68557,290065
1746,kevingosse,4,0.00138,280455,96.68695,290065
1747,khouzam,4,0.00138,280459,96.68833,290065
1748,Kingwl,4,0.00138,280463,96.68971,290065
1749,kleinmrk,4,0.00138,280467,96.69109,290065
1750,KonstantinShemyak,4,0.00138,280471,96.69247,290065
1751,Kout,4,0.00138,280475,96.69384,290065
1752,kranrao,4,0.00138,280479,96.69522,290065
1753,kuncevic,4,0.00138,280483,96.69660,290065
1754,kutyel,4,0.00138,280487,96.69798,290065
1755,Laisky,4,0.00138,280491,96.69936,290065
1756,lajones,4,0.00138,280495,96.70074,290065
1757,lencioni,4,0.00138,280499,96.70212,290065
1758,lipis,4,0.00138,280503,96.70350,290065
1759,lirantal,4,0.00138,280507,96.70488,290065
1760,livvielin,4,0.00138,280511,96.70626,290065
1761,LizaLemons,4,0.00138,280515,96.70763,290065
1762,logeshpaul,4,0.00138,280519,96.70901,290065
1763,lpage,4,0.00138,280523,96.71039,290065
1764,lrlna,4,0.00138,280527,96.71177,290065
1765,luaks,4,0.00138,280531,96.71315,290065
1766,lugovsky,4,0.00138,280535,96.71453,290065
1767,LukasDrgon,4,0.00138,280539,96.71591,290065
1768,lukaselmer,4,0.00138,280543,96.71729,290065
1769,lukasoppermann,4,0.00138,280547,96.71867,290065
1770,lvarayut,4,0.00138,280551,96.72005,290065
1771,m0mus,4,0.00138,280555,96.72142,290065
1772,maciej-kolodziejczak,4,0.00138,280559,96.72280,290065
1773,maisano,4,0.00138,280563,96.72418,290065
1774,MarceloAlves,4,0.00138,280567,96.72556,290065
1775,MarkPieszak,4,0.00138,280571,96.72694,290065
1776,markspolakovs,4,0.00138,280575,96.72832,290065
1777,martin-frydl,4,0.00138,280579,96.72970,290065
1778,marvinhagemeister,4,0.00138,280583,96.73108,290065
1779,matiassingers,4,0.00138,280587,96.73246,290065
1780,mattbrundage,4,0.00138,280591,96.73384,290065
1781,MatteoVH,4,0.00138,280595,96.73521,290065
1782,matthewjohnston4,4,0.00138,280599,96.73659,290065
1783,mauricew,4,0.00138,280603,96.73797,290065
1784,maurya777,4,0.00138,280607,96.73935,290065
1785,maxdeviant,4,0.00138,280611,96.74073,290065
1786,mboudreau,4,0.00138,280615,96.74211,290065
1787,mcasasola,4,0.00138,280619,96.74349,290065
1788,mcculley,4,0.00138,280623,96.74487,290065
1789,mcknell,4,0.00138,280627,96.74625,290065
1790,mdedetrich,4,0.00138,280631,96.74763,290065
1791,mfollett,4,0.00138,280635,96.74900,290065
1792,mfunkie,4,0.00138,280639,96.75038,290065
1793,MidnightWonderer,4,0.00138,280643,96.75176,290065
1794,millermedeiros,4,0.00138,280647,96.75314,290065
1795,mingtaoy,4,0.00138,280651,96.75452,290065
1796,mirabilos,4,0.00138,280655,96.75590,290065
1797,miromannino,4,0.00138,280659,96.75728,290065
1798,mitchellwills,4,0.00138,280663,96.75866,290065
1799,mitenka,4,0.00138,280667,96.76004,290065
1800,mmouterde,4,0.00138,280671,96.76142,290065
1801,monkpit,4,0.00138,280675,96.76279,290065
1802,morenoh149,4,0.00138,280679,96.76417,290065
1803,morrissinger,4,0.00138,280683,96.76555,290065
1804,mortonfox,4,0.00138,280687,96.76693,290065
1805,motiz88,4,0.00138,280691,96.76831,290065
1806,mpeyper,4,0.00138,280695,96.76969,290065
1807,mrcoles,4,0.00138,280699,96.77107,290065
1808,m-sp,4,0.00138,280703,96.77245,290065
1809,mucer,4,0.00138,280707,96.77383,290065
1810,myarcane,4,0.00138,280711,96.77521,290065
1811,mziech,4,0.00138,280715,96.77658,290065
1812,nahakiole,4,0.00138,280719,96.77796,290065
1813,naistran,4,0.00138,280723,96.77934,290065
1814,natemcmaster,4,0.00138,280727,96.78072,290065
1815,nateq314,4,0.00138,280731,96.78210,290065
1816,nathanhammond,4,0.00138,280735,96.78348,290065
1817,NattyNarwhal,4,0.00138,280739,96.78486,290065
1818,nazieb,4,0.00138,280743,96.78624,290065
1819,nbrookie,4,0.00138,280747,96.78762,290065
1820,netman92,4,0.00138,280751,96.78900,290065
1821,nhashmi,4,0.00138,280755,96.79037,290065
1822,nickmccurdy,4,0.00138,280759,96.79175,290065
1823,nicktobolski,4,0.00138,280763,96.79313,290065
1824,nicmitchell,4,0.00138,280767,96.79451,290065
1825,Nikita240,4,0.00138,280771,96.79589,290065
1826,nisha-kaushik,4,0.00138,280775,96.79727,290065
1827,niustephanie,4,0.00138,280779,96.79865,290065
1828,noackjr,4,0.00138,280783,96.80003,290065
1829,nooks,4,0.00138,280787,96.80141,290065
1830,noscripter,4,0.00138,280791,96.80279,290065
1831,nowells,4,0.00138,280795,96.80416,290065
1832,nsfmc,4,0.00138,280799,96.80554,290065
1833,ntwb,4,0.00138,280803,96.80692,290065
1834,ntzm,4,0.00138,280807,96.80830,290065
1835,OberstK,4,0.00138,280811,96.80968,290065
1836,odahcam,4,0.00138,280815,96.81106,290065
1837,oemmes,4,0.00138,280819,96.81244,290065
1838,oGsLP,4,0.00138,280823,96.81382,290065
1839,omouse,4,0.00138,280827,96.81520,290065
1840,oscar-stripe,4,0.00138,280831,96.81658,290065
1841,oti,4,0.00138,280835,96.81795,290065
1842,OwnageIsMagic,4,0.00138,280839,96.81933,290065
1843,Parent5446,4,0.00138,280843,96.82071,290065
1844,pas2al,4,0.00138,280847,96.82209,290065
1845,pascalduez,4,0.00138,280851,96.82347,290065
1846,passcod,4,0.00138,280855,96.82485,290065
1847,paulmon,4,0.00138,280859,96.82623,290065
1848,perrin4869,4,0.00138,280863,96.82761,290065
1849,peterneave,4,0.00138,280867,96.82899,290065
1850,philBrown,4,0.00138,280871,96.83037,290065
1851,poke,4,0.00138,280875,96.83174,290065
1852,pomber,4,0.00138,280879,96.83312,290065
1853,poxrud,4,0.00138,280883,96.83450,290065
1854,probablyup,4,0.00138,280887,96.83588,290065
1855,proth1,4,0.00138,280891,96.83726,290065
1856,psachin,4,0.00138,280895,96.83864,290065
1857,RaghavKannan,4,0.00138,280899,96.84002,290065
1858,rahulkotecha,4,0.00138,280903,96.84140,290065
1859,remal,4,0.00138,280907,96.84278,290065
1860,rfreydi,4,0.00138,280911,96.84416,290065
1861,rgksugan,4,0.00138,280915,96.84553,290065
1862,RhinoLu,4,0.00138,280919,96.84691,290065
1863,rictorres,4,0.00138,280923,96.84829,290065
1864,riichard,4,0.00138,280927,96.84967,290065
1865,rluba,4,0.00138,280931,96.85105,290065
1866,RobiFerentz,4,0.00138,280935,96.85243,290065
1867,robinj,4,0.00138,280939,96.85381,290065
1868,rob-spoor,4,0.00138,280943,96.85519,290065
1869,robstradling,4,0.00138,280947,96.85657,290065
1870,rparrapy,4,0.00138,280951,96.85795,290065
1871,rPraml,4,0.00138,280955,96.85932,290065
1872,rtack,4,0.00138,280959,96.86070,290065
1873,ruoho,4,0.00138,280963,96.86208,290065
1874,rwg,4,0.00138,280967,96.86346,290065
1875,ryanburnett,4,0.00138,280971,96.86484,290065
1876,ryanhart2,4,0.00138,280975,96.86622,290065
1877,ryysud,4,0.00138,280979,96.86760,290065
1878,sahrens,4,0.00138,280983,96.86898,290065
1879,salamanderrex,4,0.00138,280987,96.87036,290065
1880,SanderElias,4,0.00138,280991,96.87174,290065
1881,SaptakS,4,0.00138,280995,96.87311,290065
1882,scloudyy,4,0.00138,280999,96.87449,290065
1883,scottaddie,4,0.00138,281003,96.87587,290065
1884,scottpetrovic,4,0.00138,281007,96.87725,290065
1885,selbekk,4,0.00138,281011,96.87863,290065
1886,serima,4,0.00138,281015,96.88001,290065
1887,shairez,4,0.00138,281019,96.88139,290065
1888,simon04,4,0.00138,281023,96.88277,290065
1889,simoneb,4,0.00138,281027,96.88415,290065
1890,sjsyrek,4,0.00138,281031,96.88553,290065
1891,SlimFoster,4,0.00138,281035,96.88690,290065
1892,snapwich,4,0.00138,281039,96.88828,290065
1893,snehalbaghel,4,0.00138,281043,96.88966,290065
1894,souvikbasu,4,0.00138,281047,96.89104,290065
1895,splendido,4,0.00138,281051,96.89242,290065
1896,stefanpenner,4,0.00138,281055,96.89380,290065
1897,steffenweber,4,0.00138,281059,96.89518,290065
1898,stoeckmann,4,0.00138,281063,96.89656,290065
1899,Stolr,4,0.00138,281067,96.89794,290065
1900,strogonoff,4,0.00138,281071,96.89932,290065
1901,StudioEtrange,4,0.00138,281075,96.90069,290065
1902,svershin,4,0.00138,281079,96.90207,290065
1903,taion,4,0.00138,281083,96.90345,290065
1904,tama3bb,4,0.00138,281087,96.90483,290065
1905,tamascsaba,4,0.00138,281091,96.90621,290065
1906,tavianator,4,0.00138,281095,96.90759,290065
1907,tealtail,4,0.00138,281099,96.90897,290065
1908,teh-skrud,4,0.00138,281103,96.91035,290065
1909,templth,4,0.00138,281107,96.91173,290065
1910,thedeco,4,0.00138,281111,96.91311,290065
1911,thekiba,4,0.00138,281115,96.91448,290065
1912,Therzok,4,0.00138,281119,96.91586,290065
1913,thinegod,4,0.00138,281123,96.91724,290065
1914,thomaslevesque,4,0.00138,281127,96.91862,290065
1915,thomasmey,4,0.00138,281131,96.92000,290065
1916,timvdalen,4,0.00138,281135,96.92138,290065
1917,tobiasschweizer,4,0.00138,281139,96.92276,290065
1918,tolbertam,4,0.00138,281143,96.92414,290065
1919,TomasMikula,4,0.00138,281147,96.92552,290065
1920,tom-dudley,4,0.00138,281151,96.92690,290065
1921,tomlutzenberger,4,0.00138,281155,96.92827,290065
1922,tomscholz,4,0.00138,281159,96.92965,290065
1923,tonybaroneee,4,0.00138,281163,96.93103,290065
1924,TornjV,4,0.00138,281167,96.93241,290065
1925,tpoulos,4,0.00138,281171,96.93379,290065
1926,trevhud,4,0.00138,281175,96.93517,290065
1927,TruePath,4,0.00138,281179,96.93655,290065
1928,tsriram,4,0.00138,281183,96.93793,290065
1929,tsuyoshizawa,4,0.00138,281187,96.93931,290065
1930,tvanro,4,0.00138,281191,96.94069,290065
1931,tyrasd,4,0.00138,281195,96.94206,290065
1932,UCIS,4,0.00138,281199,96.94344,290065
1933,ulitink,4,0.00138,281203,96.94482,290065
1934,Urigo,4,0.00138,281207,96.94620,290065
1935,usmonster,4,0.00138,281211,96.94758,290065
1936,verhas,4,0.00138,281215,96.94896,290065
1937,VincentLanglet,4,0.00138,281219,96.95034,290065
1938,vincentriemer,4,0.00138,281223,96.95172,290065
1939,vincent-zurczak,4,0.00138,281227,96.95310,290065
1940,vipulnsward,4,0.00138,281231,96.95448,290065
1941,VishvajitP,4,0.00138,281235,96.95585,290065
1942,watadarkstar,4,0.00138,281239,96.95723,290065
1943,wherestheguac,4,0.00138,281243,96.95861,290065
1944,wi-ski,4,0.00138,281247,96.95999,290065
1945,WonSong,4,0.00138,281251,96.96137,290065
1946,wtgtybhertgeghgtwtg,4,0.00138,281255,96.96275,290065
1947,xjlim,4,0.00138,281259,96.96413,290065
1948,xjose97x,4,0.00138,281263,96.96551,290065
1949,xkxx,4,0.00138,281267,96.96689,290065
1950,xp44mm,4,0.00138,281271,96.96827,290065
1951,xt0rted,4,0.00138,281275,96.96964,290065
1952,YannBertrand,4,0.00138,281279,96.97102,290065
1953,younesfkihi,4,0.00138,281283,96.97240,290065
1954,YoupHulsebos,4,0.00138,281287,96.97378,290065
1955,zacharywelch,4,0.00138,281291,96.97516,290065
1956,zarenner,4,0.00138,281295,96.97654,290065
1957,zaytsev-victor,4,0.00138,281299,96.97792,290065
1958,zckrs,4,0.00138,281303,96.97930,290065
1959,ZDroid,4,0.00138,281307,96.98068,290065
1960,Zearin,4,0.00138,281311,96.98206,290065
1961,Zenexer,4,0.00138,281315,96.98343,290065
1962,ZenonBuratta,4,0.00138,281319,96.98481,290065
1963,zky829,4,0.00138,281323,96.98619,290065
1964,zoechi,4,0.00138,281327,96.98757,290065
1965,102,3,0.00103,281330,96.98861,290065
1966,4creators,3,0.00103,281333,96.98964,290065
1967,A1vinSmith,3,0.00103,281336,96.99067,290065
1968,aarongarciah,3,0.00103,281339,96.99171,290065
1969,aaronhoffman,3,0.00103,281342,96.99274,290065
1970,AbhiAgarwal192,3,0.00103,281345,96.99378,290065
1971,abhisheksoni27,3,0.00103,281348,96.99481,290065
1972,adampoit,3,0.00103,281351,96.99585,290065
1973,adamski52,3,0.00103,281354,96.99688,290065
1974,adispring,3,0.00103,281357,96.99791,290065
1975,adriangodong,3,0.00103,281360,96.99895,290065
1976,AdrianVollmer,3,0.00103,281363,96.99998,290065
1977,adrogon,3,0.00103,281366,97.00102,290065
1978,aeons,3,0.00103,281369,97.00205,290065
1979,agussman,3,0.00103,281372,97.00309,290065
1980,aheckmann,3,0.00103,281375,97.00412,290065
1981,ajaygm,3,0.00103,281378,97.00515,290065
1982,ajcrites,3,0.00103,281381,97.00619,290065
1983,ajmohan,3,0.00103,281384,97.00722,290065
1984,ajoslin,3,0.00103,281387,97.00826,290065
1985,ajuliano,3,0.00103,281390,97.00929,290065
1986,AlanBreck,3,0.00103,281393,97.01033,290065
1987,albertogarza,3,0.00103,281396,97.01136,290065
1988,albertosantini,3,0.00103,281399,97.01239,290065
1989,aldermoovel,3,0.00103,281402,97.01343,290065
1990,alesma,3,0.00103,281405,97.01446,290065
1991,alewiahmed,3,0.00103,281408,97.01550,290065
1992,AlexejLiebenthal,3,0.00103,281411,97.01653,290065
1993,AlexeyToksarov,3,0.00103,281414,97.01757,290065
1994,Alexx999,3,0.00103,281417,97.01860,290065
1995,Alhadis,3,0.00103,281420,97.01963,290065
1996,alobban,3,0.00103,281423,97.02067,290065
1997,alvarocjunq,3,0.00103,281426,97.02170,290065
1998,amitport,3,0.00103,281429,97.02274,290065
1999,andreasschulze,3,0.00103,281432,97.02377,290065
2000,andrewjmead,3,0.00103,281435,97.02480,290065
2001,andrewlo,3,0.00103,281438,97.02584,290065
2002,AndreyAkinshin,3,0.00103,281441,97.02687,290065
2003,anhulife,3,0.00103,281444,97.02791,290065
2004,anmary,3,0.00103,281447,97.02894,290065
2005,annevk,3,0.00103,281450,97.02998,290065
2006,anpete,3,0.00103,281453,97.03101,290065
2007,antialias,3,0.00103,281456,97.03204,290065
2008,anushreesubramani,3,0.00103,281459,97.03308,290065
2009,apocalyp0sys,3,0.00103,281462,97.03411,290065
2010,aquavitae,3,0.00103,281465,97.03515,290065
2011,ara4n,3,0.00103,281468,97.03618,290065
2012,ardentia,3,0.00103,281471,97.03722,290065
2013,arkist,3,0.00103,281474,97.03825,290065
2014,arnaudhuc,3,0.00103,281477,97.03928,290065
2015,Artazor,3,0.00103,281480,97.04032,290065
2016,arthurpf,3,0.00103,281483,97.04135,290065
2017,artkpv,3,0.00103,281486,97.04239,290065
2018,asafdav2,3,0.00103,281489,97.04342,290065
2019,aschlapsi,3,0.00103,281492,97.04446,290065
2020,AScriver,3,0.00103,281495,97.04549,290065
2021,AshKyd,3,0.00103,281498,97.04652,290065
2022,askpt,3,0.00103,281501,97.04756,290065
2023,AttackTheDarkness,3,0.00103,281504,97.04859,290065
2024,AurelioDeRosa,3,0.00103,281507,97.04963,290065
2025,azhmur,3,0.00103,281510,97.05066,290065
2026,bamblack,3,0.00103,281513,97.05170,290065
2027,barryceelen,3,0.00103,281516,97.05273,290065
2028,bartw,3,0.00103,281519,97.05376,290065
2029,basarat,3,0.00103,281522,97.05480,290065
2030,bcarson,3,0.00103,281525,97.05583,290065
2031,bcomnes,3,0.00103,281528,97.05687,290065
2032,bdelacretaz,3,0.00103,281531,97.05790,290065
2033,bedag-moo,3,0.00103,281534,97.05894,290065
2034,beegotsy,3,0.00103,281537,97.05997,290065
2035,Belev,3,0.00103,281540,97.06100,290065
2036,ben4ever,3,0.00103,281543,97.06204,290065
2037,benjamin-bader,3,0.00103,281546,97.06307,290065
2038,benjamn,3,0.00103,281549,97.06411,290065
2039,bergus,3,0.00103,281552,97.06514,290065
2040,BernhardRode,3,0.00103,281555,97.06617,290065
2041,bgirard,3,0.00103,281558,97.06721,290065
2042,bhanuprasad14,3,0.00103,281561,97.06824,290065
2043,BioPhoton,3,0.00103,281564,97.06928,290065
2044,bisguzar,3,0.00103,281567,97.07031,290065
2045,bjori,3,0.00103,281570,97.07135,290065
2046,blackwright,3,0.00103,281573,97.07238,290065
2047,BlockLabTV,3,0.00103,281576,97.07341,290065
2048,blowdart,3,0.00103,281579,97.07445,290065
2049,blowsie,3,0.00103,281582,97.07548,290065
2050,bluelovers,3,0.00103,281585,97.07652,290065
2051,bovandersteene,3,0.00103,281588,97.07755,290065
2052,BraulioVM,3,0.00103,281591,97.07859,290065
2053,brendanashworth,3,0.00103,281594,97.07962,290065
2054,BrockBeaudry,3,0.00103,281597,97.08065,290065
2055,Brooooooklyn,3,0.00103,281600,97.08169,290065
2056,bryanbraun,3,0.00103,281603,97.08272,290065
2057,brycehanscomb,3,0.00103,281606,97.08376,290065
2058,bsdfzzzy,3,0.00103,281609,97.08479,290065
2059,btrigueiro,3,0.00103,281612,97.08583,290065
2060,cacamille3,3,0.00103,281615,97.08686,290065
2061,calebcauthon,3,0.00103,281618,97.08789,290065
2062,calendee,3,0.00103,281621,97.08893,290065
2063,callumlocke,3,0.00103,281624,97.08996,290065
2064,camilleroux,3,0.00103,281627,97.09100,290065
2065,camjc,3,0.00103,281630,97.09203,290065
2066,camsteffen,3,0.00103,281633,97.09307,290065
2067,CarlMungazi,3,0.00103,281636,97.09410,290065
2068,carsonyl,3,0.00103,281639,97.09513,290065
2069,caseyscarborough,3,0.00103,281642,97.09617,290065
2070,cbrandolino,3,0.00103,281645,97.09720,290065
2071,cchungmin,3,0.00103,281648,97.09824,290065
2072,cchyung,3,0.00103,281651,97.09927,290065
2073,cdschroeder,3,0.00103,281654,97.10031,290065
2074,centromere,3,0.00103,281657,97.10134,290065
2075,cgav,3,0.00103,281660,97.10237,290065
2076,chauey,3,0.00103,281663,97.10341,290065
2077,ChrisAntaki,3,0.00103,281666,97.10444,290065
2078,chrishiestand,3,0.00103,281669,97.10548,290065
2079,chrisphelps,3,0.00103,281672,97.10651,290065
2080,ChristianGrete,3,0.00103,281675,97.10754,290065
2081,cht8687,3,0.00103,281678,97.10858,290065
2082,ciderale,3,0.00103,281681,97.10961,290065
2083,clearyusc,3,0.00103,281684,97.11065,290065
2084,Cludch,3,0.00103,281687,97.11168,290065
2085,cmckni3,3,0.00103,281690,97.11272,290065
2086,cmfcmf,3,0.00103,281693,97.11375,290065
2087,cmilam87,3,0.00103,281696,97.11478,290065
2088,CodeFoodPixels,3,0.00103,281699,97.11582,290065
2089,colinmorelli,3,0.00103,281702,97.11685,290065
2090,ConnorAtherton,3,0.00103,281705,97.11789,290065
2091,contextshuffling,3,0.00103,281708,97.11892,290065
2092,coryjb,3,0.00103,281711,97.11996,290065
2093,craigdanj,3,0.00103,281714,97.12099,290065
2094,craigpotter,3,0.00103,281717,97.12202,290065
2095,crmckenzie,3,0.00103,281720,97.12306,290065
2096,cvibhagool,3,0.00103,281723,97.12409,290065
2097,cyrilf,3,0.00103,281726,97.12513,290065
2098,danday74,3,0.00103,281729,97.12616,290065
2099,dandv,3,0.00103,281732,97.12720,290065
2100,danielhusar,3,0.00103,281735,97.12823,290065
2101,DanielKucal,3,0.00103,281738,97.12926,290065
2102,DanielSeehausen,3,0.00103,281741,97.13030,290065
2103,DanLipsitt,3,0.00103,281744,97.13133,290065
2104,dannyfallon,3,0.00103,281747,97.13237,290065
2105,danrot,3,0.00103,281750,97.13340,290065
2106,daveisfera,3,0.00103,281753,97.13444,290065
2107,dave-r12,3,0.00103,281756,97.13547,290065
2108,davidaurelio,3,0.00103,281759,97.13650,290065
2109,DavidDeSloovere,3,0.00103,281762,97.13754,290065
2110,davidfischer,3,0.00103,281765,97.13857,290065
2111,davidkarlsen,3,0.00103,281768,97.13961,290065
2112,davidsoncasey,3,0.00103,281771,97.14064,290065
2113,daxtens,3,0.00103,281774,97.14168,290065
2114,dcherman,3,0.00103,281777,97.14271,290065
2115,deanbrophy,3,0.00103,281780,97.14374,290065
2116,defreez,3,0.00103,281783,97.14478,290065
2117,deinok,3,0.00103,281786,97.14581,290065
2118,Deklin,3,0.00103,281789,97.14685,290065
2119,denis-sokolov,3,0.00103,281792,97.14788,290065
2120,deniztetik,3,0.00103,281795,97.14891,290065
2121,dennispbrown,3,0.00103,281798,97.14995,290065
2122,denyo,3,0.00103,281801,97.15098,290065
2123,designorant,3,0.00103,281804,97.15202,290065
2124,devedse,3,0.00103,281807,97.15305,290065
2125,dianjuar,3,0.00103,281810,97.15409,290065
2126,DiegoRBaquero,3,0.00103,281813,97.15512,290065
2127,diestrin,3,0.00103,281816,97.15615,290065
2128,divega,3,0.00103,281819,97.15719,290065
2129,divercraig,3,0.00103,281822,97.15822,290065
2130,dlongley,3,0.00103,281825,97.15926,290065
2131,dloukadakis,3,0.00103,281828,97.16029,290065
2132,doggy8088,3,0.00103,281831,97.16133,290065
2133,DominikPieper,3,0.00103,281834,97.16236,290065
2134,dongjoon-hyun,3,0.00103,281837,97.16339,290065
2135,dookpham,3,0.00103,281840,97.16443,290065
2136,dornsebastian,3,0.00103,281843,97.16546,290065
2137,dosentmatter,3,0.00103,281846,97.16650,290065
2138,doughd,3,0.00103,281849,97.16753,290065
2139,dpsthree,3,0.00103,281852,97.16857,290065
2140,drademacher,3,0.00103,281855,97.16960,290065
2141,drcrallen,3,0.00103,281858,97.17063,290065
2142,dreambo8563,3,0.00103,281861,97.17167,290065
2143,drpicox,3,0.00103,281864,97.17270,290065
2144,Drumarcco,3,0.00103,281867,97.17374,290065
2145,drumonii,3,0.00103,281870,97.17477,290065
2146,dtarasiuk,3,0.00103,281873,97.17581,290065
2147,dudemelo,3,0.00103,281876,97.17684,290065
2148,DuncanConroy,3,0.00103,281879,97.17787,290065
2149,DustinCampbell,3,0.00103,281882,97.17891,290065
2150,DustinMEastway,3,0.00103,281885,97.17994,290065
2151,dwaxweiler,3,0.00103,281888,97.18098,290065
2152,dwilson6,3,0.00103,281891,97.18201,290065
2153,dylanjohnson,3,0.00103,281894,97.18305,290065
2154,dzuremar,3,0.00103,281897,97.18408,290065
2155,edgar-pek,3,0.00103,281900,97.18511,290065
2156,Edouardbozon,3,0.00103,281903,97.18615,290065
2157,eflorespalma,3,0.00103,281906,97.18718,290065
2158,egor-n,3,0.00103,281909,97.18822,290065
2159,ehellman,3,0.00103,281912,97.18925,290065
2160,ehershey,3,0.00103,281915,97.19028,290065
2161,eightnoneone,3,0.00103,281918,97.19132,290065
2162,EladBezalel,3,0.00103,281921,97.19235,290065
2163,elena-sam,3,0.00103,281924,97.19339,290065
2164,Elijen,3,0.00103,281927,97.19442,290065
2165,emccorson,3,0.00103,281930,97.19546,290065
2166,emilio-martinez,3,0.00103,281933,97.19649,290065
2167,Enlcxx,3,0.00103,281936,97.19752,290065
2168,eoin,3,0.00103,281939,97.19856,290065
2169,Epenance,3,0.00103,281942,97.19959,290065
2170,eriawan,3,0.00103,281945,97.20063,290065
2171,ericpitcher,3,0.00103,281948,97.20166,290065
2172,eric-s-raymond,3,0.00103,281951,97.20270,290065
2173,Erik-Codeblind,3,0.00103,281954,97.20373,290065
2174,ernest-galbrun,3,0.00103,281957,97.20476,290065
2175,ErwinJanssen,3,0.00103,281960,97.20580,290065
2176,ethanve,3,0.00103,281963,97.20683,290065
2177,evan-scott-zocdoc,3,0.00103,281966,97.20787,290065
2178,evermax,3,0.00103,281969,97.20890,290065
2179,evolkmann,3,0.00103,281972,97.20994,290065
2180,existentialism,3,0.00103,281975,97.21097,290065
2181,ezeikel,3,0.00103,281978,97.21200,290065
2182,FabianGosebrink,3,0.00103,281981,97.21304,290065
2183,farzonl,3,0.00103,281984,97.21407,290065
2184,fatihafizoglu,3,0.00103,281987,97.21511,290065
2185,fdegiuli,3,0.00103,281990,97.21614,290065
2186,fduperier,3,0.00103,281993,97.21718,290065
2187,fhelwanger,3,0.00103,281996,97.21821,290065
2188,filiphosko,3,0.00103,281999,97.21924,290065
2189,fisenkodv,3,0.00103,282002,97.22028,290065
2190,ForJing,3,0.00103,282005,97.22131,290065
2191,forresst,3,0.00103,282008,97.22235,290065
2192,Fost,3,0.00103,282011,97.22338,290065
2193,foxx,3,0.00103,282014,97.22442,290065
2194,francoischalifour,3,0.00103,282017,97.22545,290065
2195,fraserhaer,3,0.00103,282020,97.22648,290065
2196,freezy-sk,3,0.00103,282023,97.22752,290065
2197,frozencemetery,3,0.00103,282026,97.22855,290065
2198,fthomas,3,0.00103,282029,97.22959,290065
2199,gabejohnson,3,0.00103,282032,97.23062,290065
2200,gaborszekely,3,0.00103,282035,97.23165,290065
2201,gabrielschulhof,3,0.00103,282038,97.23269,290065
2202,Gaff,3,0.00103,282041,97.23372,290065
2203,Galad,3,0.00103,282044,97.23476,290065
2204,galtalmor,3,0.00103,282047,97.23579,290065
2205,Garbett1,3,0.00103,282050,97.23683,290065
2206,gavlyukovskiy,3,0.00103,282053,97.23786,290065
2207,gbamparop,3,0.00103,282056,97.23889,290065
2208,gbezyuk,3,0.00103,282059,97.23993,290065
2209,GeirGrusom,3,0.00103,282062,97.24096,290065
2210,geoffreybauduin,3,0.00103,282065,97.24200,290065
2211,geromegrignon,3,0.00103,282068,97.24303,290065
2212,ggamel,3,0.00103,282071,97.24407,290065
2213,ggeurts,3,0.00103,282074,97.24510,290065
2214,gkoberger,3,0.00103,282077,97.24613,290065
2215,goatslacker,3,0.00103,282080,97.24717,290065
2216,Gobie,3,0.00103,282083,97.24820,290065
2217,GordyD,3,0.00103,282086,97.24924,290065
2218,govindrai,3,0.00103,282089,97.25027,290065
2219,Gozala,3,0.00103,282092,97.25131,290065
2220,Gpx,3,0.00103,282095,97.25234,290065
2221,gregpabian,3,0.00103,282098,97.25337,290065
2222,greysteil,3,0.00103,282101,97.25441,290065
2223,grimmi,3,0.00103,282104,97.25544,290065
2224,grumblerchester,3,0.00103,282107,97.25648,290065
2225,gsans,3,0.00103,282110,97.25751,290065
2226,gswalden,3,0.00103,282113,97.25855,290065
2227,guillaumegarcia13,3,0.00103,282116,97.25958,290065
2228,gunn,3,0.00103,282119,97.26061,290065
2229,gu-xionghong,3,0.00103,282122,97.26165,290065
2230,gzurbach,3,0.00103,282125,97.26268,290065
2231,HamzaDevz,3,0.00103,282128,97.26372,290065
2232,han41858,3,0.00103,282131,97.26475,290065
2233,hankhero,3,0.00103,282134,97.26579,290065
2234,happycollision,3,0.00103,282137,97.26682,290065
2235,haraldreingruber,3,0.00103,282140,97.26785,290065
2236,hateonion,3,0.00103,282143,97.26889,290065
2237,haydeeR,3,0.00103,282146,97.26992,290065
2238,headquarters,3,0.00103,282149,97.27096,290065
2239,Hearen,3,0.00103,282152,97.27199,290065
2240,henderea,3,0.00103,282155,97.27303,290065
2241,henryqdineen,3,0.00103,282158,97.27406,290065
2242,HeroProtagonist,3,0.00103,282161,97.27509,290065
2243,him2him2,3,0.00103,282164,97.27613,290065
2244,hsingh23,3,0.00103,282167,97.27716,290065
2245,hvesalai,3,0.00103,282170,97.27820,290065
2246,hzamani,3,0.00103,282173,97.27923,290065
2247,iamjasonp,3,0.00103,282176,97.28026,290065
2248,iamolivinius,3,0.00103,282179,97.28130,290065
2249,ibash,3,0.00103,282182,97.28233,290065
2250,iemejia,3,0.00103,282185,97.28337,290065
2251,ilyanew,3,0.00103,282188,97.28440,290065
2252,imcotton,3,0.00103,282191,97.28544,290065
2253,imsky,3,0.00103,282194,97.28647,290065
2254,ionspin,3,0.00103,282197,97.28750,290065
2255,ipetez,3,0.00103,282200,97.28854,290065
2256,isiahmeadows,3,0.00103,282203,97.28957,290065
2257,isunkes,3,0.00103,282206,97.29061,290065
2258,ivosh,3,0.00103,282209,97.29164,290065
2259,iwhp,3,0.00103,282212,97.29268,290065
2260,ixkaito,3,0.00103,282215,97.29371,290065
2261,jackfranklin,3,0.00103,282218,97.29474,290065
2262,JacoKoster,3,0.00103,282221,97.29578,290065
2263,jakeboone02,3,0.00103,282224,97.29681,290065
2264,jamierytlewski,3,0.00103,282227,97.29785,290065
2265,jamshedd,3,0.00103,282230,97.29888,290065
2266,JanBessai,3,0.00103,282233,97.29992,290065
2267,janclarin,3,0.00103,282236,97.30095,290065
2268,janhesters,3,0.00103,282239,97.30198,290065
2269,jankdc,3,0.00103,282242,97.30302,290065
2270,janolivermr,3,0.00103,282245,97.30405,290065
2271,JanStevens,3,0.00103,282248,97.30509,290065
2272,jaredgreen,3,0.00103,282251,97.30612,290065
2273,jaredpalmer,3,0.00103,282254,97.30716,290065
2274,jasnell,3,0.00103,282257,97.30819,290065
2275,jasonkarns,3,0.00103,282260,97.30922,290065
2276,jasonsturges,3,0.00103,282263,97.31026,290065
2277,jaspermdegroot,3,0.00103,282266,97.31129,290065
2278,Javache,3,0.00103,282269,97.31233,290065
2279,jayenashar,3,0.00103,282272,97.31336,290065
2280,JBallin,3,0.00103,282275,97.31440,290065
2281,JBtje,3,0.00103,282278,97.31543,290065
2282,jefersonduwe,3,0.00103,282281,97.31646,290065
2283,jeffora,3,0.00103,282284,97.31750,290065
2284,jeradrutnam,3,0.00103,282287,97.31853,290065
2285,jerryorta-dev,3,0.00103,282290,97.31957,290065
2286,jesperkc,3,0.00103,282293,97.32060,290065
2287,jetpack,3,0.00103,282296,97.32163,290065
2288,jfoshee,3,0.00103,282299,97.32267,290065
2289,jgrune,3,0.00103,282302,97.32370,290065
2290,jguady,3,0.00103,282305,97.32474,290065
2291,jhermsmeier,3,0.00103,282308,97.32577,290065
2292,Jianru-Lin,3,0.00103,282311,97.32681,290065
2293,Jin-H,3,0.00103,282314,97.32784,290065
2294,jjt,3,0.00103,282317,97.32887,290065
2295,jkuri,3,0.00103,282320,97.32991,290065
2296,jlongster,3,0.00103,282323,97.33094,290065
2297,JobLeonard,3,0.00103,282326,97.33198,290065
2298,jochenw,3,0.00103,282329,97.33301,290065
2299,joeeames,3,0.00103,282332,97.33405,290065
2300,joeledwards,3,0.00103,282335,97.33508,290065
2301,JohnChen0,3,0.00103,282338,97.33611,290065
2302,johnchen902,3,0.00103,282341,97.33715,290065
2303,johngmyers,3,0.00103,282344,97.33818,290065
2304,johnlindquist,3,0.00103,282347,97.33922,290065
2305,johnnyreilly,3,0.00103,282350,97.34025,290065
2306,johnsenpeder,3,0.00103,282353,97.34129,290065
2307,johnsonlin,3,0.00103,282356,97.34232,290065
2308,jokeyrhyme,3,0.00103,282359,97.34335,290065
2309,jonathanGB,3,0.00103,282362,97.34439,290065
2310,jonbretman,3,0.00103,282365,97.34542,290065
2311,JoniJnm,3,0.00103,282368,97.34646,290065
2312,JonWallsten,3,0.00103,282371,97.34749,290065
2313,josenicomaia,3,0.00103,282374,97.34853,290065
2314,JosephPecoraro,3,0.00103,282377,97.34956,290065
2315,Josh68,3,0.00103,282380,97.35059,290065
2316,joshbrooks,3,0.00103,282383,97.35163,290065
2317,joshuacolvin,3,0.00103,282386,97.35266,290065
2318,joshuahiggins,3,0.00103,282389,97.35370,290065
2319,jotatoledo,3,0.00103,282392,97.35473,290065
2320,JPeer264,3,0.00103,282395,97.35577,290065
2321,jpvanhal,3,0.00103,282398,97.35680,290065
2322,jschwarty,3,0.00103,282401,97.35783,290065
2323,jscissr,3,0.00103,282404,97.35887,290065
2324,jsina,3,0.00103,282407,97.35990,290065
2325,JSteunou,3,0.00103,282410,97.36094,290065
2326,jtheoof,3,0.00103,282413,97.36197,290065
2327,juboba,3,0.00103,282416,97.36300,290065
2328,JunSun17,3,0.00103,282419,97.36404,290065
2329,jure,3,0.00103,282422,97.36507,290065
2330,jwalton,3,0.00103,282425,97.36611,290065
2331,jwandrews,3,0.00103,282428,97.36714,290065
2332,kaicataldo,3,0.00103,282431,97.36818,290065
2333,karptonite,3,0.00103,282434,97.36921,290065
2334,karthikchintapalli,3,0.00103,282437,97.37024,290065
2335,kasabuta4,3,0.00103,282440,97.37128,290065
2336,kaycebasques,3,0.00103,282443,97.37231,290065
2337,KayLeung,3,0.00103,282446,97.37335,290065
2338,kb3eua,3,0.00103,282449,97.37438,290065
2339,kechol,3,0.00103,282452,97.37542,290065
2340,kellyselden,3,0.00103,282455,97.37645,290065
2341,kevinashworth,3,0.00103,282458,97.37748,290065
2342,kevinmerckx,3,0.00103,282461,97.37852,290065
2343,kevinold,3,0.00103,282464,97.37955,290065
2344,KimBurgess,3,0.00103,282467,97.38059,290065
2345,kingisaac95,3,0.00103,282470,97.38162,290065
2346,kirill-usov,3,0.00103,282473,97.38266,290065
2347,kirjai,3,0.00103,282476,97.38369,290065
2348,klieber,3,0.00103,282479,97.38472,290065
2349,kmarinushkin,3,0.00103,282482,97.38576,290065
2350,kmizu,3,0.00103,282485,97.38679,290065
2351,knowbody,3,0.00103,282488,97.38783,290065
2352,kolodny,3,0.00103,282491,97.38886,290065
2353,koppor,3,0.00103,282494,97.38990,290065
2354,korthjp17,3,0.00103,282497,97.39093,290065
2355,krantzinator,3,0.00103,282500,97.39196,290065
2356,kristskrilovs,3,0.00103,282503,97.39300,290065
2357,kroeder,3,0.00103,282506,97.39403,290065
2358,kulakowka,3,0.00103,282509,97.39507,290065
2359,kunagpal,3,0.00103,282512,97.39610,290065
2360,kurtschelfthout,3,0.00103,282515,97.39714,290065
2361,kvisscher,3,0.00103,282518,97.39817,290065
2362,kweiberth,3,0.00103,282521,97.39920,290065
2363,larssn,3,0.00103,282524,97.40024,290065
2364,leebyron,3,0.00103,282527,97.40127,290065
2365,lesleh,3,0.00103,282530,97.40231,290065
2366,levibuzolic,3,0.00103,282533,97.40334,290065
2367,lexjacobs,3,0.00103,282536,97.40437,290065
2368,LiadIdan,3,0.00103,282539,97.40541,290065
2369,linasm,3,0.00103,282542,97.40644,290065
2370,Linskeyd,3,0.00103,282545,97.40748,290065
2371,liroyleshed,3,0.00103,282548,97.40851,290065
2372,loiane,3,0.00103,282551,97.40955,290065
2373,longlho,3,0.00103,282554,97.41058,290065
2374,lookfirst,3,0.00103,282557,97.41161,290065
2375,louistio,3,0.00103,282560,97.41265,290065
2376,lovasoa,3,0.00103,282563,97.41368,290065
2377,lrsmith,3,0.00103,282566,97.41472,290065
2378,lucasleelz,3,0.00103,282569,97.41575,290065
2379,LucianBuzzo,3,0.00103,282572,97.41679,290065
2380,LuisReinoso,3,0.00103,282575,97.41782,290065
2381,lukasgraf,3,0.00103,282578,97.41885,290065
2382,lysannef,3,0.00103,282581,97.41989,290065
2383,maartentibau,3,0.00103,282584,97.42092,290065
2384,maasencioh,3,0.00103,282587,97.42196,290065
2385,MadaraUchiha,3,0.00103,282590,97.42299,290065
2386,m-amr,3,0.00103,282593,97.42403,290065
2387,mandarini,3,0.00103,282596,97.42506,290065
2388,mani-mishra,3,0.00103,282599,97.42609,290065
2389,manofstick,3,0.00103,282602,97.42713,290065
2390,manoharreddyporeddy,3,0.00103,282605,97.42816,290065
2391,mantissa7,3,0.00103,282608,97.42920,290065
2392,maramon,3,0.00103,282611,97.43023,290065
2393,marclaval,3,0.00103,282614,97.43127,290065
2394,marconilanna,3,0.00103,282617,97.43230,290065
2395,mark007,3,0.00103,282620,97.43333,290065
2396,MarkChrisLevy,3,0.00103,282623,97.43437,290065
2397,markmielke,3,0.00103,282626,97.43540,290065
2398,marktopper,3,0.00103,282629,97.43644,290065
2399,markus1189,3,0.00103,282632,97.43747,290065
2400,martinbean,3,0.00103,282635,97.43851,290065
2401,martine,3,0.00103,282638,97.43954,290065
2402,martinheidegger,3,0.00103,282641,97.44057,290065
2403,marvin-SL,3,0.00103,282644,97.44161,290065
2404,mateusrodrigues,3,0.00103,282647,97.44264,290065
2405,mathieumg,3,0.00103,282650,97.44368,290065
2406,Mathius17,3,0.00103,282653,97.44471,290065
2407,matthewdeeco,3,0.00103,282656,97.44574,290065
2408,matthew-gerstman,3,0.00103,282659,97.44678,290065
2409,mausch,3,0.00103,282662,97.44781,290065
2410,maximelafarie,3,0.00103,282665,97.44885,290065
2411,Maxim-Mazurok,3,0.00103,282668,97.44988,290065
2412,maxthyen,3,0.00103,282671,97.45092,290065
2413,mbelsky,3,0.00103,282674,97.45195,290065
2414,m-burst,3,0.00103,282677,97.45298,290065
2415,mebigfatguy,3,0.00103,282680,97.45402,290065
2416,MeiKatz,3,0.00103,282683,97.45505,290065
2417,Meknassih,3,0.00103,282686,97.45609,290065
2418,melloc,3,0.00103,282689,97.45712,290065
2419,mems,3,0.00103,282692,97.45816,290065
2420,MeyerNils,3,0.00103,282695,97.45919,290065
2421,mgreenland,3,0.00103,282698,97.46022,290065
2422,MichaelSimons,3,0.00103,282701,97.46126,290065
2423,mihaip,3,0.00103,282704,97.46229,290065
2424,mikermcneil,3,0.00103,282707,97.46333,290065
2425,mike-rogers,3,0.00103,282710,97.46436,290065
2426,MikhailTatsky,3,0.00103,282713,97.46540,290065
2427,mikkomaunu,3,0.00103,282716,97.46643,290065
2428,mircowidmer,3,0.00103,282719,97.46746,290065
2429,misacorn,3,0.00103,282722,97.46850,290065
2430,miyajan,3,0.00103,282725,97.46953,290065
2431,mjhea0,3,0.00103,282728,97.47057,290065
2432,mlichtblau,3,0.00103,282731,97.47160,290065
2433,mmoayyed,3,0.00103,282734,97.47264,290065
2434,Mobiletainment,3,0.00103,282737,97.47367,290065
2435,MohammadYounes,3,0.00103,282740,97.47470,290065
2436,mohd-akram,3,0.00103,282743,97.47574,290065
2437,mohdhamm,3,0.00103,282746,97.47677,290065
2438,molly,3,0.00103,282749,97.47781,290065
2439,moorage,3,0.00103,282752,97.47884,290065
2440,morriq,3,0.00103,282755,97.47988,290065
2441,mort3za,3,0.00103,282758,97.48091,290065
2442,mpetruska,3,0.00103,282761,97.48194,290065
2443,mpeylo,3,0.00103,282764,97.48298,290065
2444,mrenrich84,3,0.00103,282767,97.48401,290065
2445,msmania,3,0.00103,282770,97.48505,290065
2446,msprotz,3,0.00103,282773,97.48608,290065
2447,mstrutt,3,0.00103,282776,97.48711,290065
2448,muhajirdev,3,0.00103,282779,97.48815,290065
2449,murphysean,3,0.00103,282782,97.48918,290065
2450,musicq,3,0.00103,282785,97.49022,290065
2451,mwanago,3,0.00103,282788,97.49125,290065
2452,M-ZubairAhmed,3,0.00103,282791,97.49229,290065
2453,nacmartin,3,0.00103,282794,97.49332,290065
2454,naholyr,3,0.00103,282797,97.49435,290065
2455,nanjingboy,3,0.00103,282800,97.49539,290065
2456,naturalwarren,3,0.00103,282803,97.49642,290065
2457,nbellowe,3,0.00103,282806,97.49746,290065
2458,neojski,3,0.00103,282809,97.49849,290065
2459,ngdevelop-tech,3,0.00103,282812,97.49953,290065
2460,NicBonetto,3,0.00103,282815,97.50056,290065
2461,Nicholaiii,3,0.00103,282818,97.50159,290065
2462,nicodh,3,0.00103,282821,97.50263,290065
2463,nicojs,3,0.00103,282824,97.50366,290065
2464,NicolaiSoeborg,3,0.00103,282827,97.50470,290065
2465,nicolasstucki,3,0.00103,282830,97.50573,290065
2466,Nifled,3,0.00103,282833,97.50677,290065
2467,NightlyNexus,3,0.00103,282836,97.50780,290065
2468,NiklasMerz,3,0.00103,282839,97.50883,290065
2469,nikselite,3,0.00103,282842,97.50987,290065
2470,nnasirzada,3,0.00103,282845,97.51090,290065
2471,noahmedling,3,0.00103,282848,97.51194,290065
2472,nsanitate,3,0.00103,282851,97.51297,290065
2473,nsteenbeek,3,0.00103,282854,97.51401,290065
2474,nvborisenko,3,0.00103,282857,97.51504,290065
2475,oakfang,3,0.00103,282860,97.51607,290065
2476,ojhad,3,0.00103,282863,97.51711,290065
2477,ojhaujjwal,3,0.00103,282866,97.51814,290065
2478,okapon,3,0.00103,282869,97.51918,290065
2479,oliviertassinari,3,0.00103,282872,97.52021,290065
2480,OlsonDev,3,0.00103,282875,97.52125,290065
2481,onovotny,3,0.00103,282878,97.52228,290065
2482,onpaws,3,0.00103,282881,97.52331,290065
2483,onstring,3,0.00103,282884,97.52435,290065
2484,ooystein,3,0.00103,282887,97.52538,290065
2485,orischwartz,3,0.00103,282890,97.52642,290065
2486,Orodan,3,0.00103,282893,97.52745,290065
2487,panakour,3,0.00103,282896,97.52848,290065
2488,PandiyanCool,3,0.00103,282899,97.52952,290065
2489,partheseas,3,0.00103,282902,97.53055,290065
2490,pascalim,3,0.00103,282905,97.53159,290065
2491,paulidale,3,0.00103,282908,97.53262,290065
2492,pdot86,3,0.00103,282911,97.53366,290065
2493,pedroclayman,3,0.00103,282914,97.53469,290065
2494,pedrottimark,3,0.00103,282917,97.53572,290065
2495,peebeebee,3,0.00103,282920,97.53676,290065
2496,peterfuwork,3,0.00103,282923,97.53779,290065
2497,PeterMosmans,3,0.00103,282926,97.53883,290065
2498,petetnt,3,0.00103,282929,97.53986,290065
2499,phapdinh,3,0.00103,282932,97.54090,290065
2500,PhiLhoSoft,3,0.00103,282935,97.54193,290065
2501,phillc73,3,0.00103,282938,97.54296,290065
2502,philquinn,3,0.00103,282941,97.54400,290065
2503,picheli20,3,0.00103,282944,97.54503,290065
2504,pieceofsummer,3,0.00103,282947,97.54607,290065
2505,pilwon,3,0.00103,282950,97.54710,290065
2506,pixelbandito,3,0.00103,282953,97.54814,290065
2507,pixtron,3,0.00103,282956,97.54917,290065
2508,pjohnmeyer,3,0.00103,282959,97.55020,290065
2509,pknouff,3,0.00103,282962,97.55124,290065
2510,plabovich,3,0.00103,282965,97.55227,290065
2511,plr108,3,0.00103,282968,97.55331,290065
2512,pmccloghrylaing,3,0.00103,282971,97.55434,290065
2513,pocesar,3,0.00103,282974,97.55538,290065
2514,popey456963,3,0.00103,282977,97.55641,290065
2515,poychang,3,0.00103,282980,97.55744,290065
2516,pprindeville,3,0.00103,282983,97.55848,290065
2517,prashant-andani,3,0.00103,282986,97.55951,290065
2518,ptrzyna,3,0.00103,282989,97.56055,290065
2519,PunKeel,3,0.00103,282992,97.56158,290065
2520,qsona,3,0.00103,282995,97.56262,290065
2521,rainersigwald,3,0.00103,282998,97.56365,290065
2522,raithit,3,0.00103,283001,97.56468,290065
2523,rajaramtt,3,0.00103,283004,97.56572,290065
2524,rajeshduggal,3,0.00103,283007,97.56675,290065
2525,ramiy,3,0.00103,283010,97.56779,290065
2526,raphaelkross,3,0.00103,283013,97.56882,290065
2527,ratracegrad,3,0.00103,283016,97.56986,290065
2528,rauchg,3,0.00103,283019,97.57089,290065
2529,razh,3,0.00103,283022,97.57192,290065
2530,RByers,3,0.00103,283025,97.57296,290065
2531,rcoy-v,3,0.00103,283028,97.57399,290065
2532,reduckted,3,0.00103,283031,97.57503,290065
2533,reedloden,3,0.00103,283034,97.57606,290065
2534,reiz,3,0.00103,283037,97.57709,290065
2535,remy,3,0.00103,283040,97.57813,290065
2536,resource11,3,0.00103,283043,97.57916,290065
2537,reubsinit,3,0.00103,283046,97.58020,290065
2538,rharter,3,0.00103,283049,97.58123,290065
2539,rhernandez35,3,0.00103,283052,97.58227,290065
2540,ricardopolo,3,0.00103,283055,97.58330,290065
2541,RicardoVaranda,3,0.00103,283058,97.58433,290065
2542,richbeales,3,0.00103,283061,97.58537,290065
2543,richiethomas,3,0.00103,283064,97.58640,290065
2544,RickyRoller,3,0.00103,283067,97.58744,290065
2545,rictic,3,0.00103,283070,97.58847,290065
2546,RikkiGibson,3,0.00103,283073,97.58951,290065
2547,rileyL6122428,3,0.00103,283076,97.59054,290065
2548,Rionmonster,3,0.00103,283079,97.59157,290065
2549,rixrix,3,0.00103,283082,97.59261,290065
2550,RobertKielty,3,0.00103,283085,97.59364,290065
2551,RobinCsl,3,0.00103,283088,97.59468,290065
2552,robstoll,3,0.00103,283091,97.59571,290065
2553,rolodato,3,0.00103,283094,97.59675,290065
2554,romamatusevich,3,0.00103,283097,97.59778,290065
2555,romanowski,3,0.00103,283100,97.59881,290065
2556,roncain,3,0.00103,283103,97.59985,290065
2557,rongduan-zhu,3,0.00103,283106,97.60088,290065
2558,rowanthorpe,3,0.00103,283109,97.60192,290065
2559,Rplus,3,0.00103,283112,97.60295,290065
2560,rrthomas,3,0.00103,283115,97.60399,290065
2561,rs017991,3,0.00103,283118,97.60502,290065
2562,ruiaraujo,3,0.00103,283121,97.60605,290065
2563,rupav,3,0.00103,283124,97.60709,290065
2564,RussKie,3,0.00103,283127,97.60812,290065
2565,Rvanlaak,3,0.00103,283130,97.60916,290065
2566,ryo-utsunomiya,3,0.00103,283133,97.61019,290065
2567,rzschech,3,0.00103,283136,97.61123,290065
2568,sahan91,3,0.00103,283139,97.61226,290065
2569,salzhrani,3,0.00103,283142,97.61329,290065
2570,sandbergja,3,0.00103,283145,97.61433,290065
2571,sanderboom,3,0.00103,283148,97.61536,290065
2572,sanex3339,3,0.00103,283151,97.61640,290065
2573,saneyuki,3,0.00103,283154,97.61743,290065
2574,SangKa,3,0.00103,283157,97.61846,290065
2575,santipalenque,3,0.00103,283160,97.61950,290065
2576,saravyas,3,0.00103,283163,97.62053,290065
2577,sawilde,3,0.00103,283166,97.62157,290065
2578,schmod,3,0.00103,283169,97.62260,290065
2579,schroederc,3,0.00103,283172,97.62364,290065
2580,scizor666,3,0.00103,283175,97.62467,290065
2581,scooper91,3,0.00103,283178,97.62570,290065
2582,screamingmunch,3,0.00103,283181,97.62674,290065
2583,sctape,3,0.00103,283184,97.62777,290065
2584,SeasonLeee,3,0.00103,283187,97.62881,290065
2585,SebastiaanNijland,3,0.00103,283190,97.62984,290065
2586,SebastienBtr,3,0.00103,283193,97.63088,290065
2587,sebdeckers,3,0.00103,283196,97.63191,290065
2588,Sebmaster,3,0.00103,283199,97.63294,290065
2589,sebnow,3,0.00103,283202,97.63398,290065
2590,SensitiveMix,3,0.00103,283205,97.63501,290065
2591,sercaneraslan,3,0.00103,283208,97.63605,290065
2592,SergeyVolynkin,3,0.00103,283211,97.63708,290065
2593,serkanturgut,3,0.00103,283214,97.63812,290065
2594,sermojohn,3,0.00103,283217,97.63915,290065
2595,serpent5,3,0.00103,283220,97.64018,290065
2596,sethpollack,3,0.00103,283223,97.64122,290065
2597,severen,3,0.00103,283226,97.64225,290065
2598,sfackler,3,0.00103,283229,97.64329,290065
2599,s-gbz,3,0.00103,283232,97.64432,290065
2600,Sharondio,3,0.00103,283235,97.64536,290065
2601,ShashankaNataraj,3,0.00103,283238,97.64639,290065
2602,shaungrady,3,0.00103,283241,97.64742,290065
2603,ShaviPathania,3,0.00103,283244,97.64846,290065
2604,sheikalthaf,3,0.00103,283247,97.64949,290065
2605,shimingsg,3,0.00103,283250,97.65053,290065
2606,Shingyx,3,0.00103,283253,97.65156,290065
2607,ShivanKaul,3,0.00103,283256,97.65260,290065
2608,shmendo,3,0.00103,283259,97.65363,290065
2609,shortspider,3,0.00103,283262,97.65466,290065
2610,shrasool,3,0.00103,283265,97.65570,290065
2611,siddhant1,3,0.00103,283268,97.65673,290065
2612,silvenon,3,0.00103,283271,97.65777,290065
2613,SirJackovich,3,0.00103,283274,97.65880,290065
2614,Smartis2812,3,0.00103,283277,97.65983,290065
2615,SMHFandA,3,0.00103,283280,97.66087,290065
2616,smithl,3,0.00103,283283,97.66190,290065
2617,smoke,3,0.00103,283286,97.66294,290065
2618,Smurf81,3,0.00103,283289,97.66397,290065
2619,sobolevn,3,0.00103,283292,97.66501,290065
2620,sod,3,0.00103,283295,97.66604,290065
2621,sompylasar,3,0.00103,283298,97.66707,290065
2622,soslan,3,0.00103,283301,97.66811,290065
2623,SpaceBeers,3,0.00103,283304,97.66914,290065
2624,spaceribs,3,0.00103,283307,97.67018,290065
2625,Spikhalskiy,3,0.00103,283310,97.67121,290065
2626,ssonal,3,0.00103,283313,97.67225,290065
2627,StacyGay,3,0.00103,283316,97.67328,290065
2628,Stephan202,3,0.00103,283319,97.67431,290065
2629,stephensauceda,3,0.00103,283322,97.67535,290065
2630,steveisok,3,0.00103,283325,97.67638,290065
2631,StevenLiekens,3,0.00103,283328,97.67742,290065
2632,stevenvachon,3,0.00103,283331,97.67845,290065
2633,steverobb,3,0.00103,283334,97.67949,290065
2634,styfle,3,0.00103,283337,97.68052,290065
2635,StyXman,3,0.00103,283340,97.68155,290065
2636,sudo-suhas,3,0.00103,283343,97.68259,290065
2637,sugoidesune,3,0.00103,283346,97.68362,290065
2638,Synoon,3,0.00103,283349,97.68466,290065
2639,taggon,3,0.00103,283352,97.68569,290065
2640,tatsuyafw,3,0.00103,283355,97.68673,290065
2641,taurose,3,0.00103,283358,97.68776,290065
2642,taylorwood,3,0.00103,283361,97.68879,290065
2643,tbroadley,3,0.00103,283364,97.68983,290065
2644,tcoz,3,0.00103,283367,97.69086,290065
2645,teoucsb82,3,0.00103,283370,97.69190,290065
2646,teyc,3,0.00103,283373,97.69293,290065
2647,tgiphil,3,0.00103,283376,97.69397,290065
2648,tgrrtt,3,0.00103,283379,97.69500,290065
2649,ThaneshR,3,0.00103,283382,97.69603,290065
2650,thebyteman,3,0.00103,283385,97.69707,290065
2651,TheMushrr00m,3,0.00103,283388,97.69810,290065
2652,TheRoSS,3,0.00103,283391,97.69914,290065
2653,thg2k,3,0.00103,283394,97.70017,290065
2654,th-ko,3,0.00103,283397,97.70120,290065
2655,thomaspink,3,0.00103,283400,97.70224,290065
2656,ti1024,3,0.00103,283403,97.70327,290065
2657,tiaguinho,3,0.00103,283406,97.70431,290065
2658,Tibing,3,0.00103,283409,97.70534,290065
2659,tienpham94,3,0.00103,283412,97.70638,290065
2660,tIGO,3,0.00103,283415,97.70741,290065
2661,timblack1,3,0.00103,283418,97.70844,290065
2662,tim-blair,3,0.00103,283421,97.70948,290065
2663,timjacobi,3,0.00103,283424,97.71051,290065
2664,timkendrick,3,0.00103,283427,97.71155,290065
2665,timkraut,3,0.00103,283430,97.71258,290065
2666,tinchou,3,0.00103,283433,97.71362,290065
2667,tkh44,3,0.00103,283436,97.71465,290065
2668,tmcw,3,0.00103,283439,97.71568,290065
2669,tnguyen14,3,0.00103,283442,97.71672,290065
2670,tobegit3hub,3,0.00103,283445,97.71775,290065
2671,todorpr,3,0.00103,283448,97.71879,290065
2672,tombuildsstuff,3,0.00103,283451,97.71982,290065
2673,tonylukasavage,3,0.00103,283454,97.72086,290065
2674,TooTallNate,3,0.00103,283457,97.72189,290065
2675,tracker1,3,0.00103,283460,97.72292,290065
2676,Tragetaschen,3,0.00103,283463,97.72396,290065
2677,trbngr,3,0.00103,283466,97.72499,290065
2678,trevorlinton,3,0.00103,283469,97.72603,290065
2679,treylitefm,3,0.00103,283472,97.72706,290065
2680,trshafer,3,0.00103,283475,97.72810,290065
2681,tstringer,3,0.00103,283478,97.72913,290065
2682,tuannvm,3,0.00103,283481,97.73016,290065
2683,TuckerWhitehouse,3,0.00103,283484,97.73120,290065
2684,tylerbuchea,3,0.00103,283487,97.73223,290065
2685,tyreer,3,0.00103,283490,97.73327,290065
2686,tzvipm,3,0.00103,283493,97.73430,290065
2687,ukyo,3,0.00103,283496,97.73534,290065
2688,unional,3,0.00103,283499,97.73637,290065
2689,untitaker,3,0.00103,283502,97.73740,290065
2690,Vadorequest,3,0.00103,283505,97.73844,290065
2691,VanTanev,3,0.00103,283508,97.73947,290065
2692,vapier,3,0.00103,283511,97.74051,290065
2693,varming,3,0.00103,283514,97.74154,290065
2694,varunnvs92,3,0.00103,283517,97.74257,290065
2695,VasiliyNovikov,3,0.00103,283520,97.74361,290065
2696,vepasto,3,0.00103,283523,97.74464,290065
2697,vetom,3,0.00103,283526,97.74568,290065
2698,vidavidorra,3,0.00103,283529,97.74671,290065
2699,vinagreti,3,0.00103,283532,97.74775,290065
2700,vinayvishal,3,0.00103,283535,97.74878,290065
2701,VinitTomar,3,0.00103,283538,97.74981,290065
2702,vitek-karas,3,0.00103,283541,97.75085,290065
2703,vitomeuli,3,0.00103,283544,97.75188,290065
2704,vkvenkat,3,0.00103,283547,97.75292,290065
2705,vladimir-kazakov,3,0.00103,283550,97.75395,290065
2706,vlbee,3,0.00103,283553,97.75499,290065
2707,vogloblinsky,3,0.00103,283556,97.75602,290065
2708,Volga,3,0.00103,283559,97.75705,290065
2709,v-yanbgu,3,0.00103,283562,97.75809,290065
2710,w1zeman1p,3,0.00103,283565,97.75912,290065
2711,watson,3,0.00103,283568,97.76016,290065
2712,wcjohnson11,3,0.00103,283571,97.76119,290065
2713,weitzhandler,3,0.00103,283574,97.76223,290065
2714,wilgert,3,0.00103,283577,97.76326,290065
2715,wKoza,3,0.00103,283580,97.76429,290065
2716,wkwiatek,3,0.00103,283583,97.76533,290065
2717,wmarques,3,0.00103,283586,97.76636,290065
2718,wmertens,3,0.00103,283589,97.76740,290065
2719,wnqnguo,3,0.00103,283592,97.76843,290065
2720,wub,3,0.00103,283595,97.76947,290065
2721,wyze,3,0.00103,283598,97.77050,290065
2722,Xegyn,3,0.00103,283601,97.77153,290065
2723,xiangzhuyuan,3,0.00103,283604,97.77257,290065
2724,xybu,3,0.00103,283607,97.77360,290065
2725,Yahkob,3,0.00103,283610,97.77464,290065
2726,yaman-jain,3,0.00103,283613,97.77567,290065
2727,yangmillstheory,3,0.00103,283616,97.77671,290065
2728,yasirmhd,3,0.00103,283619,97.77774,290065
2729,YasserKaddour,3,0.00103,283622,97.77877,290065
2730,YevhenLukomskyi,3,0.00103,283625,97.77981,290065
2731,yhagio,3,0.00103,283628,97.78084,290065
2732,yilinglu,3,0.00103,283631,97.78188,290065
2733,ymekuria,3,0.00103,283634,97.78291,290065
2734,yuan3y,3,0.00103,283637,97.78394,290065
2735,yvanin,3,0.00103,283640,97.78498,290065
2736,yxliang01,3,0.00103,283643,97.78601,290065
2737,zhangyi089,3,0.00103,283646,97.78705,290065
2738,zhenlan,3,0.00103,283649,97.78808,290065
2739,zhukov,3,0.00103,283652,97.78912,290065
2740,Zizzamia,3,0.00103,283655,97.79015,290065
2741,zjmiller,3,0.00103,283658,97.79118,290065
2742,ZLester,3,0.00103,283661,97.79222,290065
2743,zsd4yr,3,0.00103,283664,97.79325,290065
2744,zwenza,3,0.00103,283667,97.79429,290065
2745,zzz40500,3,0.00103,283670,97.79532,290065
2746,000panther,2,0.00069,283672,97.79601,290065
2747,0xced,2,0.00069,283674,97.79670,290065
2748,0xflotus,2,0.00069,283676,97.79739,290065
2749,193s,2,0.00069,283678,97.79808,290065
2750,2E0PGS,2,0.00069,283680,97.79877,290065
2751,333fred,2,0.00069,283682,97.79946,290065
2752,3LOK,2,0.00069,283684,97.80015,290065
2753,3noch,2,0.00069,283686,97.80084,290065
2754,64lines,2,0.00069,283688,97.80153,290065
2755,8398a7,2,0.00069,283690,97.80222,290065
2756,a510,2,0.00069,283692,97.80291,290065
2757,aackerman,2,0.00069,283694,97.80360,290065
2758,aandrewww,2,0.00069,283696,97.80429,290065
2759,aaronabramov,2,0.00069,283698,97.80497,290065
2760,aaronroberson,2,0.00069,283700,97.80566,290065
2761,aaugustin,2,0.00069,283702,97.80635,290065
2762,abalmos,2,0.00069,283704,97.80704,290065
2763,abargnesi,2,0.00069,283706,97.80773,290065
2764,abhas9,2,0.00069,283708,97.80842,290065
2765,ackratos,2,0.00069,283710,97.80911,290065
2766,acourtiol,2,0.00069,283712,97.80980,290065
2767,actimeo,2,0.00069,283714,97.81049,290065
2768,adambowles,2,0.00069,283716,97.81118,290065
2769,adampenn,2,0.00069,283718,97.81187,290065
2770,adamretter,2,0.00069,283720,97.81256,290065
2771,adamrneary,2,0.00069,283722,97.81325,290065
2772,AdamWill,2,0.00069,283724,97.81394,290065
2773,adamyi,2,0.00069,283726,97.81463,290065
2774,adarrra,2,0.00069,283728,97.81532,290065
2775,addyosmani,2,0.00069,283730,97.81601,290065
2776,adekbadek,2,0.00069,283732,97.81670,290065
2777,adoyle-h,2,0.00069,283734,97.81739,290065
2778,adrianhopebailie,2,0.00069,283736,97.81808,290065
2779,adriensamson,2,0.00069,283738,97.81876,290065
2780,Adusei,2,0.00069,283740,97.81945,290065
2781,aelij,2,0.00069,283742,97.82014,290065
2782,af,2,0.00069,283744,97.82083,290065
2783,afanasy,2,0.00069,283746,97.82152,290065
2784,afitiskin,2,0.00069,283748,97.82221,290065
2785,AftabAnsari10662,2,0.00069,283750,97.82290,290065
2786,agievich,2,0.00069,283752,97.82359,290065
2787,agray,2,0.00069,283754,97.82428,290065
2788,ahamid,2,0.00069,283756,97.82497,290065
2789,aherbert,2,0.00069,283758,97.82566,290065
2790,ahmedalejo,2,0.00069,283760,97.82635,290065
2791,aianus,2,0.00069,283762,97.82704,290065
2792,airamrguez,2,0.00069,283764,97.82773,290065
2793,airs0urce,2,0.00069,283766,97.82842,290065
2794,aitboudad,2,0.00069,283768,97.82911,290065
2795,ajbogh,2,0.00069,283770,97.82980,290065
2796,ajcrowe,2,0.00069,283772,97.83049,290065
2797,ajfranzoia,2,0.00069,283774,97.83118,290065
2798,akamch,2,0.00069,283776,97.83187,290065
2799,akatopo,2,0.00069,283778,97.83255,290065
2800,akaustav,2,0.00069,283780,97.83324,290065
2801,Akretsch,2,0.00069,283782,97.83393,290065
2802,akshayagarwal,2,0.00069,283784,97.83462,290065
2803,alaingilbert,2,0.00069,283786,97.83531,290065
2804,Alanscut,2,0.00069,283788,97.83600,290065
2805,albanm,2,0.00069,283790,97.83669,290065
2806,albertkang,2,0.00069,283792,97.83738,290065
2807,AlbertoElias,2,0.00069,283794,97.83807,290065
2808,AlbertoGoffi,2,0.00069,283796,97.83876,290065
2809,albertopiras,2,0.00069,283798,97.83945,290065
2810,alehander42,2,0.00069,283800,97.84014,290065
2811,Aleksandyr,2,0.00069,283802,97.84083,290065
2812,AlekseyTs,2,0.00069,283804,97.84152,290065
2813,aleqi200,2,0.00069,283806,97.84221,290065
2814,AlexanderOMara,2,0.00069,283808,97.84290,290065
2815,alexandrnikitin,2,0.00069,283810,97.84359,290065
2816,alexbaumgertner,2,0.00069,283812,97.84428,290065
2817,alexbyk,2,0.00069,283814,97.84497,290065
2818,alexkrolick,2,0.00069,283816,97.84566,290065
2819,alexrohleder,2,0.00069,283818,97.84634,290065
2820,alexsorokoletov,2,0.00069,283820,97.84703,290065
2821,AlexxNica,2,0.00069,283822,97.84772,290065
2822,alexzuza,2,0.00069,283824,97.84841,290065
2823,alfaslash,2,0.00069,283826,97.84910,290065
2824,alFReD-NSH,2,0.00069,283828,97.84979,290065
2825,alippai,2,0.00069,283830,97.85048,290065
2826,AlmogShaul,2,0.00069,283832,97.85117,290065
2827,alokmenghrajani,2,0.00069,283834,97.85186,290065
2828,alpancs,2,0.00069,283836,97.85255,290065
2829,alyssamichelle,2,0.00069,283838,97.85324,290065
2830,amandeepmittal,2,0.00069,283840,97.85393,290065
2831,ameyjadiye,2,0.00069,283842,97.85462,290065
2832,aminsoheyli,2,0.00069,283844,97.85531,290065
2833,amirelemam,2,0.00069,283846,97.85600,290065
2834,amohamme,2,0.00069,283848,97.85669,290065
2835,Anber,2,0.00069,283850,97.85738,290065
2836,andreitroiebbc,2,0.00069,283852,97.85807,290065
2837,andresroberto,2,0.00069,283854,97.85876,290065
2838,andrewrota,2,0.00069,283856,97.85945,290065
2839,andydavies,2,0.00069,283858,97.86013,290065
2840,andyfleming,2,0.00069,283860,97.86082,290065
2841,andygrundman,2,0.00069,283862,97.86151,290065
2842,andymc12,2,0.00069,283864,97.86220,290065
2843,andyscott,2,0.00069,283866,97.86289,290065
2844,angelo-v,2,0.00069,283868,97.86358,290065
2845,angfal,2,0.00069,283870,97.86427,290065
2846,anibalardid,2,0.00069,283872,97.86496,290065
2847,anirudhramanan,2,0.00069,283874,97.86565,290065
2848,ankon,2,0.00069,283876,97.86634,290065
2849,annp89,2,0.00069,283878,97.86703,290065
2850,anthonyryan1,2,0.00069,283880,97.86772,290065
2851,antonblanchard,2,0.00069,283882,97.86841,290065
2852,antoniom,2,0.00069,283884,97.86910,290065
2853,AntonLandor,2,0.00069,283886,97.86979,290065
2854,apaatsio,2,0.00069,283888,97.87048,290065
2855,aral,2,0.00069,283890,97.87117,290065
2856,arbaaz,2,0.00069,283892,97.87186,290065
2857,arcana261,2,0.00069,283894,97.87255,290065
2858,Ardeshir81,2,0.00069,283896,97.87324,290065
2859,argelius,2,0.00069,283898,97.87392,290065
2860,ariabuckles,2,0.00069,283900,97.87461,290065
2861,arianf,2,0.00069,283902,97.87530,290065
2862,arliang,2,0.00069,283904,97.87599,290065
2863,armaanahluwalia,2,0.00069,283906,97.87668,290065
2864,armiiller,2,0.00069,283908,97.87737,290065
2865,arminsolecki,2,0.00069,283910,97.87806,290065
2866,armostafizi,2,0.00069,283912,97.87875,290065
2867,armujahid,2,0.00069,283914,97.87944,290065
2868,arnif,2,0.00069,283916,97.88013,290065
2869,ArnoSaine,2,0.00069,283918,97.88082,290065
2870,arpitpandey0209,2,0.00069,283920,97.88151,290065
2871,arshabh,2,0.00069,283922,97.88220,290065
2872,ArtemLanovyy,2,0.00069,283924,97.88289,290065
2873,artnez,2,0.00069,283926,97.88358,290065
2874,ArturBaybulatov,2,0.00069,283928,97.88427,290065
2875,arturoromeroslc,2,0.00069,283930,97.88496,290065
2876,arty-name,2,0.00069,283932,97.88565,290065
2877,arunjvs,2,0.00069,283934,97.88634,290065
2878,arvedarved,2,0.00069,283936,97.88703,290065
2879,arvinio,2,0.00069,283938,97.88771,290065
2880,arw-travela,2,0.00069,283940,97.88840,290065
2881,ashaffer,2,0.00069,283942,97.88909,290065
2882,ashinzekene,2,0.00069,283944,97.88978,290065
2883,ashishdasnurkar,2,0.00069,283946,97.89047,290065
2884,askhalil,2,0.00069,283948,97.89116,290065
2885,asoldano,2,0.00069,283950,97.89185,290065
2886,asottile,2,0.00069,283952,97.89254,290065
2887,aSoujyuTanaka,2,0.00069,283954,97.89323,290065
2888,atodorov,2,0.00069,283956,97.89392,290065
2889,atul-shimpi,2,0.00069,283958,97.89461,290065
2890,AudyOdi,2,0.00069,283960,97.89530,290065
2891,aurium,2,0.00069,283962,97.89599,290065
2892,austinpray,2,0.00069,283964,97.89668,290065
2893,autopulated,2,0.00069,283966,97.89737,290065
2894,avens19,2,0.00069,283968,97.89806,290065
2895,avioli,2,0.00069,283970,97.89875,290065
2896,avivr,2,0.00069,283972,97.89944,290065
2897,axel22,2,0.00069,283974,97.90013,290065
2898,ayende,2,0.00069,283976,97.90082,290065
2899,azat,2,0.00069,283978,97.90150,290065
2900,azz,2,0.00069,283980,97.90219,290065
2901,b3nj4m,2,0.00069,283982,97.90288,290065
2902,B3zo0,2,0.00069,283984,97.90357,290065
2903,babhishek21,2,0.00069,283986,97.90426,290065
2904,bahamas10,2,0.00069,283988,97.90495,290065
2905,bancek,2,0.00069,283990,97.90564,290065
2906,banli17,2,0.00069,283992,97.90633,290065
2907,baopham,2,0.00069,283994,97.90702,290065
2908,baribadamshin,2,0.00069,283996,97.90771,290065
2909,Bartosz-D3V,2,0.00069,283998,97.90840,290065
2910,bary822,2,0.00069,284000,97.90909,290065
2911,bascoder,2,0.00069,284002,97.90978,290065
2912,batiste,2,0.00069,284004,97.91047,290065
2913,batusai513,2,0.00069,284006,97.91116,290065
2914,bbamsch,2,0.00069,284008,97.91185,290065
2915,bbartels,2,0.00069,284010,97.91254,290065
2916,BBB,2,0.00069,284012,97.91323,290065
2917,BBKolton,2,0.00069,284014,97.91392,290065
2918,bcherny,2,0.00069,284016,97.91461,290065
2919,bdelespierre,2,0.00069,284018,97.91529,290065
2920,bdougie,2,0.00069,284020,97.91598,290065
2921,beausmith,2,0.00069,284022,97.91667,290065
2922,behrangsa,2,0.00069,284024,97.91736,290065
2923,behzad888,2,0.00069,284026,97.91805,290065
2924,believer,2,0.00069,284028,97.91874,290065
2925,benatespina,2,0.00069,284030,97.91943,290065
2926,bengadbois,2,0.00069,284032,97.92012,290065
2927,benhutchison,2,0.00069,284034,97.92081,290065
2928,benjamin-albert,2,0.00069,284036,97.92150,290065
2929,benjamin-hodgson,2,0.00069,284038,97.92219,290065
2930,benjaminp,2,0.00069,284040,97.92288,290065
2931,benjaminpick,2,0.00069,284042,97.92357,290065
2932,BenjaminVadant,2,0.00069,284044,97.92426,290065
2933,bennyn,2,0.00069,284046,97.92495,290065
2934,benpye,2,0.00069,284048,97.92564,290065
2935,benwiley4000,2,0.00069,284050,97.92633,290065
2936,beznosd,2,0.00069,284052,97.92702,290065
2937,bfanger,2,0.00069,284054,97.92771,290065
2938,bgever,2,0.00069,284056,97.92840,290065
2939,bgpat,2,0.00069,284058,97.92908,290065
2940,bgribaudo,2,0.00069,284060,97.92977,290065
2941,BigBadBleuCheese,2,0.00069,284062,97.93046,290065
2942,bildja,2,0.00069,284064,97.93115,290065
2943,billwert,2,0.00069,284066,97.93184,290065
2944,billymoon,2,0.00069,284068,97.93253,290065
2945,BinaryDevil,2,0.00069,284070,97.93322,290065
2946,bjarneo,2,0.00069,284072,97.93391,290065
2947,bjouhier,2,0.00069,284074,97.93460,290065
2948,bkiselka,2,0.00069,284076,97.93529,290065
2949,BlueHatbRit,2,0.00069,284078,97.93598,290065
2950,bman654,2,0.00069,284080,97.93667,290065
2951,bnabholz,2,0.00069,284082,97.93736,290065
2952,bojand,2,0.00069,284084,97.93805,290065
2953,bokub,2,0.00069,284086,97.93874,290065
2954,bording,2,0.00069,284088,97.93943,290065
2955,borgboyone,2,0.00069,284090,97.94012,290065
2956,boyaq,2,0.00069,284092,97.94081,290065
2957,brad4d,2,0.00069,284094,97.94150,290065
2958,bradbrandhorst,2,0.00069,284096,97.94219,290065
2959,bradyisom,2,0.00069,284098,97.94287,290065
2960,Brantner,2,0.00069,284100,97.94356,290065
2961,Brar,2,0.00069,284102,97.94425,290065
2962,brendo,2,0.00069,284104,97.94494,290065
2963,brentsnook,2,0.00069,284106,97.94563,290065
2964,brentvatne,2,0.00069,284108,97.94632,290065
2965,bretambrose,2,0.00069,284110,97.94701,290065
2966,brettdh,2,0.00069,284112,97.94770,290065
2967,briankung,2,0.00069,284114,97.94839,290065
2968,bripkens,2,0.00069,284116,97.94908,290065
2969,BRKalow,2,0.00069,284118,97.94977,290065
2970,bruceharris,2,0.00069,284120,97.95046,290065
2971,brycebaril,2,0.00069,284122,97.95115,290065
2972,brychcy,2,0.00069,284124,97.95184,290065
2973,bsamek,2,0.00069,284126,97.95253,290065
2974,bsingr,2,0.00069,284128,97.95322,290065
2975,bspaulding,2,0.00069,284130,97.95391,290065
2976,btelles,2,0.00069,284132,97.95460,290065
2977,bttmly,2,0.00069,284134,97.95529,290065
2978,byronigoe,2,0.00069,284136,97.95598,290065
2979,bzoz,2,0.00069,284138,97.95666,290065
2980,C45tr0,2,0.00069,284140,97.95735,290065
2981,cahbb,2,0.00069,284142,97.95804,290065
2982,calebboyd,2,0.00069,284144,97.95873,290065
2983,calebmer,2,0.00069,284146,97.95942,290065
2984,carolinapowers,2,0.00069,284148,97.96011,290065
2985,CarstenWickner,2,0.00069,284150,97.96080,290065
2986,cassianomon,2,0.00069,284152,97.96149,290065
2987,catalint,2,0.00069,284154,97.96218,290065
2988,CatTail,2,0.00069,284156,97.96287,290065
2989,cbdeveloper,2,0.00069,284158,97.96356,290065
2990,cbosco,2,0.00069,284160,97.96425,290065
2991,cerkiner,2,0.00069,284162,97.96494,290065
2992,cfleschhut,2,0.00069,284164,97.96563,290065
2993,cg-cnu,2,0.00069,284166,97.96632,290065
2994,chadfawcett,2,0.00069,284168,97.96701,290065
2995,chalup,2,0.00069,284170,97.96770,290065
2996,chanakasan,2,0.00069,284172,97.96839,290065
2997,charliegdev,2,0.00069,284174,97.96908,290065
2998,charlierudolph,2,0.00069,284176,97.96977,290065
2999,charlie-s,2,0.00069,284178,97.97045,290065
3000,charsleysa,2,0.00069,284180,97.97114,290065
3001,chengpohi,2,0.00069,284182,97.97183,290065
3002,cherouvim,2,0.00069,284184,97.97252,290065
3003,chill117,2,0.00069,284186,97.97321,290065
3004,ChrisAckerman,2,0.00069,284188,97.97390,290065
3005,chrisakers,2,0.00069,284190,97.97459,290065
3006,ChrisCinelli,2,0.00069,284192,97.97528,290065
3007,chrisdukakis,2,0.00069,284194,97.97597,290065
3008,chriseppstein,2,0.00069,284196,97.97666,290065
3009,chrisirhc,2,0.00069,284198,97.97735,290065
3010,chrislambe,2,0.00069,284200,97.97804,290065
3011,christianrondeau,2,0.00069,284202,97.97873,290065
3012,christophercurrie,2,0.00069,284204,97.97942,290065
3013,christopher-s-hall,2,0.00069,284206,97.98011,290065
3014,churchie317,2,0.00069,284208,97.98080,290065
3015,cianclarke,2,0.00069,284210,97.98149,290065
3016,cif,2,0.00069,284212,97.98218,290065
3017,ckniffen,2,0.00069,284214,97.98287,290065
3018,cky,2,0.00069,284216,97.98356,290065
3019,clabough,2,0.00069,284218,97.98424,290065
3020,clamp03,2,0.00069,284220,97.98493,290065
3021,cleargif,2,0.00069,284222,97.98562,290065
3022,Cleod9,2,0.00069,284224,97.98631,290065
3023,cminyard,2,0.00069,284226,97.98700,290065
3024,cn007b,2,0.00069,284228,97.98769,290065
3025,cneijenhuis,2,0.00069,284230,97.98838,290065
3026,cobbweb,2,0.00069,284232,97.98907,290065
3027,CodeMan99,2,0.00069,284234,97.98976,290065
3028,coderaiser,2,0.00069,284236,97.99045,290065
3029,coderbydesign,2,0.00069,284238,97.99114,290065
3030,CodyReichert,2,0.00069,284240,97.99183,290065
3031,Cole-Beckwith-SP,2,0.00069,284242,97.99252,290065
3032,colesimmons,2,0.00069,284244,97.99321,290065
3033,coleturner,2,0.00069,284246,97.99390,290065
3034,colindickson,2,0.00069,284248,97.99459,290065
3035,colus001,2,0.00069,284250,97.99528,290065
3036,Coly010,2,0.00069,284252,97.99597,290065
3037,coreybutler,2,0.00069,284254,97.99666,290065
3038,coreysf,2,0.00069,284256,97.99735,290065
3039,coryhouse,2,0.00069,284258,97.99803,290065
3040,cos,2,0.00069,284260,97.99872,290065
3041,courtneypattison,2,0.00069,284262,97.99941,290065
3042,coxlinton,2,0.00069,284264,98.00010,290065
3043,crispen-smith,2,0.00069,284266,98.00079,290065
3044,crisptrutski,2,0.00069,284268,98.00148,290065
3045,cristovaov,2,0.00069,284270,98.00217,290065
3046,crooksey,2,0.00069,284272,98.00286,290065
3047,crossjs,2,0.00069,284274,98.00355,290065
3048,csharp,2,0.00069,284276,98.00424,290065
3049,cspotcode,2,0.00069,284278,98.00493,290065
3050,csutherl,2,0.00069,284280,98.00562,290065
3051,curlydevil,2,0.00069,284282,98.00631,290065
3052,cushon,2,0.00069,284284,98.00700,290065
3053,cwe1ss,2,0.00069,284286,98.00769,290065
3054,czajkowski,2,0.00069,284288,98.00838,290065
3055,d2bit,2,0.00069,284290,98.00907,290065
3056,d4rky-pl,2,0.00069,284292,98.00976,290065
3057,daemonblade,2,0.00069,284294,98.01045,290065
3058,dalcib,2,0.00069,284296,98.01114,290065
3059,daltones,2,0.00069,284298,98.01182,290065
3060,danbucholtz,2,0.00069,284300,98.01251,290065
3061,dancasey,2,0.00069,284302,98.01320,290065
3062,danieletorelli,2,0.00069,284304,98.01389,290065
3063,danielknell,2,0.00069,284306,98.01458,290065
3064,DanielNill,2,0.00069,284308,98.01527,290065
3065,DanielRosenwasser,2,0.00069,284310,98.01596,290065
3066,daniel-shuy,2,0.00069,284312,98.01665,290065
3067,danielstjules,2,0.00069,284314,98.01734,290065
3068,danielwiehl,2,0.00069,284316,98.01803,290065
3069,danryan,2,0.00069,284318,98.01872,290065
3070,danthegoodman,2,0.00069,284320,98.01941,290065
3071,dariusk,2,0.00069,284322,98.02010,290065
3072,darobin,2,0.00069,284324,98.02079,290065
3073,dashtinejad,2,0.00069,284326,98.02148,290065
3074,daveaglick,2,0.00069,284328,98.02217,290065
3075,davej,2,0.00069,284330,98.02286,290065
3076,DaveVoyles,2,0.00069,284332,98.02355,290065
3077,davewasmer,2,0.00069,284334,98.02424,290065
3078,david-driscoll,2,0.00069,284336,98.02493,290065
3079,DavidePastore,2,0.00069,284338,98.02561,290065
3080,DavidSouther,2,0.00069,284340,98.02630,290065
3081,davidxmoody,2,0.00069,284342,98.02699,290065
3082,DavSanchez,2,0.00069,284344,98.02768,290065
3083,davyengone,2,0.00069,284346,98.02837,290065
3084,DAXaholic,2,0.00069,284348,98.02906,290065
3085,daxian-dbw,2,0.00069,284350,98.02975,290065
3086,dblevins,2,0.00069,284352,98.03044,290065
3087,dcooper16,2,0.00069,284354,98.03113,290065
3088,ddunkin,2,0.00069,284356,98.03182,290065
3089,deblockt,2,0.00069,284358,98.03251,290065
3090,deb-saunders,2,0.00069,284360,98.03320,290065
3091,debugmodedotnet,2,0.00069,284362,98.03389,290065
3092,deki,2,0.00069,284364,98.03458,290065
3093,Delapouite,2,0.00069,284366,98.03527,290065
3094,delavara,2,0.00069,284368,98.03596,290065
3095,delirius325,2,0.00069,284370,98.03665,290065
3096,delitescere,2,0.00069,284372,98.03734,290065
3097,delmyers,2,0.00069,284374,98.03803,290065
3098,DenisGorbachev,2,0.00069,284376,98.03872,290065
3099,densh,2,0.00069,284378,98.03940,290065
3100,denyskoch,2,0.00069,284380,98.04009,290065
3101,devmeyster,2,0.00069,284382,98.04078,290065
3102,devoto13,2,0.00069,284384,98.04147,290065
3103,dfontenot,2,0.00069,284386,98.04216,290065
3104,dgilbert,2,0.00069,284388,98.04285,290065
3105,dgp1130,2,0.00069,284390,98.04354,290065
3106,dhiru30,2,0.00069,284392,98.04423,290065
3107,dhoepelman,2,0.00069,284394,98.04492,290065
3108,dhurlburtusa,2,0.00069,284396,98.04561,290065
3109,difelice,2,0.00069,284398,98.04630,290065
3110,digitaldrummerj,2,0.00069,284400,98.04699,290065
3111,dimapaloskin,2,0.00069,284402,98.04768,290065
3112,dirkfeytons,2,0.00069,284404,98.04837,290065
3113,djrodgerspryor,2,0.00069,284406,98.04906,290065
3114,dlax,2,0.00069,284408,98.04975,290065
3115,dlink,2,0.00069,284410,98.05044,290065
3116,dmitriz,2,0.00069,284412,98.05113,290065
3117,DmitryKakurin,2,0.00069,284414,98.05182,290065
3118,dmitrykos,2,0.00069,284416,98.05251,290065
3119,dmnd,2,0.00069,284418,98.05319,290065
3120,dnalborczyk,2,0.00069,284420,98.05388,290065
3121,Doehl,2,0.00069,284422,98.05457,290065
3122,domoritz,2,0.00069,284424,98.05526,290065
3123,dotLou,2,0.00069,284426,98.05595,290065
3124,dotzero,2,0.00069,284428,98.05664,290065
3125,douglasgimli,2,0.00069,284430,98.05733,290065
3126,douglasknudsen,2,0.00069,284432,98.05802,290065
3127,douglasnaphas,2,0.00069,284434,98.05871,290065
3128,dpercy,2,0.00069,284436,98.05940,290065
3129,dpurp,2,0.00069,284438,98.06009,290065
3130,DQNEO,2,0.00069,284440,98.06078,290065
3131,drazisil,2,0.00069,284442,98.06147,290065
3132,drewnoakes,2,0.00069,284444,98.06216,290065
3133,Dreyer,2,0.00069,284446,98.06285,290065
3134,dreyks,2,0.00069,284448,98.06354,290065
3135,drmonkeyninja,2,0.00069,284450,98.06423,290065
3136,DrPizza,2,0.00069,284452,98.06492,290065
3137,drpoggi,2,0.00069,284454,98.06561,290065
3138,drusin,2,0.00069,284456,98.06630,290065
3139,dsplaisted,2,0.00069,284458,98.06698,290065
3140,dufferzafar,2,0.00069,284460,98.06767,290065
3141,dummycode,2,0.00069,284462,98.06836,290065
3142,duncanleung,2,0.00069,284464,98.06905,290065
3143,dushmis,2,0.00069,284466,98.06974,290065
3144,duxinxiao,2,0.00069,284468,98.07043,290065
3145,dveeden,2,0.00069,284470,98.07112,290065
3146,dvorak42,2,0.00069,284472,98.07181,290065
3147,dwanderton,2,0.00069,284474,98.07250,290065
3148,dylanseago,2,0.00069,284476,98.07319,290065
3149,dzonatan,2,0.00069,284478,98.07388,290065
3150,eadordzhiev,2,0.00069,284480,98.07457,290065
3151,eagleeye,2,0.00069,284482,98.07526,290065
3152,ecnepsnai,2,0.00069,284484,98.07595,290065
3153,Eddman,2,0.00069,284486,98.07664,290065
3154,eddyerburgh,2,0.00069,284488,98.07733,290065
3155,EdricChan03,2,0.00069,284490,98.07802,290065
3156,eemeli,2,0.00069,284492,98.07871,290065
3157,ehmicky,2,0.00069,284494,98.07940,290065
3158,Eisermann,2,0.00069,284496,98.08009,290065
3159,ejpbruel,2,0.00069,284498,98.08077,290065
3160,ekkis,2,0.00069,284500,98.08146,290065
3161,elbaloo,2,0.00069,284502,98.08215,290065
3162,Elhebert,2,0.00069,284504,98.08284,290065
3163,elkdanger,2,0.00069,284506,98.08353,290065
3164,ellimist,2,0.00069,284508,98.08422,290065
3165,eloytoro,2,0.00069,284510,98.08491,290065
3166,elviocb,2,0.00069,284512,98.08560,290065
3167,emedws,2,0.00069,284514,98.08629,290065
3168,EmericBr,2,0.00069,284516,98.08698,290065
3169,emilio,2,0.00069,284518,98.08767,290065
3170,EmilTholin,2,0.00069,284520,98.08836,290065
3171,emmanne08,2,0.00069,284522,98.08905,290065
3172,emmanuelbernard,2,0.00069,284524,98.08974,290065
3173,EnoahNetzach,2,0.00069,284526,98.09043,290065
3174,enriquedacostacambio,2,0.00069,284528,98.09112,290065
3175,eoneill,2,0.00069,284530,98.09181,290065
3176,epps,2,0.00069,284532,98.09250,290065
3177,epsitec,2,0.00069,284534,98.09319,290065
3178,ericcurtin,2,0.00069,284536,98.09388,290065
3179,ericdouglas,2,0.00069,284538,98.09457,290065
3180,ericwb,2,0.00069,284540,98.09525,290065
3181,EricWhiteDev,2,0.00069,284542,98.09594,290065
3182,eriol,2,0.00069,284544,98.09663,290065
3183,Errorname,2,0.00069,284546,98.09732,290065
3184,erykwalder,2,0.00069,284548,98.09801,290065
3185,eternalharvest,2,0.00069,284550,98.09870,290065
3186,Ethan-Arrowood,2,0.00069,284552,98.09939,290065
3187,ethanbeyer,2,0.00069,284554,98.10008,290065
3188,ethanwood17,2,0.00069,284556,98.10077,290065
3189,etiktin,2,0.00069,284558,98.10146,290065
3190,eubnara,2,0.00069,284560,98.10215,290065
3191,evancarey,2,0.00069,284562,98.10284,290065
3192,exvito,2,0.00069,284564,98.10353,290065
3193,EyalRonel,2,0.00069,284566,98.10422,290065
3194,fa137,2,0.00069,284568,98.10491,290065
3195,fabriciomurta,2,0.00069,284570,98.10560,290065
3196,fasterthanlime,2,0.00069,284572,98.10629,290065
3197,fatso83,2,0.00069,284574,98.10698,290065
3198,fbergr,2,0.00069,284576,98.10767,290065
3199,FDIM,2,0.00069,284578,98.10836,290065
3200,fedesasso,2,0.00069,284580,98.10904,290065
3201,felipepessoto,2,0.00069,284582,98.10973,290065
3202,felixmosh,2,0.00069,284584,98.11042,290065
3203,felixyonex,2,0.00069,284586,98.11111,290065
3204,feloy,2,0.00069,284588,98.11180,290065
3205,felvhage,2,0.00069,284590,98.11249,290065
3206,fgreinacher,2,0.00069,284592,98.11318,290065
3207,fh1ch,2,0.00069,284594,98.11387,290065
3208,fishbar,2,0.00069,284596,98.11456,290065
3209,fitzchak,2,0.00069,284598,98.11525,290065
3210,fkgozali,2,0.00069,284600,98.11594,290065
3211,FlashSheridan,2,0.00069,284602,98.11663,290065
3212,flowlight0,2,0.00069,284604,98.11732,290065
3213,fmbandit,2,0.00069,284606,98.11801,290065
3214,FokkeZB,2,0.00069,284608,98.11870,290065
3215,fommil,2,0.00069,284610,98.11939,290065
3216,foolmoron,2,0.00069,284612,98.12008,290065
3217,foomango,2,0.00069,284614,98.12077,290065
3218,forivall,2,0.00069,284616,98.12146,290065
3219,Foxtrek64,2,0.00069,284618,98.12215,290065
3220,fpoumian,2,0.00069,284620,98.12283,290065
3221,fractalb,2,0.00069,284622,98.12352,290065
3222,francisdb,2,0.00069,284624,98.12421,290065
3223,francois2metz,2,0.00069,284626,98.12490,290065
3224,frankmorgner,2,0.00069,284628,98.12559,290065
3225,FransBouma,2,0.00069,284630,98.12628,290065
3226,FreddieRidell,2,0.00069,284632,98.12697,290065
3227,freddyboucher,2,0.00069,284634,98.12766,290065
3228,frehner,2,0.00069,284636,98.12835,290065
3229,FrenchHipster,2,0.00069,284638,98.12904,290065
3230,fridays,2,0.00069,284640,98.12973,290065
3231,frosas,2,0.00069,284642,98.13042,290065
3232,frostming,2,0.00069,284644,98.13111,290065
3233,FRSgit,2,0.00069,284646,98.13180,290065
3234,fson,2,0.00069,284648,98.13249,290065
3235,GabrielNicolasAvellaneda,2,0.00069,284650,98.13318,290065
3236,galgeek,2,0.00069,284652,98.13387,290065
3237,gangsthub,2,0.00069,284654,98.13456,290065
3238,garethnic,2,0.00069,284656,98.13525,290065
3239,garrows,2,0.00069,284658,98.13594,290065
3240,garycourt,2,0.00069,284660,98.13662,290065
3241,gebilaoxiong,2,0.00069,284662,98.13731,290065
3242,geekrumper,2,0.00069,284664,98.13800,290065
3243,gengjiawen,2,0.00069,284666,98.13869,290065
3244,georgekosmidis,2,0.00069,284668,98.13938,290065
3245,GeorgiChochov,2,0.00069,284670,98.14007,290065
3246,gfoust,2,0.00069,284672,98.14076,290065
3247,ghostd,2,0.00069,284674,98.14145,290065
3248,ghuntley,2,0.00069,284676,98.14214,290065
3249,giampierobono,2,0.00069,284678,98.14283,290065
3250,gilchenzion,2,0.00069,284680,98.14352,290065
3251,gisete,2,0.00069,284682,98.14421,290065
3252,g-k,2,0.00069,284684,98.14490,290065
3253,gka,2,0.00069,284686,98.14559,290065
3254,gkwang,2,0.00069,284688,98.14628,290065
3255,glassdimly,2,0.00069,284690,98.14697,290065
3256,Glazy,2,0.00069,284692,98.14766,290065
3257,glegrain,2,0.00069,284694,98.14835,290065
3258,glenstaes,2,0.00069,284696,98.14904,290065
3259,glombek,2,0.00069,284698,98.14973,290065
3260,gnomeontherun,2,0.00069,284700,98.15041,290065
3261,goenning,2,0.00069,284702,98.15110,290065
3262,gonzalez,2,0.00069,284704,98.15179,290065
3263,goodwin64,2,0.00069,284706,98.15248,290065
3264,gorbiz,2,0.00069,284708,98.15317,290065
3265,g-palmer,2,0.00069,284710,98.15386,290065
3266,gparlakov,2,0.00069,284712,98.15455,290065
3267,gpspake,2,0.00069,284714,98.15524,290065
3268,gr2m,2,0.00069,284716,98.15593,290065
3269,gracebenz,2,0.00069,284718,98.15662,290065
3270,grant,2,0.00069,284720,98.15731,290065
3271,Grasseh,2,0.00069,284722,98.15800,290065
3272,gregg-miskelly,2,0.00069,284724,98.15869,290065
3273,gregkalapos,2,0.00069,284726,98.15938,290065
3274,Gregoirevda,2,0.00069,284728,98.16007,290065
3275,gregturn,2,0.00069,284730,98.16076,290065
3276,gretzky,2,0.00069,284732,98.16145,290065
3277,griffinmichl,2,0.00069,284734,98.16214,290065
3278,grisha-kotler,2,0.00069,284736,98.16283,290065
3279,groninge01,2,0.00069,284738,98.16352,290065
3280,gsklee,2,0.00069,284740,98.16420,290065
3281,gucluoz,2,0.00069,284742,98.16489,290065
3282,guiguan,2,0.00069,284744,98.16558,290065
3283,GuillaumeSalles,2,0.00069,284746,98.16627,290065
3284,guiruiz,2,0.00069,284748,98.16696,290065
3285,gupash,2,0.00069,284750,98.16765,290065
3286,gyfis,2,0.00069,284752,98.16834,290065
3287,gzm0,2,0.00069,284754,98.16903,290065
3288,hadrienk,2,0.00069,284756,98.16972,290065
3289,hairyhenderson,2,0.00069,284758,98.17041,290065
3290,haishengwu-okta,2,0.00069,284760,98.17110,290065
3291,hajekj,2,0.00069,284762,98.17179,290065
3292,halitogunc,2,0.00069,284764,98.17248,290065
3293,halkeye,2,0.00069,284766,98.17317,290065
3294,hans-kinnek,2,0.00069,284768,98.17386,290065
3295,harishgadiya,2,0.00069,284770,98.17455,290065
3296,HarveyZhang,2,0.00069,284772,98.17524,290065
3297,haubi,2,0.00069,284774,98.17593,290065
3298,hawkrives,2,0.00069,284776,98.17662,290065
3299,hboutemy,2,0.00069,284778,98.17731,290065
3300,hbrotan,2,0.00069,284780,98.17799,290065
3301,heavybeard,2,0.00069,284782,98.17868,290065
3302,hehachris,2,0.00069,284784,98.17937,290065
3303,helio-frota,2,0.00069,284786,98.18006,290065
3304,hemp,2,0.00069,284788,98.18075,290065
3305,hendricius,2,0.00069,284790,98.18144,290065
3306,heshamMassoud,2,0.00069,284792,98.18213,290065
3307,heXelium,2,0.00069,284794,98.18282,290065
3308,hibnico,2,0.00069,284796,98.18351,290065
3309,hikaru-light,2,0.00069,284798,98.18420,290065
3310,himynameisdave,2,0.00069,284800,98.18489,290065
3311,hleumas,2,0.00069,284802,98.18558,290065
3312,hmethvin,2,0.00069,284804,98.18627,290065
3313,holyjak,2,0.00069,284806,98.18696,290065
3314,hotpxl,2,0.00069,284808,98.18765,290065
3315,hshn,2,0.00069,284810,98.18834,290065
3316,htmldoug,2,0.00069,284812,98.18903,290065
3317,humiaozuzu,2,0.00069,284814,98.18972,290065
3318,hxsf,2,0.00069,284816,98.19041,290065
3319,h-yamamo,2,0.00069,284818,98.19110,290065
3320,hzh,2,0.00069,284820,98.19178,290065
3321,iainnicol,2,0.00069,284822,98.19247,290065
3322,iamdavidjackson,2,0.00069,284824,98.19316,290065
3323,iamdoron,2,0.00069,284826,98.19385,290065
3324,ianobermiller,2,0.00069,284828,98.19454,290065
3325,iarna,2,0.00069,284830,98.19523,290065
3326,iblamefish,2,0.00069,284832,98.19592,290065
3327,icholy,2,0.00069,284834,98.19661,290065
3328,iconoeugen,2,0.00069,284836,98.19730,290065
3329,ide,2,0.00069,284838,98.19799,290065
3330,idg10,2,0.00069,284840,98.19868,290065
3331,idlerboris,2,0.00069,284842,98.19937,290065
3332,ieatfood,2,0.00069,284844,98.20006,290065
3333,IeuanG,2,0.00069,284846,98.20075,290065
3334,igorline,2,0.00069,284848,98.20144,290065
3335,iilei,2,0.00069,284850,98.20213,290065
3336,IlCallo,2,0.00069,284852,98.20282,290065
3337,ilyasidorchik,2,0.00069,284854,98.20351,290065
3338,imagentleman,2,0.00069,284856,98.20420,290065
3339,imba-tjd,2,0.00069,284858,98.20489,290065
3340,imikay,2,0.00069,284860,98.20557,290065
3341,IndigoVerge,2,0.00069,284862,98.20626,290065
3342,indutny,2,0.00069,284864,98.20695,290065
3343,infrastation,2,0.00069,284866,98.20764,290065
3344,insin,2,0.00069,284868,98.20833,290065
3345,int64ago,2,0.00069,284870,98.20902,290065
3346,istarkov,2,0.00069,284872,98.20971,290065
3347,istudens,2,0.00069,284874,98.21040,290065
3348,itamark,2,0.00069,284876,98.21109,290065
3349,itchyny,2,0.00069,284878,98.21178,290065
3350,ivan-kleshnin,2,0.00069,284880,98.21247,290065
3351,ivikash,2,0.00069,284882,98.21316,290065
3352,ivoanjo,2,0.00069,284884,98.21385,290065
3353,J2TeaM,2,0.00069,284886,98.21454,290065
3354,j4nw,2,0.00069,284888,98.21523,290065
3355,jablko,2,0.00069,284890,98.21592,290065
3356,jacobrask,2,0.00069,284892,98.21661,290065
3357,jacobscarter,2,0.00069,284894,98.21730,290065
3358,jacobwgillespie,2,0.00069,284896,98.21799,290065
3359,Jaco-Pretorius,2,0.00069,284898,98.21868,290065
3360,JacquesPerrault,2,0.00069,284900,98.21936,290065
3361,Jaehlee11,2,0.00069,284902,98.22005,290065
3362,jagomf,2,0.00069,284904,98.22074,290065
3363,jahraphael,2,0.00069,284906,98.22143,290065
3364,jainanuj0812,2,0.00069,284908,98.22212,290065
3365,JakeChampion,2,0.00069,284910,98.22281,290065
3366,jakewins,2,0.00069,284912,98.22350,290065
3367,jalbrzym,2,0.00069,284914,98.22419,290065
3368,jamacku,2,0.00069,284916,98.22488,290065
3369,jamedranoa,2,0.00069,284918,98.22557,290065
3370,jamesbechet,2,0.00069,284920,98.22626,290065
3371,jamesblacklock,2,0.00069,284922,98.22695,290065
3372,james-callahan,2,0.00069,284924,98.22764,290065
3373,jamesgpearce,2,0.00069,284926,98.22833,290065
3374,jameslnewell,2,0.00069,284928,98.22902,290065
3375,jamesward,2,0.00069,284930,98.22971,290065
3376,Jamim,2,0.00069,284932,98.23040,290065
3377,JandersonConstantino,2,0.00069,284934,98.23109,290065
3378,jandockx,2,0.00069,284936,98.23178,290065
3379,Janfred,2,0.00069,284938,98.23247,290065
3380,jannic,2,0.00069,284940,98.23315,290065
3381,jasongrlicky,2,0.00069,284942,98.23384,290065
3382,jasonkb,2,0.00069,284944,98.23453,290065
3383,jasonxh,2,0.00069,284946,98.23522,290065
3384,jaswilli,2,0.00069,284948,98.23591,290065
3385,javache,2,0.00069,284950,98.23660,290065
3386,javkhaanj7,2,0.00069,284952,98.23729,290065
3387,jaykrell,2,0.00069,284954,98.23798,290065
3388,jayspringate,2,0.00069,284956,98.23867,290065
3389,jayvdb,2,0.00069,284958,98.23936,290065
3390,jbandi,2,0.00069,284960,98.24005,290065
3391,jbarnettwomply,2,0.00069,284962,98.24074,290065
3392,JBeatz,2,0.00069,284964,98.24143,290065
3393,jbelien,2,0.00069,284966,98.24212,290065
3394,jbenoit2011,2,0.00069,284968,98.24281,290065
3395,jbialobr,2,0.00069,284970,98.24350,290065
3396,jboavida,2,0.00069,284972,98.24419,290065
3397,jbonta,2,0.00069,284974,98.24488,290065
3398,jborgland,2,0.00069,284976,98.24557,290065
3399,jchiatt,2,0.00069,284978,98.24626,290065
3400,jchris,2,0.00069,284980,98.24694,290065
3401,jcrben,2,0.00069,284982,98.24763,290065
3402,jcspader,2,0.00069,284984,98.24832,290065
3403,jd-carroll,2,0.00069,284986,98.24901,290065
3404,jdelStrother,2,0.00069,284988,98.24970,290065
3405,jdorfman,2,0.00069,284990,98.25039,290065
3406,jdufresne,2,0.00069,284992,98.25108,290065
3407,jedesah,2,0.00069,284994,98.25177,290065
3408,jedwards1211,2,0.00069,284996,98.25246,290065
3409,JeffCyr,2,0.00069,284998,98.25315,290065
3410,jeffhandley,2,0.00069,285000,98.25384,290065
3411,jeffschwMSFT,2,0.00069,285002,98.25453,290065
3412,Jefiozie,2,0.00069,285004,98.25522,290065
3413,jemiller0,2,0.00069,285006,98.25591,290065
3414,jenjwong,2,0.00069,285008,98.25660,290065
3415,jennifer-mann,2,0.00069,285010,98.25729,290065
3416,jeremenichelli,2,0.00069,285012,98.25798,290065
3417,jeremycline,2,0.00069,285014,98.25867,290065
3418,jeremyruppel,2,0.00069,285016,98.25936,290065
3419,jermowery,2,0.00069,285018,98.26005,290065
3420,jerome-nelson,2,0.00069,285020,98.26073,290065
3421,jessebeach,2,0.00069,285022,98.26142,290065
3422,jessicamvs,2,0.00069,285024,98.26211,290065
3423,Jessidhia,2,0.00069,285026,98.26280,290065
3424,jessycormier,2,0.00069,285028,98.26349,290065
3425,jgalat,2,0.00069,285030,98.26418,290065
3426,jghaines,2,0.00069,285032,98.26487,290065
3427,jhabdas,2,0.00069,285034,98.26556,290065
3428,jhamm,2,0.00069,285036,98.26625,290065
3429,jharris4,2,0.00069,285038,98.26694,290065
3430,jiabaowu,2,0.00069,285040,98.26763,290065
3431,jiangzeng,2,0.00069,285042,98.26832,290065
3432,JianMeng,2,0.00069,285044,98.26901,290065
3433,jiayihu,2,0.00069,285046,98.26970,290065
3434,Jimbly,2,0.00069,285048,98.27039,290065
3435,JimiHFord,2,0.00069,285050,98.27108,290065
3436,jiminikiz,2,0.00069,285052,98.27177,290065
3437,jimlloyd,2,0.00069,285054,98.27246,290065
3438,jimmywarting,2,0.00069,285056,98.27315,290065
3439,jimthedev,2,0.00069,285058,98.27384,290065
3440,jjware,2,0.00069,285060,98.27452,290065
3441,Jlalond,2,0.00069,285062,98.27521,290065
3442,jmbyerly,2,0.00069,285064,98.27590,290065
3443,jmendeth,2,0.00069,285066,98.27659,290065
3444,jnaputi253,2,0.00069,285068,98.27728,290065
3445,jniebuhr,2,0.00069,285070,98.27797,290065
3446,joakimbl,2,0.00069,285072,98.27866,290065
3447,joearasin,2,0.00069,285074,98.27935,290065
3448,joefreeman,2,0.00069,285076,98.28004,290065
3449,joej164,2,0.00069,285078,98.28073,290065
3450,joekrill,2,0.00069,285080,98.28142,290065
3451,joel-leitch,2,0.00069,285082,98.28211,290065
3452,joelongstreet,2,0.00069,285084,98.28280,290065
3453,JoeWagner,2,0.00069,285086,98.28349,290065
3454,johannes-scharlach,2,0.00069,285088,98.28418,290065
3455,joh-klein,2,0.00069,285090,98.28487,290065
3456,johnhampton,2,0.00069,285092,98.28556,290065
3457,johnhoffman,2,0.00069,285094,98.28625,290065
3458,johnjbarton,2,0.00069,285096,98.28694,290065
3459,johnjohndoe,2,0.00069,285098,98.28763,290065
3460,johnlonganecker,2,0.00069,285100,98.28831,290065
3461,johnnyRose,2,0.00069,285102,98.28900,290065
3462,johntron,2,0.00069,285104,98.28969,290065
3463,joliss,2,0.00069,285106,98.29038,290065
3464,jonahkirangi,2,0.00069,285108,98.29107,290065
3465,jonasfj,2,0.00069,285110,98.29176,290065
3466,jongear,2,0.00069,285112,98.29245,290065
3467,jo-ninja,2,0.00069,285114,98.29314,290065
3468,jonotron,2,0.00069,285116,98.29383,290065
3469,joongsoo,2,0.00069,285118,98.29452,290065
3470,joostme,2,0.00069,285120,98.29521,290065
3471,jordanstephens,2,0.00069,285122,98.29590,290065
3472,jorgeucano,2,0.00069,285124,98.29659,290065
3473,JosephTremoulet,2,0.00069,285126,98.29728,290065
3474,joshalling,2,0.00069,285128,98.29797,290065
3475,JoshData,2,0.00069,285130,98.29866,290065
3476,joshdrees,2,0.00069,285132,98.29935,290065
3477,josherick,2,0.00069,285134,98.30004,290065
3478,joshgerdes,2,0.00069,285136,98.30073,290065
3479,joshuacaron,2,0.00069,285138,98.30142,290065
3480,joshuagl,2,0.00069,285140,98.30210,290065
3481,JoshuaGross,2,0.00069,285142,98.30279,290065
3482,JoshuaJWilborn,2,0.00069,285144,98.30348,290065
3483,JoshuaKGoldberg,2,0.00069,285146,98.30417,290065
3484,joshuawilson,2,0.00069,285148,98.30486,290065
3485,JoviDeCroock,2,0.00069,285150,98.30555,290065
3486,joyzheng,2,0.00069,285152,98.30624,290065
3487,jpekkala,2,0.00069,285154,98.30693,290065
3488,jpelcis,2,0.00069,285156,98.30762,290065
3489,jpkleemans,2,0.00069,285158,98.30831,290065
3490,jrevillas,2,0.00069,285160,98.30900,290065
3491,jrocha,2,0.00069,285162,98.30969,290065
3492,jsayol,2,0.00069,285164,98.31038,290065
3493,jseabold,2,0.00069,285166,98.31107,290065
3494,JTKnox91,2,0.00069,285168,98.31176,290065
3495,juandiana,2,0.00069,285170,98.31245,290065
3496,juikim,2,0.00069,285172,98.31314,290065
3497,julio-lopez,2,0.00069,285174,98.31383,290065
3498,juliushardt,2,0.00069,285176,98.31452,290065
3499,julkwel,2,0.00069,285178,98.31521,290065
3500,jurca,2,0.00069,285180,98.31589,290065
3501,juriad,2,0.00069,285182,98.31658,290065
3502,JustATrick,2,0.00069,285184,98.31727,290065
3503,justincron,2,0.00069,285186,98.31796,290065
3504,JustinRChou,2,0.00069,285188,98.31865,290065
3505,jvz,2,0.00069,285190,98.31934,290065
3506,Jwan622,2,0.00069,285192,98.32003,290065
3507,jwathen,2,0.00069,285194,98.32072,290065
3508,jwise,2,0.00069,285196,98.32141,290065
3509,jwworth,2,0.00069,285198,98.32210,290065
3510,kacf,2,0.00069,285200,98.32279,290065
3511,Kahbazi,2,0.00069,285202,98.32348,290065
3512,kaigouthro,2,0.00069,285204,98.32417,290065
3513,KaiserItachi,2,0.00069,285206,98.32486,290065
3514,kambleaa007,2,0.00069,285208,98.32555,290065
3515,kamilduda,2,0.00069,285210,98.32624,290065
3516,kamilkloch,2,0.00069,285212,98.32693,290065
3517,kaminskypavel,2,0.00069,285214,98.32762,290065
3518,kamranayub,2,0.00069,285216,98.32831,290065
3519,kamronbatman,2,0.00069,285218,98.32900,290065
3520,kapace,2,0.00069,285220,98.32968,290065
3521,karlhorky,2,0.00069,285222,98.33037,290065
3522,karthikb351,2,0.00069,285224,98.33106,290065
3523,kasperlewau,2,0.00069,285226,98.33175,290065
3524,kastentx,2,0.00069,285228,98.33244,290065
3525,katsos,2,0.00069,285230,98.33313,290065
3526,kaylee42,2,0.00069,285232,98.33382,290065
3527,kbaladurin,2,0.00069,285234,98.33451,290065
3528,kendaleiv,2,0.00069,285236,98.33520,290065
3529,kenotron,2,0.00069,285238,98.33589,290065
3530,kevdonk,2,0.00069,285240,98.33658,290065
3531,kevinsimper,2,0.00069,285242,98.33727,290065
3532,kevinSuttle,2,0.00069,285244,98.33796,290065
3533,keyan,2,0.00069,285246,98.33865,290065
3534,kgajera,2,0.00069,285248,98.33934,290065
3535,kienpham2000,2,0.00069,285250,98.34003,290065
3536,KieranDotCo,2,0.00069,285252,98.34072,290065
3537,kindy,2,0.00069,285254,98.34141,290065
3538,Kintar,2,0.00069,285256,98.34210,290065
3539,KirankumarAmbati,2,0.00069,285258,98.34279,290065
3540,kirillkh,2,0.00069,285260,98.34347,290065
3541,kirk91,2,0.00069,285262,98.34416,290065
3542,kiyolee,2,0.00069,285264,98.34485,290065
3543,kkoopa,2,0.00069,285266,98.34554,290065
3544,kkopachev,2,0.00069,285268,98.34623,290065
3545,klimenko,2,0.00069,285270,98.34692,290065
3546,kmaida,2,0.00069,285272,98.34761,290065
3547,kmccullough,2,0.00069,285274,98.34830,290065
3548,KodrAus,2,0.00069,285276,98.34899,290065
3549,KoleMyers,2,0.00069,285278,98.34968,290065
3550,kopancek,2,0.00069,285280,98.35037,290065
3551,Kopyov,2,0.00069,285282,98.35106,290065
3552,kor-k,2,0.00069,285284,98.35175,290065
3553,korli,2,0.00069,285286,98.35244,290065
3554,kostasp,2,0.00069,285288,98.35313,290065
3555,Kouzukii,2,0.00069,285290,98.35382,290065
3556,kpaxqin,2,0.00069,285292,98.35451,290065
3557,kpdecker,2,0.00069,285294,98.35520,290065
3558,kpping,2,0.00069,285296,98.35589,290065
3559,KraigWalker,2,0.00069,285298,98.35658,290065
3560,krk,2,0.00069,285300,98.35726,290065
3561,kroky,2,0.00069,285302,98.35795,290065
3562,krusolu,2,0.00069,285304,98.35864,290065
3563,kruyvanna,2,0.00069,285306,98.35933,290065
3564,ktos,2,0.00069,285308,98.36002,290065
3565,kulabun,2,0.00069,285310,98.36071,290065
3566,kumpera,2,0.00069,285312,98.36140,290065
3567,kunukn,2,0.00069,285314,98.36209,290065
3568,kurtfurbush,2,0.00069,285316,98.36278,290065
3569,kvetis,2,0.00069,285318,98.36347,290065
3570,kwiatkk1,2,0.00069,285320,98.36416,290065
3571,kwonoj,2,0.00069,285322,98.36485,290065
3572,KyleAMathews,2,0.00069,285324,98.36554,290065
3573,kylecho,2,0.00069,285326,98.36623,290065
3574,lachlanjc,2,0.00069,285328,98.36692,290065
3575,lacolaco,2,0.00069,285330,98.36761,290065
3576,laiso,2,0.00069,285332,98.36830,290065
3577,lakerko,2,0.00069,285334,98.36899,290065
3578,lalithpolepeddi,2,0.00069,285336,98.36968,290065
3579,Landmaster,2,0.00069,285338,98.37037,290065
3580,landrok,2,0.00069,285340,98.37105,290065
3581,larsgrefer,2,0.00069,285342,98.37174,290065
3582,larsp,2,0.00069,285344,98.37243,290065
3583,lasekio,2,0.00069,285346,98.37312,290065
3584,lastland,2,0.00069,285348,98.37381,290065
3585,lazywithclass,2,0.00069,285350,98.37450,290065
3586,lbalmaceda,2,0.00069,285352,98.37519,290065
3587,lborgav,2,0.00069,285354,98.37588,290065
3588,leehankyeol,2,0.00069,285356,98.37657,290065
3589,LeffeBakedBird,2,0.00069,285358,98.37726,290065
3590,lelandrichardson,2,0.00069,285360,98.37795,290065
3591,leonardosouza,2,0.00069,285362,98.37864,290065
3592,LeSuisse,2,0.00069,285364,98.37933,290065
3593,Lette,2,0.00069,285366,98.38002,290065
3594,lewisblackwood,2,0.00069,285368,98.38071,290065
3595,lharries,2,0.00069,285370,98.38140,290065
3596,liamkeaton,2,0.00069,285372,98.38209,290065
3597,libHive,2,0.00069,285374,98.38278,290065
3598,libuk,2,0.00069,285376,98.38347,290065
3599,lidavidm,2,0.00069,285378,98.38416,290065
3600,lifeiscontent,2,0.00069,285380,98.38484,290065
3601,liff,2,0.00069,285382,98.38553,290065
3602,light24bulbs,2,0.00069,285384,98.38622,290065
3603,ligurio,2,0.00069,285386,98.38691,290065
3604,lionelerard,2,0.00069,285388,98.38760,290065
3605,listton,2,0.00069,285390,98.38829,290065
3606,liushmh,2,0.00069,285392,98.38898,290065
3607,livthomas,2,0.00069,285394,98.38967,290065
3608,localheinz,2,0.00069,285396,98.39036,290065
3609,localstatic,2,0.00069,285398,98.39105,290065
3610,loicgasser,2,0.00069,285400,98.39174,290065
3611,LoicMahieu,2,0.00069,285402,98.39243,290065
3612,lostintangent,2,0.00069,285404,98.39312,290065
3613,lotyrin,2,0.00069,285406,98.39381,290065
3614,louischatriot,2,0.00069,285408,98.39450,290065
3615,lovell,2,0.00069,285410,98.39519,290065
3616,lox,2,0.00069,285412,98.39588,290065
3617,lpinca,2,0.00069,285414,98.39657,290065
3618,lscspirit,2,0.00069,285416,98.39726,290065
3619,lsharir,2,0.00069,285418,98.39795,290065
3620,luciomartinez,2,0.00069,285420,98.39863,290065
3621,luftywiranda13,2,0.00069,285422,98.39932,290065
3622,luigiberrettini,2,0.00069,285424,98.40001,290065
3623,luka454,2,0.00069,285426,98.40070,290065
3624,lukasmatta,2,0.00069,285428,98.40139,290065
3625,lukasolson,2,0.00069,285430,98.40208,290065
3626,lukeb,2,0.00069,285432,98.40277,290065
3627,lukebelliveau,2,0.00069,285434,98.40346,290065
3628,lukefrake,2,0.00069,285436,98.40415,290065
3629,lukehorvat,2,0.00069,285438,98.40484,290065
3630,lukewaite,2,0.00069,285440,98.40553,290065
3631,lukewestby,2,0.00069,285442,98.40622,290065
3632,lutzhorn,2,0.00069,285444,98.40691,290065
3633,lvinniel,2,0.00069,285446,98.40760,290065
3634,lvn,2,0.00069,285448,98.40829,290065
3635,lyngaas,2,0.00069,285450,98.40898,290065
3636,lziest,2,0.00069,285452,98.40967,290065
3637,m0uneer,2,0.00069,285454,98.41036,290065
3638,m90,2,0.00069,285456,98.41105,290065
3639,MacroChip,2,0.00069,285458,98.41174,290065
3640,madcampos,2,0.00069,285460,98.41242,290065
3641,madeinfree,2,0.00069,285462,98.41311,290065
3642,madetara,2,0.00069,285464,98.41380,290065
3643,magnificode,2,0.00069,285466,98.41449,290065
3644,maleetz,2,0.00069,285468,98.41518,290065
3645,malgosiastp,2,0.00069,285470,98.41587,290065
3646,ManickaP,2,0.00069,285472,98.41656,290065
3647,MansourFall,2,0.00069,285474,98.41725,290065
3648,mantasaudickas,2,0.00069,285476,98.41794,290065
3649,manuelschneider,2,0.00069,285478,98.41863,290065
3650,marcelosdm,2,0.00069,285480,98.41932,290065
3651,marcin-mazurek,2,0.00069,285482,98.42001,290065
3652,marciopuga,2,0.00069,285484,98.42070,290065
3653,marcospassos,2,0.00069,285486,98.42139,290065
3654,mareklinka,2,0.00069,285488,98.42208,290065
3655,marionebl,2,0.00069,285490,98.42277,290065
3656,mariosouto,2,0.00069,285492,98.42346,290065
3657,mariotacke,2,0.00069,285494,98.42415,290065
3658,mariusschulz,2,0.00069,285496,98.42484,290065
3659,markgardner,2,0.00069,285498,98.42553,290065
3660,MarkHerhold,2,0.00069,285500,98.42621,290065
3661,MarkMurphy,2,0.00069,285502,98.42690,290065
3662,marschall,2,0.00069,285504,98.42759,290065
3663,MarshallOfSound,2,0.00069,285506,98.42828,290065
3664,marta-krzyk-dev,2,0.00069,285508,98.42897,290065
3665,martingbrown,2,0.00069,285510,98.42966,290065
3666,MartinMa,2,0.00069,285512,98.43035,290065
3667,martinmcwhorter,2,0.00069,285514,98.43104,290065
3668,martinscholz83,2,0.00069,285516,98.43173,290065
3669,martiyanov,2,0.00069,285518,98.43242,290065
3670,mashhoodr,2,0.00069,285520,98.43311,290065
3671,MasseGuillaume,2,0.00069,285522,98.43380,290065
3672,massic80,2,0.00069,285524,98.43449,290065
3673,mastermatt,2,0.00069,285526,98.43518,290065
3674,matanlurey,2,0.00069,285528,98.43587,290065
3675,mathuin,2,0.00069,285530,98.43656,290065
3676,matiaslarsson,2,0.00069,285532,98.43725,290065
3677,matteofigus,2,0.00069,285534,98.43794,290065
3678,matthewdordal,2,0.00069,285536,98.43863,290065
3679,MatthewHerbst,2,0.00069,285538,98.43932,290065
3680,MatthewRayfield,2,0.00069,285540,98.44000,290065
3681,MatthewShotton,2,0.00069,285542,98.44069,290065
3682,MatthiasKunnen,2,0.00069,285544,98.44138,290065
3683,mattjanssen,2,0.00069,285546,98.44207,290065
3684,mattpolzin,2,0.00069,285548,98.44276,290065
3685,maxbarnas,2,0.00069,285550,98.44345,290065
3686,maxschmeling,2,0.00069,285552,98.44414,290065
3687,mayani,2,0.00069,285554,98.44483,290065
3688,mblair,2,0.00069,285556,98.44552,290065
3689,mcculls,2,0.00069,285558,98.44621,290065
3690,mcdado,2,0.00069,285560,98.44690,290065
3691,mchapman,2,0.00069,285562,98.44759,290065
3692,mchv,2,0.00069,285564,98.44828,290065
3693,mdarveau,2,0.00069,285566,98.44897,290065
3694,mdlavin,2,0.00069,285568,98.44966,290065
3695,mechpen,2,0.00069,285570,98.45035,290065
3696,medikoo,2,0.00069,285572,98.45104,290065
3697,megastef,2,0.00069,285574,98.45173,290065
3698,Meir017,2,0.00069,285576,98.45242,290065
3699,meirotstein,2,0.00069,285578,98.45311,290065
3700,meliaxford,2,0.00069,285580,98.45379,290065
3701,mercutiodesign,2,0.00069,285582,98.45448,290065
3702,mertdeg2,2,0.00069,285584,98.45517,290065
3703,meziantou,2,0.00069,285586,98.45586,290065
3704,mfitz3,2,0.00069,285588,98.45655,290065
3705,mgalgs,2,0.00069,285590,98.45724,290065
3706,mgenereu,2,0.00069,285592,98.45793,290065
3707,mgolovatiy-atconsulting-ru,2,0.00069,285594,98.45862,290065
3708,mgravell,2,0.00069,285596,98.45931,290065
3709,mhadam,2,0.00069,285598,98.46000,290065
3710,mhbseal,2,0.00069,285600,98.46069,290065
3711,mhegazy,2,0.00069,285602,98.46138,290065
3712,mhibino,2,0.00069,285604,98.46207,290065
3713,mhujer,2,0.00069,285606,98.46276,290065
3714,michaelaird,2,0.00069,285608,98.46345,290065
3715,MichaelDeBoey,2,0.00069,285610,98.46414,290065
3716,michaelgmcd,2,0.00069,285612,98.46483,290065
3717,michaellieberherr,2,0.00069,285614,98.46552,290065
3718,MichaReiser,2,0.00069,285616,98.46621,290065
3719,MicheleBertoli,2,0.00069,285618,98.46690,290065
3720,miguelc1221,2,0.00069,285620,98.46758,290065
3721,miguelmota,2,0.00069,285622,98.46827,290065
3722,mihbor,2,0.00069,285624,98.46896,290065
3723,mikaelstaldal,2,0.00069,285626,98.46965,290065
3724,mikea,2,0.00069,285628,98.47034,290065
3725,mike-goodwin,2,0.00069,285630,98.47103,290065
3726,mikejacobson,2,0.00069,285632,98.47172,290065
3727,MikeRalphson,2,0.00069,285634,98.47241,290065
3728,mikernet,2,0.00069,285636,98.47310,290065
3729,milesj,2,0.00069,285638,98.47379,290065
3730,miloszkukla,2,0.00069,285640,98.47448,290065
3731,Minilfat,2,0.00069,285642,98.47517,290065
3732,miquelruiz,2,0.00069,285644,98.47586,290065
3733,miraage,2,0.00069,285646,98.47655,290065
3734,mirague,2,0.00069,285648,98.47724,290065
3735,Mischi,2,0.00069,285650,98.47793,290065
3736,mividtim,2,0.00069,285652,98.47862,290065
3737,mjp41,2,0.00069,285654,98.47931,290065
3738,mjrousos,2,0.00069,285656,98.48000,290065
3739,mjschranz,2,0.00069,285658,98.48069,290065
3740,mjwwit,2,0.00069,285660,98.48137,290065
3741,mkordas,2,0.00069,285662,98.48206,290065
3742,MLoughry,2,0.00069,285664,98.48275,290065
3743,mlwilkerson,2,0.00069,285666,98.48344,290065
3744,moacirosa,2,0.00069,285668,98.48413,290065
3745,MoFtZ,2,0.00069,285670,98.48482,290065
3746,mohan-mu,2,0.00069,285672,98.48551,290065
3747,mondwan,2,0.00069,285674,98.48620,290065
3748,moozzyk,2,0.00069,285676,98.48689,290065
3749,morgsmccauley,2,0.00069,285678,98.48758,290065
3750,Morhaus,2,0.00069,285680,98.48827,290065
3751,moshen,2,0.00069,285682,98.48896,290065
3752,Mottie,2,0.00069,285684,98.48965,290065
3753,mourahi,2,0.00069,285686,98.49034,290065
3754,mperrando,2,0.00069,285688,98.49103,290065
3755,mpfj,2,0.00069,285690,98.49172,290065
3756,mpiotrowicz,2,0.00069,285692,98.49241,290065
3757,mplonka,2,0.00069,285694,98.49310,290065
3758,mpollmeier,2,0.00069,285696,98.49379,290065
3759,MrJean,2,0.00069,285698,98.49448,290065
3760,mrjfox,2,0.00069,285700,98.49516,290065
3761,mrmlnc,2,0.00069,285702,98.49585,290065
3762,MrRexZ,2,0.00069,285704,98.49654,290065
3763,mseemann,2,0.00069,285706,98.49723,290065
3764,MSK61,2,0.00069,285708,98.49792,290065
3765,mtharrison,2,0.00069,285710,98.49861,290065
3766,mtrdp642,2,0.00069,285712,98.49930,290065
3767,mtrojnar,2,0.00069,285714,98.49999,290065
3768,mtsmfm,2,0.00069,285716,98.50068,290065
3769,mukrop,2,0.00069,285718,98.50137,290065
3770,mukulhase,2,0.00069,285720,98.50206,290065
3771,murashki,2,0.00069,285722,98.50275,290065
3772,murbar,2,0.00069,285724,98.50344,290065
3773,murtazahaveliwala,2,0.00069,285726,98.50413,290065
3774,musou1500,2,0.00069,285728,98.50482,290065
3775,mweibel,2,0.00069,285730,98.50551,290065
3776,mxlbzn,2,0.00069,285732,98.50620,290065
3777,MylesBorins,2,0.00069,285734,98.50689,290065
3778,mzdv,2,0.00069,285736,98.50758,290065
3779,mzuehlke,2,0.00069,285738,98.50827,290065
3780,n8schloss,2,0.00069,285740,98.50895,290065
3781,naartjie,2,0.00069,285742,98.50964,290065
3782,Nadia--,2,0.00069,285744,98.51033,290065
3783,naferx,2,0.00069,285746,98.51102,290065
3784,nahuel,2,0.00069,285748,98.51171,290065
3785,NameFILIP,2,0.00069,285750,98.51240,290065
3786,nanomosfet,2,0.00069,285752,98.51309,290065
3787,nasserghiasi,2,0.00069,285754,98.51378,290065
3788,NateEag,2,0.00069,285756,98.51447,290065
3789,navaati,2,0.00069,285758,98.51516,290065
3790,nazar-pc,2,0.00069,285760,98.51585,290065
3791,nbali,2,0.00069,285762,98.51654,290065
3792,nblka,2,0.00069,285764,98.51723,290065
3793,necinc,2,0.00069,285766,98.51792,290065
3794,nedbat,2,0.00069,285768,98.51861,290065
3795,negezor,2,0.00069,285770,98.51930,290065
3796,NekR,2,0.00069,285772,98.51999,290065
3797,newyankeecodeshop,2,0.00069,285774,98.52068,290065
3798,nexus-uw,2,0.00069,285776,98.52137,290065
3799,nfriend,2,0.00069,285778,98.52206,290065
3800,ngfelixl,2,0.00069,285780,98.52274,290065
3801,ngg,2,0.00069,285782,98.52343,290065
3802,ngoyal,2,0.00069,285784,98.52412,290065
3803,NGPixel,2,0.00069,285786,98.52481,290065
3804,ngrieble,2,0.00069,285788,98.52550,290065
3805,nhardy,2,0.00069,285790,98.52619,290065
3806,nhducit,2,0.00069,285792,98.52688,290065
3807,nhodges,2,0.00069,285794,98.52757,290065
3808,Nicholi,2,0.00069,285796,98.52826,290065
3809,nickclaw,2,0.00069,285798,98.52895,290065
3810,NickHeiner,2,0.00069,285800,98.52964,290065
3811,nickmerwin,2,0.00069,285802,98.53033,290065
3812,NickPresta,2,0.00069,285804,98.53102,290065
3813,Nicolaidavies,2,0.00069,285806,98.53171,290065
3814,nielsbom,2,0.00069,285808,98.53240,290065
3815,niftylettuce,2,0.00069,285810,98.53309,290065
3816,NikaBuligini,2,0.00069,285812,98.53378,290065
3817,nikoudel,2,0.00069,285814,98.53447,290065
3818,NikSudan,2,0.00069,285816,98.53516,290065
3819,Nilegfx,2,0.00069,285818,98.53585,290065
3820,nimaa77,2,0.00069,285820,98.53653,290065
3821,nkbt,2,0.00069,285822,98.53722,290065
3822,nmalaguti,2,0.00069,285824,98.53791,290065
3823,noahadams,2,0.00069,285826,98.53860,290065
3824,nolanlawson,2,0.00069,285828,98.53929,290065
3825,nono,2,0.00069,285830,98.53998,290065
3826,northtyphoon,2,0.00069,285832,98.54067,290065
3827,nowke,2,0.00069,285834,98.54136,290065
3828,noynir,2,0.00069,285836,98.54205,290065
3829,npmccallum,2,0.00069,285838,98.54274,290065
3830,nstdio,2,0.00069,285840,98.54343,290065
3831,NTag,2,0.00069,285842,98.54412,290065
3832,ntkme,2,0.00069,285844,98.54481,290065
3833,ntotten,2,0.00069,285846,98.54550,290065
3834,nuc,2,0.00069,285848,98.54619,290065
3835,NutBoltu,2,0.00069,285850,98.54688,290065
3836,nwoltman,2,0.00069,285852,98.54757,290065
3837,ObsidianMinor,2,0.00069,285854,98.54826,290065
3838,ochanje210,2,0.00069,285856,98.54895,290065
3839,oculus42,2,0.00069,285858,98.54964,290065
3840,odykyi,2,0.00069,285860,98.55032,290065
3841,ogom,2,0.00069,285862,98.55101,290065
3842,oiva,2,0.00069,285864,98.55170,290065
3843,okmr-d,2,0.00069,285866,98.55239,290065
3844,oktav777,2,0.00069,285868,98.55308,290065
3845,olafurpg,2,0.00069,285870,98.55377,290065
3846,older,2,0.00069,285872,98.55446,290065
3847,olegsu,2,0.00069,285874,98.55515,290065
3848,OliverJAsh,2,0.00069,285876,98.55584,290065
3849,olivierkaisin,2,0.00069,285878,98.55653,290065
3850,Om4ar,2,0.00069,285880,98.55722,290065
3851,OMantere,2,0.00069,285882,98.55791,290065
3852,oncletom,2,0.00069,285884,98.55860,290065
3853,onokumus,2,0.00069,285886,98.55929,290065
3854,ooflorent,2,0.00069,285888,98.55998,290065
3855,optician,2,0.00069,285890,98.56067,290065
3856,orgads,2,0.00069,285892,98.56136,290065
3857,OriR,2,0.00069,285894,98.56205,290065
3858,oscar-b,2,0.00069,285896,98.56274,290065
3859,osiegmar,2,0.00069,285898,98.56343,290065
3860,oskardudycz,2,0.00069,285900,98.56411,290065
3861,ounziw,2,0.00069,285902,98.56480,290065
3862,ovangle,2,0.00069,285904,98.56549,290065
3863,OzieGamma,2,0.00069,285906,98.56618,290065
3864,OzzieOrca,2,0.00069,285908,98.56687,290065
3865,pablonete,2,0.00069,285910,98.56756,290065
3866,pablotarga,2,0.00069,285912,98.56825,290065
3867,palanik,2,0.00069,285914,98.56894,290065
3868,pallxk,2,0.00069,285916,98.56963,290065
3869,panacekcz,2,0.00069,285918,98.57032,290065
3870,paniko0,2,0.00069,285920,98.57101,290065
3871,papandreou,2,0.00069,285922,98.57170,290065
3872,parambirs,2,0.00069,285924,98.57239,290065
3873,pards,2,0.00069,285926,98.57308,290065
3874,PathogenDavid,2,0.00069,285928,98.57377,290065
3875,patocallaghan,2,0.00069,285930,98.57446,290065
3876,paulfalgout,2,0.00069,285932,98.57515,290065
3877,paulferaud,2,0.00069,285934,98.57584,290065
3878,paulkernfeld,2,0.00069,285936,98.57653,290065
3879,pavlin99th,2,0.00069,285938,98.57722,290065
3880,pbi-qfs,2,0.00069,285940,98.57790,290065
3881,pcameron-,2,0.00069,285942,98.57859,290065
3882,pdxJayhawk,2,0.00069,285944,98.57928,290065
3883,penx,2,0.00069,285946,98.57997,290065
3884,pereorga,2,0.00069,285948,98.58066,290065
3885,persandstrom,2,0.00069,285950,98.58135,290065
3886,peterbudai,2,0.00069,285952,98.58204,290065
3887,petercm,2,0.00069,285954,98.58273,290065
3888,peterjurkovic,2,0.00069,285956,98.58342,290065
3889,PeterMortensen,2,0.00069,285958,98.58411,290065
3890,peter-mouland,2,0.00069,285960,98.58480,290065
3891,peterpoe,2,0.00069,285962,98.58549,290065
3892,pevik,2,0.00069,285964,98.58618,290065
3893,pgarrison,2,0.00069,285966,98.58687,290065
3894,phadej,2,0.00069,285968,98.58756,290065
3895,pheyvaer,2,0.00069,285970,98.58825,290065
3896,philberg,2,0.00069,285972,98.58894,290065
3897,phillipalexander,2,0.00069,285974,98.58963,290065
3898,PierreFritsch,2,0.00069,285976,98.59032,290065
3899,piotrkosyoo,2,0.00069,285978,98.59101,290065
3900,PiotrSikora,2,0.00069,285980,98.59169,290065
3901,pirelenito,2,0.00069,285982,98.59238,290065
3902,pithu,2,0.00069,285984,98.59307,290065
3903,pixelforscher,2,0.00069,285986,98.59376,290065
3904,PixnBits,2,0.00069,285988,98.59445,290065
3905,pjfanning,2,0.00069,285990,98.59514,290065
3906,pleunv,2,0.00069,285992,98.59583,290065
3907,pmcelhaney,2,0.00069,285994,98.59652,290065
3908,poizan42,2,0.00069,285996,98.59721,290065
3909,polsys,2,0.00069,285998,98.59790,290065
3910,pon,2,0.00069,286000,98.59859,290065
3911,pontusab,2,0.00069,286002,98.59928,290065
3912,popomore,2,0.00069,286004,98.59997,290065
3913,portgasd666,2,0.00069,286006,98.60066,290065
3914,Pothulapati,2,0.00069,286008,98.60135,290065
3915,Pouja,2,0.00069,286010,98.60204,290065
3916,PoziWorld,2,0.00069,286012,98.60273,290065
3917,prashantpawar,2,0.00069,286014,98.60342,290065
3918,preaction,2,0.00069,286016,98.60411,290065
3919,pschlan,2,0.00069,286018,98.60480,290065
3920,pselden,2,0.00069,286020,98.60548,290065
3921,Psidium,2,0.00069,286022,98.60617,290065
3922,ptemplier,2,0.00069,286024,98.60686,290065
3923,Ptival,2,0.00069,286026,98.60755,290065
3924,ptoonen,2,0.00069,286028,98.60824,290065
3925,puffnfresh,2,0.00069,286030,98.60893,290065
3926,punkish,2,0.00069,286032,98.60962,290065
3927,Purus,2,0.00069,286034,98.61031,290065
3928,pvorona,2,0.00069,286036,98.61100,290065
3929,quanah,2,0.00069,286038,98.61169,290065
3930,qub1t,2,0.00069,286040,98.61238,290065
3931,Quintinity,2,0.00069,286042,98.61307,290065
3932,qunying,2,0.00069,286044,98.61376,290065
3933,quocvu,2,0.00069,286046,98.61445,290065
3934,rahulchaudhry,2,0.00069,286048,98.61514,290065
3935,RaitoBezarius,2,0.00069,286050,98.61583,290065
3936,rajendraarora16,2,0.00069,286052,98.61652,290065
3937,Rajivts,2,0.00069,286054,98.61721,290065
3938,RalfKoban,2,0.00069,286056,98.61790,290065
3939,Rastopyr,2,0.00069,286058,98.61859,290065
3940,rationull,2,0.00069,286060,98.61927,290065
3941,ravefalcon92,2,0.00069,286062,98.61996,290065
3942,raveslave,2,0.00069,286064,98.62065,290065
3943,raybooysen,2,0.00069,286066,98.62134,290065
3944,raydog,2,0.00069,286068,98.62203,290065
3945,raygervais,2,0.00069,286070,98.62272,290065
3946,rbdrenn,2,0.00069,286072,98.62341,290065
3947,rcartwright,2,0.00069,286074,98.62410,290065
3948,rdrgmnzs,2,0.00069,286076,98.62479,290065
3949,reaction1989,2,0.00069,286078,98.62548,290065
3950,realdubb,2,0.00069,286080,98.62617,290065
3951,realronchi,2,0.00069,286082,98.62686,290065
3952,reda-alaoui,2,0.00069,286084,98.62755,290065
3953,redcom,2,0.00069,286086,98.62824,290065
3954,Redsandro,2,0.00069,286088,98.62893,290065
3955,reniowood,2,0.00069,286090,98.62962,290065
3956,resalisbury,2,0.00069,286092,98.63031,290065
3957,rf,2,0.00069,286094,98.63100,290065
3958,RFenolio,2,0.00069,286096,98.63169,290065
3959,rfkm,2,0.00069,286098,98.63238,290065
3960,rgansevles,2,0.00069,286100,98.63307,290065
3961,rgbkrk,2,0.00069,286102,98.63375,290065
3962,RGelman,2,0.00069,286104,98.63444,290065
3963,rgrove,2,0.00069,286106,98.63513,290065
3964,rhys-vdw,2,0.00069,286108,98.63582,290065
3965,ricardohbin,2,0.00069,286110,98.63651,290065
3966,RichardBradley,2,0.00069,286112,98.63720,290065
3967,Rich-Harris,2,0.00069,286114,98.63789,290065
3968,risseraka,2,0.00069,286116,98.63858,290065
3969,riuri,2,0.00069,286118,98.63927,290065
3970,rizoom,2,0.00069,286120,98.63996,290065
3971,rjatkinson2,2,0.00069,286122,98.64065,290065
3972,rkmlai,2,0.00069,286124,98.64134,290065
3973,rmcdaniel,2,0.00069,286126,98.64203,290065
3974,rmhartog,2,0.00069,286128,98.64272,290065
3975,rmhasan,2,0.00069,286130,98.64341,290065
3976,rmm5t,2,0.00069,286132,98.64410,290065
3977,rnglnd,2,0.00069,286134,98.64479,290065
3978,robahl,2,0.00069,286136,98.64548,290065
3979,robbiecloset,2,0.00069,286138,98.64617,290065
3980,robertknight,2,0.00069,286140,98.64686,290065
3981,robin850,2,0.00069,286142,98.64754,290065
3982,robinwassen,2,0.00069,286144,98.64823,290065
3983,robisim74,2,0.00069,286146,98.64892,290065
3984,Rob--W,2,0.00069,286148,98.64961,290065
3985,robwierzbowski,2,0.00069,286150,98.65030,290065
3986,rodocite,2,0.00069,286152,98.65099,290065
3987,rohannair,2,0.00069,286154,98.65168,290065
3988,Rohitkrops,2,0.00069,286156,98.65237,290065
3989,RolandR,2,0.00069,286158,98.65306,290065
3990,Romasz,2,0.00069,286160,98.65375,290065
3991,romellogoodman,2,0.00069,286162,98.65444,290065
3992,romkor,2,0.00069,286164,98.65513,290065
3993,ronnyroeller,2,0.00069,286166,98.65582,290065
3994,ronperris,2,0.00069,286168,98.65651,290065
3995,roooodcastro,2,0.00069,286170,98.65720,290065
3996,RoopeHakulinen,2,0.00069,286172,98.65789,290065
3997,rootulp,2,0.00069,286174,98.65858,290065
3998,Rowno,2,0.00069,286176,98.65927,290065
3999,RoyLING,2,0.00069,286178,98.65996,290065
4000,royopa,2,0.00069,286180,98.66065,290065
4001,royra,2,0.00069,286182,98.66133,290065
4002,RpprRoger,2,0.00069,286184,98.66202,290065
4003,rrrene,2,0.00069,286186,98.66271,290065
4004,runemoennike,2,0.00069,286188,98.66340,290065
4005,rwoodnz,2,0.00069,286190,98.66409,290065
4006,ryanhendry,2,0.00069,286192,98.66478,290065
4007,ryanhughes,2,0.00069,286194,98.66547,290065
4008,ryanmeador,2,0.00069,286196,98.66616,290065
4009,s1monw,2,0.00069,286198,98.66685,290065
4010,SadPandaBear,2,0.00069,286200,98.66754,290065
4011,sagirk,2,0.00069,286202,98.66823,290065
4012,sahutd,2,0.00069,286204,98.66892,290065
4013,saiichihashimoto,2,0.00069,286206,98.66961,290065
4014,Sakarisson,2,0.00069,286208,98.67030,290065
4015,salier,2,0.00069,286210,98.67099,290065
4016,Salil999,2,0.00069,286212,98.67168,290065
4017,samal84,2,0.00069,286214,98.67237,290065
4018,samccone,2,0.00069,286216,98.67306,290065
4019,samsch,2,0.00069,286218,98.67375,290065
4020,samuelfullerthomas,2,0.00069,286220,98.67444,290065
4021,samwgoldman,2,0.00069,286222,98.67512,290065
4022,sandynomad,2,0.00069,286224,98.67581,290065
4023,sankargorthi,2,0.00069,286226,98.67650,290065
4024,santigimeno,2,0.00069,286228,98.67719,290065
4025,Sapphire64,2,0.00069,286230,98.67788,290065
4026,sarkiroka,2,0.00069,286232,98.67857,290065
4027,sasidhar,2,0.00069,286234,98.67926,290065
4028,sassanh,2,0.00069,286236,98.67995,290065
4029,sassquad,2,0.00069,286238,98.68064,290065
4030,Sauermann,2,0.00069,286240,98.68133,290065
4031,saxicek,2,0.00069,286242,98.68202,290065
4032,scampi,2,0.00069,286244,98.68271,290065
4033,scheglov,2,0.00069,286246,98.68340,290065
4034,schempy,2,0.00069,286248,98.68409,290065
4035,schwabe,2,0.00069,286250,98.68478,290065
4036,schwigri,2,0.00069,286252,98.68547,290065
4037,Scottkao85,2,0.00069,286254,98.68616,290065
4038,sdbedi,2,0.00069,286256,98.68685,290065
4039,seanbright,2,0.00069,286258,98.68754,290065
4040,seanshpark,2,0.00069,286260,98.68823,290065
4041,seaster,2,0.00069,286262,98.68891,290065
4042,Sebring,2,0.00069,286264,98.68960,290065
4043,Seddryck,2,0.00069,286266,98.69029,290065
4044,seferov,2,0.00069,286268,98.69098,290065
4045,segmentationfaulter,2,0.00069,286270,98.69167,290065
4046,sereysethy,2,0.00069,286272,98.69236,290065
4047,Serginho,2,0.00069,286274,98.69305,290065
4048,sgbrown,2,0.00069,286276,98.69374,290065
4049,sh0hei,2,0.00069,286278,98.69443,290065
4050,ShahramMebashar,2,0.00069,286280,98.69512,290065
4051,ShaneDelmore,2,0.00069,286282,98.69581,290065
4052,sharathgeorgem,2,0.00069,286284,98.69650,290065
4053,shirdrn,2,0.00069,286286,98.69719,290065
4054,Shivam-Vyas,2,0.00069,286288,98.69788,290065
4055,shivijais,2,0.00069,286290,98.69857,290065
4056,shlomiassaf,2,0.00069,286292,98.69926,290065
4057,shubheksha,2,0.00069,286294,98.69995,290065
4058,sibartlett,2,0.00069,286296,98.70064,290065
4059,SidRoberts,2,0.00069,286298,98.70133,290065
4060,SiegfriedEhret,2,0.00069,286300,98.70202,290065
4061,Siilwyn,2,0.00069,286302,98.70270,290065
4062,silasb,2,0.00069,286304,98.70339,290065
4063,silentroach,2,0.00069,286306,98.70408,290065
4064,simlu,2,0.00069,286308,98.70477,290065
4065,simonpai,2,0.00069,286310,98.70546,290065
4066,Sirivasv,2,0.00069,286312,98.70615,290065
4067,sis0k0,2,0.00069,286314,98.70684,290065
4068,sjanuary,2,0.00069,286316,98.70753,290065
4069,sjy,2,0.00069,286318,98.70822,290065
4070,Skovy,2,0.00069,286320,98.70891,290065
4071,skryvets,2,0.00069,286322,98.70960,290065
4072,slavede,2,0.00069,286324,98.71029,290065
4073,SlexAxton,2,0.00069,286326,98.71098,290065
4074,slobo-showbie,2,0.00069,286328,98.71167,290065
4075,slontis,2,0.00069,286330,98.71236,290065
4076,Slumber86,2,0.00069,286332,98.71305,290065
4077,smaniotto,2,0.00069,286334,98.71374,290065
4078,smashercosmo,2,0.00069,286336,98.71443,290065
4079,smbape,2,0.00069,286338,98.71512,290065
4080,smishmash,2,0.00069,286340,98.71581,290065
4081,smusali,2,0.00069,286342,98.71649,290065
4082,snakajima,2,0.00069,286344,98.71718,290065
4083,snakefoot,2,0.00069,286346,98.71787,290065
4084,SneakyFish5,2,0.00069,286348,98.71856,290065
4085,snow01,2,0.00069,286350,98.71925,290065
4086,sonewman,2,0.00069,286352,98.71994,290065
4087,sonnemaf,2,0.00069,286354,98.72063,290065
4088,sorohan,2,0.00069,286356,98.72132,290065
4089,soulgalore,2,0.00069,286358,98.72201,290065
4090,soygul,2,0.00069,286360,98.72270,290065
4091,Sp1l,2,0.00069,286362,98.72339,290065
4092,sparraguerra,2,0.00069,286364,98.72408,290065
4093,spen,2,0.00069,286366,98.72477,290065
4094,speshuric,2,0.00069,286368,98.72546,290065
4095,spiroid,2,0.00069,286370,98.72615,290065
4096,spudly,2,0.00069,286372,98.72684,290065
4097,sshock,2,0.00069,286374,98.72753,290065
4098,stephan-tolksdorf,2,0.00069,286376,98.72822,290065
4099,stepharr,2,0.00069,286378,98.72891,290065
4100,StephenCooper,2,0.00069,286380,98.72960,290065
4101,stephenmathieson,2,0.00069,286382,98.73028,290065
4102,steve8708,2,0.00069,286384,98.73097,290065
4103,stevewhims,2,0.00069,286386,98.73166,290065
4104,stianjensen,2,0.00069,286388,98.73235,290065
4105,stickfigure,2,0.00069,286390,98.73304,290065
4106,stkelley,2,0.00069,286392,98.73373,290065
4107,stolenkid,2,0.00069,286394,98.73442,290065
4108,stormystormy,2,0.00069,286396,98.73511,290065
4109,straube,2,0.00069,286398,98.73580,290065
4110,StreetStrider,2,0.00069,286400,98.73649,290065
4111,StuartHarris,2,0.00069,286402,98.73718,290065
4112,stuartpb,2,0.00069,286404,98.73787,290065
4113,sujeet,2,0.00069,286406,98.73856,290065
4114,sukima,2,0.00069,286408,98.73925,290065
4115,sungwoncho,2,0.00069,286410,98.73994,290065
4116,SunHuawei,2,0.00069,286412,98.74063,290065
4117,sunny,2,0.00069,286414,98.74132,290065
4118,supasate,2,0.00069,286416,98.74201,290065
4119,surajwy,2,0.00069,286418,98.74270,290065
4120,susisu,2,0.00069,286420,98.74339,290065
4121,sveyret,2,0.00069,286422,98.74407,290065
4122,swalker2,2,0.00069,286424,98.74476,290065
4123,syllant,2,0.00069,286426,98.74545,290065
4124,t-8ch,2,0.00069,286428,98.74614,290065
4125,tagCincy,2,0.00069,286430,98.74683,290065
4126,tamird,2,0.00069,286432,98.74752,290065
4127,tamlyn,2,0.00069,286434,98.74821,290065
4128,tanzislam,2,0.00069,286436,98.74890,290065
4129,TApplencourt,2,0.00069,286438,98.74959,290065
4130,tardyp,2,0.00069,286440,98.75028,290065
4131,tarebyte,2,0.00069,286442,98.75097,290065
4132,tasos-ale,2,0.00069,286444,98.75166,290065
4133,taylorc93,2,0.00069,286446,98.75235,290065
4134,tdinucci,2,0.00069,286448,98.75304,290065
4135,tdurtschi,2,0.00069,286450,98.75373,290065
4136,tedpennings,2,0.00069,286452,98.75442,290065
4137,teemulehtinen,2,0.00069,286454,98.75511,290065
4138,telmen,2,0.00069,286456,98.75580,290065
4139,tenjaa,2,0.00069,286458,98.75649,290065
4140,tenwit,2,0.00069,286460,98.75718,290065
4141,teppeis,2,0.00069,286462,98.75786,290065
4142,teresy,2,0.00069,286464,98.75855,290065
4143,tgxworld,2,0.00069,286466,98.75924,290065
4144,thatmarvin,2,0.00069,286468,98.75993,290065
4145,thebeebs,2,0.00069,286470,98.76062,290065
4146,theel0ja,2,0.00069,286472,98.76131,290065
4147,TheLarkInn,2,0.00069,286474,98.76200,290065
4148,theLine,2,0.00069,286476,98.76269,290065
4149,theogravity,2,0.00069,286478,98.76338,290065
4150,TheTalisman,2,0.00069,286480,98.76407,290065
4151,TheToolbox,2,0.00069,286482,98.76476,290065
4152,thiagoarrais,2,0.00069,286484,98.76545,290065
4153,thiagodelgado111,2,0.00069,286486,98.76614,290065
4154,thodorisbais,2,0.00069,286488,98.76683,290065
4155,ThomasLandauer,2,0.00069,286490,98.76752,290065
4156,Thorium,2,0.00069,286492,98.76821,290065
4157,thp,2,0.00069,286494,98.76890,290065
4158,tiagoefmoraes,2,0.00069,286496,98.76959,290065
4159,tiagofernandez,2,0.00069,286498,98.77028,290065
4160,tibbon,2,0.00069,286500,98.77097,290065
4161,TiGR,2,0.00069,286502,98.77165,290065
4162,timdp,2,0.00069,286504,98.77234,290065
4163,timlevett,2,0.00069,286506,98.77303,290065
4164,TimvdLippe,2,0.00069,286508,98.77372,290065
4165,tinglof,2,0.00069,286510,98.77441,290065
4166,TinyMan,2,0.00069,286512,98.77510,290065
4167,tjsail33,2,0.00069,286514,98.77579,290065
4168,tk3369,2,0.00069,286516,98.77648,290065
4169,tkorakas,2,0.00069,286518,98.77717,290065
4170,tkrotoff,2,0.00069,286520,98.77786,290065
4171,tleruitte,2,0.00069,286522,98.77855,290065
4172,tlhunter,2,0.00069,286524,98.77924,290065
4173,tlinkowski,2,0.00069,286526,98.77993,290065
4174,tobli,2,0.00069,286528,98.78062,290065
4175,To-da,2,0.00069,286530,98.78131,290065
4176,todd,2,0.00069,286532,98.78200,290065
4177,toddself,2,0.00069,286534,98.78269,290065
4178,todesking,2,0.00069,286536,98.78338,290065
4179,togakangaroo,2,0.00069,286538,98.78407,290065
4180,tolemac,2,0.00069,286540,98.78476,290065
4181,Tom910,2,0.00069,286542,98.78544,290065
4182,tomaszbakula,2,0.00069,286544,98.78613,290065
4183,tomchristie,2,0.00069,286546,98.78682,290065
4184,tomgasson,2,0.00069,286548,98.78751,290065
4185,tomkel,2,0.00069,286550,98.78820,290065
4186,tom-sherman,2,0.00069,286552,98.78889,290065
4187,topaxi,2,0.00069,286554,98.78958,290065
4188,torniker,2,0.00069,286556,98.79027,290065
4189,toshihidetagami,2,0.00069,286558,98.79096,290065
4190,tpetrina,2,0.00069,286560,98.79165,290065
4191,tranhl,2,0.00069,286562,98.79234,290065
4192,trappar,2,0.00069,286564,98.79303,290065
4193,travi,2,0.00069,286566,98.79372,290065
4194,trentm,2,0.00069,286568,98.79441,290065
4195,treymack,2,0.00069,286570,98.79510,290065
4196,trezm,2,0.00069,286572,98.79579,290065
4197,tridium,2,0.00069,286574,98.79648,290065
4198,troutowicz,2,0.00069,286576,98.79717,290065
4199,trvra,2,0.00069,286578,98.79786,290065
4200,tschieggm,2,0.00069,286580,98.79855,290065
4201,TSMMark,2,0.00069,286582,98.79923,290065
4202,tsubik,2,0.00069,286584,98.79992,290065
4203,tuckbick,2,0.00069,286586,98.80061,290065
4204,tvler,2,0.00069,286588,98.80130,290065
4205,Tvrqvoise,2,0.00069,286590,98.80199,290065
4206,tweksteen,2,0.00069,286592,98.80268,290065
4207,twhitbeck,2,0.00069,286594,98.80337,290065
4208,TwistedHardware,2,0.00069,286596,98.80406,290065
4209,txdv,2,0.00069,286598,98.80475,290065
4210,TylerBrock,2,0.00069,286600,98.80544,290065
4211,tylerwhall,2,0.00069,286602,98.80613,290065
4212,tyscorp,2,0.00069,286604,98.80682,290065
4213,udayvunnam,2,0.00069,286606,98.80751,290065
4214,uhaciogullari,2,0.00069,286608,98.80820,290065
4215,ulikoehler,2,0.00069,286610,98.80889,290065
4216,user-none,2,0.00069,286612,98.80958,290065
4217,vadimdemedes,2,0.00069,286614,98.81027,290065
4218,vaicine,2,0.00069,286616,98.81096,290065
4219,valscion,2,0.00069,286618,98.81165,290065
4220,vanillajonathan,2,0.00069,286620,98.81234,290065
4221,vanshady,2,0.00069,286622,98.81302,290065
4222,vasiliyb,2,0.00069,286624,98.81371,290065
4223,vbraun,2,0.00069,286626,98.81440,290065
4224,vcsjones,2,0.00069,286628,98.81509,290065
4225,vdukhovni,2,0.00069,286630,98.81578,290065
4226,vedranmiletic,2,0.00069,286632,98.81647,290065
4227,veger,2,0.00069,286634,98.81716,290065
4228,vergenzt,2,0.00069,286636,98.81785,290065
4229,vgoma,2,0.00069,286638,98.81854,290065
4230,vgriph,2,0.00069,286640,98.81923,290065
4231,vgvenkat,2,0.00069,286642,98.81992,290065
4232,vickychijwani,2,0.00069,286644,98.82061,290065
4233,VictoriaQ,2,0.00069,286646,98.82130,290065
4234,VictorNicollet,2,0.00069,286648,98.82199,290065
4235,vigneshprakasam33,2,0.00069,286650,98.82268,290065
4236,ViIvanov,2,0.00069,286652,98.82337,290065
4237,vijithassar,2,0.00069,286654,98.82406,290065
4238,vikynandha,2,0.00069,286656,98.82475,290065
4239,vinsonchuong,2,0.00069,286658,98.82544,290065
4240,vitalets,2,0.00069,286660,98.82613,290065
4241,vitorbal,2,0.00069,286662,98.82681,290065
4242,vittorius,2,0.00069,286664,98.82750,290065
4243,vivmishra,2,0.00069,286666,98.82819,290065
4244,vkarpov15,2,0.00069,286668,98.82888,290065
4245,vkrol,2,0.00069,286670,98.82957,290065
4246,vladimirkosmala,2,0.00069,286672,98.83026,290065
4247,vladmos,2,0.00069,286674,98.83095,290065
4248,VladShcherbin,2,0.00069,286676,98.83164,290065
4249,vmeurisse,2,0.00069,286678,98.83233,290065
4250,vmx,2,0.00069,286680,98.83302,290065
4251,voloda,2,0.00069,286682,98.83371,290065
4252,voxpelli,2,0.00069,286684,98.83440,290065
4253,vpfautz,2,0.00069,286686,98.83509,290065
4254,vprasanth,2,0.00069,286688,98.83578,290065
4255,vramana,2,0.00069,286690,98.83647,290065
4256,Vusys,2,0.00069,286692,98.83716,290065
4257,vvo,2,0.00069,286694,98.83785,290065
4258,w33ble,2,0.00069,286696,98.83854,290065
4259,w3apps,2,0.00069,286698,98.83923,290065
4260,wadahiro,2,0.00069,286700,98.83992,290065
4261,wajda,2,0.00069,286702,98.84060,290065
4262,wayou,2,0.00069,286704,98.84129,290065
4263,wbrawner,2,0.00069,286706,98.84198,290065
4264,wesbos,2,0.00069,286708,98.84267,290065
4265,wesinator,2,0.00069,286710,98.84336,290065
4266,westonpace,2,0.00069,286712,98.84405,290065
4267,whitneyit,2,0.00069,286714,98.84474,290065
4268,whoffmann,2,0.00069,286716,98.84543,290065
4269,Widdershin,2,0.00069,286718,98.84612,290065
4270,wikier,2,0.00069,286720,98.84681,290065
4271,willfong,2,0.00069,286722,98.84750,290065
4272,willnorris,2,0.00069,286724,98.84819,290065
4273,willyboy,2,0.00069,286726,98.84888,290065
4274,wilzbach,2,0.00069,286728,98.84957,290065
4275,winhowes,2,0.00069,286730,98.85026,290065
4276,wkaluza,2,0.00069,286732,98.85095,290065
4277,wnvko,2,0.00069,286734,98.85164,290065
4278,wongmjane,2,0.00069,286736,98.85233,290065
4279,wonseop,2,0.00069,286738,98.85302,290065
4280,woollybogger,2,0.00069,286740,98.85371,290065
4281,wotbstars,2,0.00069,286742,98.85439,290065
4282,wraithgar,2,0.00069,286744,98.85508,290065
4283,ws0w,2,0.00069,286746,98.85577,290065
4284,ww898,2,0.00069,286748,98.85646,290065
4285,wyantb,2,0.00069,286750,98.85715,290065
4286,xadamy,2,0.00069,286752,98.85784,290065
4287,Xaerxess,2,0.00069,286754,98.85853,290065
4288,XavierGuihot,2,0.00069,286756,98.85922,290065
4289,xenoterracide,2,0.00069,286758,98.85991,290065
4290,xhoogland,2,0.00069,286760,98.86060,290065
4291,xiangyuecn,2,0.00069,286762,98.86129,290065
4292,xixilive,2,0.00069,286764,98.86198,290065
4293,yanandcoffee,2,0.00069,286766,98.86267,290065
4294,yasoob,2,0.00069,286768,98.86336,290065
4295,yausername,2,0.00069,286770,98.86405,290065
4296,Yaxian,2,0.00069,286772,98.86474,290065
4297,ycmjason,2,0.00069,286774,98.86543,290065
4298,Yermo,2,0.00069,286776,98.86612,290065
4299,yesplease,2,0.00069,286778,98.86681,290065
4300,yichaowang,2,0.00069,286780,98.86750,290065
4301,yihangho,2,0.00069,286782,98.86818,290065
4302,yodeyer,2,0.00069,286784,98.86887,290065
4303,YongseopKim,2,0.00069,286786,98.86956,290065
4304,yoshuawuyts,2,0.00069,286788,98.87025,290065
4305,yoshuki,2,0.00069,286790,98.87094,290065
4306,youdz,2,0.00069,286792,98.87163,290065
4307,Youmoo,2,0.00069,286794,98.87232,290065
4308,YousefED,2,0.00069,286796,98.87301,290065
4309,Youssef1313,2,0.00069,286798,98.87370,290065
4310,ystarlongzi,2,0.00069,286800,98.87439,290065
4311,yuler,2,0.00069,286802,98.87508,290065
4312,yuriybash,2,0.00069,286804,98.87577,290065
4313,YuriyOborozhnyi,2,0.00069,286806,98.87646,290065
4314,YusongLiu,2,0.00069,286808,98.87715,290065
4315,z-10,2,0.00069,286810,98.87784,290065
4316,zackseuberling,2,0.00069,286812,98.87853,290065
4317,zalenix,2,0.00069,286814,98.87922,290065
4318,zartdinov,2,0.00069,286816,98.87991,290065
4319,zatamine,2,0.00069,286818,98.88060,290065
4320,zaygraveyard,2,0.00069,286820,98.88129,290065
4321,zazabe,2,0.00069,286822,98.88197,290065
4322,zdw,2,0.00069,286824,98.88266,290065
4323,zenazn,2,0.00069,286826,98.88335,290065
4324,zenglian,2,0.00069,286828,98.88404,290065
4325,zhangtreefish,2,0.00069,286830,98.88473,290065
4326,zharro,2,0.00069,286832,98.88542,290065
4327,zhjwpku,2,0.00069,286834,98.88611,290065
4328,zlm2012,2,0.00069,286836,98.88680,290065
4329,zzz6519003,2,0.00069,286838,98.88749,290065
4330,0x1mason,1,0.00034,286839,98.88784,290065
4331,0x2206,1,0.00034,286840,98.88818,290065
4332,0x326,1,0.00034,286841,98.88852,290065
4333,0x6773,1,0.00034,286842,98.88887,290065
4334,0xbaadf00d,1,0.00034,286843,98.88921,290065
4335,0zAND1z,1,0.00034,286844,98.88956,290065
4336,1071496910,1,0.00034,286845,98.88990,290065
4337,10xLaCroixDrinker,1,0.00034,286846,98.89025,290065
4338,1egoman,1,0.00034,286847,98.89059,290065
4339,231293,1,0.00034,286848,98.89094,290065
4340,2is10,1,0.00034,286849,98.89128,290065
4341,3flex,1,0.00034,286850,98.89163,290065
4342,3rf,1,0.00034,286851,98.89197,290065
4343,43081j,1,0.00034,286852,98.89232,290065
4344,4leem,1,0.00034,286853,98.89266,290065
4345,aakash2602,1,0.00034,286854,98.89301,290065
4346,aakoch,1,0.00034,286855,98.89335,290065
4347,aaoferreira,1,0.00034,286856,98.89370,290065
4348,aarboleda1,1,0.00034,286857,98.89404,290065
4349,aaronang,1,0.00034,286858,98.89439,290065
4350,aaroncraig10e,1,0.00034,286859,98.89473,290065
4351,AaronFriel,1,0.00034,286860,98.89508,290065
4352,Aaron-Hartwig,1,0.00034,286861,98.89542,290065
4353,aaronofleonard,1,0.00034,286862,98.89576,290065
4354,aartur,1,0.00034,286863,98.89611,290065
4355,aashikgowda,1,0.00034,286864,98.89645,290065
4356,aashil,1,0.00034,286865,98.89680,290065
4357,Abazhenov,1,0.00034,286866,98.89714,290065
4358,abejfehr,1,0.00034,286867,98.89749,290065
4359,abettadapur,1,0.00034,286868,98.89783,290065
4360,AbhishekBiswal,1,0.00034,286869,98.89818,290065
4361,abloomston,1,0.00034,286870,98.89852,290065
4362,Aboisier,1,0.00034,286871,98.89887,290065
4363,abrad1212,1,0.00034,286872,98.89921,290065
4364,abraham,1,0.00034,286873,98.89956,290065
4365,abucur,1,0.00034,286874,98.89990,290065
4366,abyx,1,0.00034,286875,98.90025,290065
4367,acdenhartog,1,0.00034,286876,98.90059,290065
4368,acerbusace,1,0.00034,286877,98.90094,290065
4369,achimha,1,0.00034,286878,98.90128,290065
4370,acid-chicken,1,0.00034,286879,98.90163,290065
4371,acifani,1,0.00034,286880,98.90197,290065
4372,acjay,1,0.00034,286881,98.90231,290065
4373,acrazing,1,0.00034,286882,98.90266,290065
4374,acroca,1,0.00034,286883,98.90300,290065
4375,actra-gschuster,1,0.00034,286884,98.90335,290065
4376,adamgruber,1,0.00034,286885,98.90369,290065
4377,adamjmcgrath,1,0.00034,286886,98.90404,290065
4378,adammacias,1,0.00034,286887,98.90438,290065
4379,adamreeve,1,0.00034,286888,98.90473,290065
4380,adamvoss,1,0.00034,286889,98.90507,290065
4381,AdamWills,1,0.00034,286890,98.90542,290065
4382,adamzap,1,0.00034,286891,98.90576,290065
4383,adelevie,1,0.00034,286892,98.90611,290065
4384,adeolabadmus,1,0.00034,286893,98.90645,290065
4385,adgoncal,1,0.00034,286894,98.90680,290065
4386,admosity,1,0.00034,286895,98.90714,290065
4387,adrianolek,1,0.00034,286896,98.90749,290065
4388,AdrianPal,1,0.00034,286897,98.90783,290065
4389,adriantanasa,1,0.00034,286898,98.90818,290065
4390,AdrienHorgnies,1,0.00034,286899,98.90852,290065
4391,adros,1,0.00034,286900,98.90887,290065
4392,adutra,1,0.00034,286901,98.90921,290065
4393,adwiii,1,0.00034,286902,98.90955,290065
4394,aeschright,1,0.00034,286903,98.90990,290065
4395,afahim,1,0.00034,286904,98.91024,290065
4396,aFarkas,1,0.00034,286905,98.91059,290065
4397,afeld,1,0.00034,286906,98.91093,290065
4398,afhole,1,0.00034,286907,98.91128,290065
4399,agelter,1,0.00034,286908,98.91162,290065
4400,AgentME,1,0.00034,286909,98.91197,290065
4401,agiron123,1,0.00034,286910,98.91231,290065
4402,aguynamedben,1,0.00034,286911,98.91266,290065
4403,agwells,1,0.00034,286912,98.91300,290065
4404,ahacking,1,0.00034,286913,98.91335,290065
4405,ahfarmer,1,0.00034,286914,98.91369,290065
4406,ahmdsolmn,1,0.00034,286915,98.91404,290065
4407,ahmedsoliman92,1,0.00034,286916,98.91438,290065
4408,aifodu,1,0.00034,286917,98.91473,290065
4409,aigdonia,1,0.00034,286918,98.91507,290065
4410,aijo,1,0.00034,286919,98.91542,290065
4411,aik-jahoda,1,0.00034,286920,98.91576,290065
4412,aisipos,1,0.00034,286921,98.91611,290065
4413,ajayambre,1,0.00034,286922,98.91645,290065
4414,aj-dev,1,0.00034,286923,98.91679,290065
4415,ajgreenb,1,0.00034,286924,98.91714,290065
4416,ajhsu,1,0.00034,286925,98.91748,290065
4417,Ajido,1,0.00034,286926,98.91783,290065
4418,aj-r,1,0.00034,286927,98.91817,290065
4419,ak1r4,1,0.00034,286928,98.91852,290065
4420,akauppi,1,0.00034,286929,98.91886,290065
4421,akd-io,1,0.00034,286930,98.91921,290065
4422,akheron,1,0.00034,286931,98.91955,290065
4423,Akim95,1,0.00034,286932,98.91990,290065
4424,akost,1,0.00034,286933,98.92024,290065
4425,akulnurislam,1,0.00034,286934,98.92059,290065
4426,akvamalin,1,0.00034,286935,98.92093,290065
4427,akx,1,0.00034,286936,98.92128,290065
4428,alanmoo,1,0.00034,286937,98.92162,290065
4429,alanshaw,1,0.00034,286938,98.92197,290065
4430,alansouzati,1,0.00034,286939,98.92231,290065
4431,alaouy,1,0.00034,286940,98.92266,290065
4432,alcalyn,1,0.00034,286941,98.92300,290065
4433,aldenml,1,0.00034,286942,98.92334,290065
4434,aleclarson,1,0.00034,286943,98.92369,290065
4435,alexanderad,1,0.00034,286944,98.92403,290065
4436,alexandercerutti,1,0.00034,286945,98.92438,290065
4437,AlexanderGranhof,1,0.00034,286946,98.92472,290065
4438,alexanderweiss,1,0.00034,286947,98.92507,290065
4439,alexandrepayette,1,0.00034,286948,98.92541,290065
4440,Alexandrshy,1,0.00034,286949,98.92576,290065
4441,alexbokii,1,0.00034,286950,98.92610,290065
4442,AlexDenisov,1,0.00034,286951,98.92645,290065
4443,Alexendoo,1,0.00034,286952,98.92679,290065
4444,Alexey1Gavrilov,1,0.00034,286953,98.92714,290065
4445,alexgibson,1,0.00034,286954,98.92748,290065
4446,alexilyaev,1,0.00034,286955,98.92783,290065
4447,alexlouden,1,0.00034,286956,98.92817,290065
4448,alexmckenley,1,0.00034,286957,98.92852,290065
4449,AlexNeises,1,0.00034,286958,98.92886,290065
4450,alex-okrushko,1,0.00034,286959,98.92921,290065
4451,alexpls,1,0.00034,286960,98.92955,290065
4452,alexr101,1,0.00034,286961,98.92990,290065
4453,alexreardon,1,0.00034,286962,98.93024,290065
4454,alexvictoor,1,0.00034,286963,98.93058,290065
4455,AlfioEmanueleFresta,1,0.00034,286964,98.93093,290065
4456,alfonsogoberjr,1,0.00034,286965,98.93127,290065
4457,alfredh,1,0.00034,286966,98.93162,290065
4458,alfredr,1,0.00034,286967,98.93196,290065
4459,ali,1,0.00034,286968,98.93231,290065
4460,aliceklipper,1,0.00034,286969,98.93265,290065
4461,ali-master,1,0.00034,286970,98.93300,290065
4462,alirezaafkar,1,0.00034,286971,98.93334,290065
4463,alistair23,1,0.00034,286972,98.93369,290065
4464,alitaheri,1,0.00034,286973,98.93403,290065
4465,al-k21,1,0.00034,286974,98.93438,290065
4466,allanchau,1,0.00034,286975,98.93472,290065
4467,AloisMahdal,1,0.00034,286976,98.93507,290065
4468,alopatin,1,0.00034,286977,98.93541,290065
4469,alopezsanchez,1,0.00034,286978,98.93576,290065
4470,alpencolt,1,0.00034,286979,98.93610,290065
4471,alubbe,1,0.00034,286980,98.93645,290065
4472,alundiak,1,0.00034,286981,98.93679,290065
4473,alur,1,0.00034,286982,98.93713,290065
4474,alvarotrigo,1,0.00034,286983,98.93748,290065
4475,amaranthrose,1,0.00034,286984,98.93782,290065
4476,amaseda,1,0.00034,286985,98.93817,290065
4477,amcdnl,1,0.00034,286986,98.93851,290065
4478,amiller-gh,1,0.00034,286987,98.93886,290065
4479,amit3vr,1,0.00034,286988,98.93920,290065
4480,amitdash291,1,0.00034,286989,98.93955,290065
4481,amitzur,1,0.00034,286990,98.93989,290065
4482,AmmarHasan,1,0.00034,286991,98.94024,290065
4483,AMoreaux,1,0.00034,286992,98.94058,290065
4484,amritaramnauth,1,0.00034,286993,98.94093,290065
4485,amygori,1,0.00034,286994,98.94127,290065
4486,AnandChowdhary,1,0.00034,286995,98.94162,290065
4487,anantanandgupta,1,0.00034,286996,98.94196,290065
4488,anatoliy8493,1,0.00034,286997,98.94231,290065
4489,anchnk,1,0.00034,286998,98.94265,290065
4490,andersonaguiar,1,0.00034,286999,98.94300,290065
4491,Andersos,1,0.00034,287000,98.94334,290065
4492,andidev,1,0.00034,287001,98.94369,290065
4493,andre487,1,0.00034,287002,98.94403,290065
4494,andrebsguedes,1,0.00034,287003,98.94437,290065
4495,Andrei15193,1,0.00034,287004,98.94472,290065
4496,AndreiRailean,1,0.00034,287005,98.94506,290065
4497,andrejsinigoj,1,0.00034,287006,98.94541,290065
4498,andrew,1,0.00034,287007,98.94575,290065
4499,andrewdotn,1,0.00034,287008,98.94610,290065
4500,AndrewHenderson,1,0.00034,287009,98.94644,290065
4501,andrewhood125,1,0.00034,287010,98.94679,290065
4502,andrewimm,1,0.00034,287011,98.94713,290065
4503,andrewkolesnikov,1,0.00034,287012,98.94748,290065
4504,AndrewKvalheim,1,0.00034,287013,98.94782,290065
4505,andrewnester,1,0.00034,287014,98.94817,290065
4506,andreybleme,1,0.00034,287015,98.94851,290065
4507,andreypopp,1,0.00034,287016,98.94886,290065
4508,andreyst,1,0.00034,287017,98.94920,290065
4509,andriisoldatenko,1,0.00034,287018,98.94955,290065
4510,andschwa,1,0.00034,287019,98.94989,290065
4511,andyfeller,1,0.00034,287020,98.95024,290065
4512,andyshora,1,0.00034,287021,98.95058,290065
4513,Anemolo,1,0.00034,287022,98.95092,290065
4514,anfedorov,1,0.00034,287023,98.95127,290065
4515,angadgill92,1,0.00034,287024,98.95161,290065
4516,AngryPidgeon,1,0.00034,287025,98.95196,290065
4517,anibalsanchez,1,0.00034,287026,98.95230,290065
4518,aniruddha-adhikary,1,0.00034,287027,98.95265,290065
4519,ankeetmaini,1,0.00034,287028,98.95299,290065
4520,ankitbko,1,0.00034,287029,98.95334,290065
4521,Announcement,1,0.00034,287030,98.95368,290065
4522,Anomen,1,0.00034,287031,98.95403,290065
4523,anotherpit,1,0.00034,287032,98.95437,290065
4524,anselmbradford,1,0.00034,287033,98.95472,290065
4525,anslzo,1,0.00034,287034,98.95506,290065
4526,anteriovieira,1,0.00034,287035,98.95541,290065
4527,anthonyvdotbe,1,0.00034,287036,98.95575,290065
4528,antiufo,1,0.00034,287037,98.95610,290065
4529,antleblanc,1,0.00034,287038,98.95644,290065
4530,antons,1,0.00034,287039,98.95679,290065
4531,antonstefanov,1,0.00034,287040,98.95713,290065
4532,antplant,1,0.00034,287041,98.95748,290065
4533,anubhav25gupta,1,0.00034,287042,98.95782,290065
4534,anujaware,1,0.00034,287043,98.95816,290065
4535,AoDev,1,0.00034,287044,98.95851,290065
4536,apirom9,1,0.00034,287045,98.95885,290065
4537,aplsek,1,0.00034,287046,98.95920,290065
4538,apostolos,1,0.00034,287047,98.95954,290065
4539,appden,1,0.00034,287048,98.95989,290065
4540,AprilArcus,1,0.00034,287049,98.96023,290065
4541,Aprillion,1,0.00034,287050,98.96058,290065
4542,apsknight,1,0.00034,287051,98.96092,290065
4543,ApsOps,1,0.00034,287052,98.96127,290065
4544,aquarion,1,0.00034,287053,98.96161,290065
4545,ar7z1,1,0.00034,287054,98.96196,290065
4546,arahansen,1,0.00034,287055,98.96230,290065
4547,araslanov,1,0.00034,287056,98.96265,290065
4548,a-r-d,1,0.00034,287057,98.96299,290065
4549,aredridel,1,0.00034,287058,98.96334,290065
4550,arend-von-reinersdorff,1,0.00034,287059,98.96368,290065
4551,Arhell,1,0.00034,287060,98.96403,290065
4552,arifogel,1,0.00034,287061,98.96437,290065
4553,arkamar,1,0.00034,287062,98.96471,290065
4554,arkan,1,0.00034,287063,98.96506,290065
4555,Arkanosis,1,0.00034,287064,98.96540,290065
4556,armandino,1,0.00034,287065,98.96575,290065
4557,arminherling,1,0.00034,287066,98.96609,290065
4558,arnaudroger,1,0.00034,287067,98.96644,290065
4559,arnaudruffin,1,0.00034,287068,98.96678,290065
4560,arodr967,1,0.00034,287069,98.96713,290065
4561,aroget,1,0.00034,287070,98.96747,290065
4562,arosh,1,0.00034,287071,98.96782,290065
4563,arouel,1,0.00034,287072,98.96816,290065
4564,ArtemKoval,1,0.00034,287073,98.96851,290065
4565,arthurschreiber,1,0.00034,287074,98.96885,290065
4566,ArtsiomCh,1,0.00034,287075,98.96920,290065
4567,artywhite,1,0.00034,287076,98.96954,290065
4568,aruberto,1,0.00034,287077,98.96989,290065
4569,arunasank,1,0.00034,287078,98.97023,290065
4570,arxene,1,0.00034,287079,98.97058,290065
4571,aryelu,1,0.00034,287080,98.97092,290065
4572,arzafran,1,0.00034,287081,98.97127,290065
4573,asa-git,1,0.00034,287082,98.97161,290065
4574,ASayre,1,0.00034,287083,98.97195,290065
4575,ashishdawale20,1,0.00034,287084,98.97230,290065
4576,ashishpatelcs,1,0.00034,287085,98.97264,290065
4577,asieira,1,0.00034,287086,98.97299,290065
4578,asika32764,1,0.00034,287087,98.97333,290065
4579,asilinwei,1,0.00034,287088,98.97368,290065
4580,asiplas,1,0.00034,287089,98.97402,290065
4581,askoning,1,0.00034,287090,98.97437,290065
4582,aspala,1,0.00034,287091,98.97471,290065
4583,asperry152,1,0.00034,287092,98.97506,290065
4584,aspyatkin,1,0.00034,287093,98.97540,290065
4585,Asthetic,1,0.00034,287094,98.97575,290065
4586,AstraSerg,1,0.00034,287095,98.97609,290065
4587,ateoi,1,0.00034,287096,98.97644,290065
4588,atifaziz,1,0.00034,287097,98.97678,290065
4589,atogata,1,0.00034,287098,98.97713,290065
4590,A-Tokyo,1,0.00034,287099,98.97747,290065
4591,atombrella,1,0.00034,287100,98.97782,290065
4592,atom-morgan,1,0.00034,287101,98.97816,290065
4593,attilah,1,0.00034,287102,98.97850,290065
4594,augbog,1,0.00034,287103,98.97885,290065
4595,august782,1,0.00034,287104,98.97919,290065
4596,autowp,1,0.00034,287105,98.97954,290065
4597,autra,1,0.00034,287106,98.97988,290065
4598,avanderhoorn,1,0.00034,287107,98.98023,290065
4599,avdg,1,0.00034,287108,98.98057,290065
4600,avnash,1,0.00034,287109,98.98092,290065
4601,avnersorek,1,0.00034,287110,98.98126,290065
4602,AVVS,1,0.00034,287111,98.98161,290065
4603,awiddersheim,1,0.00034,287112,98.98195,290065
4604,Awk34,1,0.00034,287113,98.98230,290065
4605,awlayton,1,0.00034,287114,98.98264,290065
4606,awwright,1,0.00034,287115,98.98299,290065
4607,aymericbouzy,1,0.00034,287116,98.98333,290065
4608,Azert-Mark,1,0.00034,287117,98.98368,290065
4609,azhao12345,1,0.00034,287118,98.98402,290065
4610,B0k0,1,0.00034,287119,98.98437,290065
4611,baahmi,1,0.00034,287120,98.98471,290065
4612,babich-a,1,0.00034,287121,98.98506,290065
4613,baboquivari,1,0.00034,287122,98.98540,290065
4614,backuitist,1,0.00034,287123,98.98574,290065
4615,badrmodoukh,1,0.00034,287124,98.98609,290065
4616,bagerard,1,0.00034,287125,98.98643,290065
4617,bakape,1,0.00034,287126,98.98678,290065
4618,bakkot,1,0.00034,287127,98.98712,290065
4619,bakorer,1,0.00034,287128,98.98747,290065
4620,balduncle,1,0.00034,287129,98.98781,290065
4621,banterability,1,0.00034,287130,98.98816,290065
4622,bao987654321,1,0.00034,287131,98.98850,290065
4623,bargemb,1,0.00034,287132,98.98885,290065
4624,barik,1,0.00034,287133,98.98919,290065
4625,barneycarroll,1,0.00034,287134,98.98954,290065
4626,baronswindle,1,0.00034,287135,98.98988,290065
4627,barrymichaeldoyle,1,0.00034,287136,98.99023,290065
4628,bartriordan,1,0.00034,287137,98.99057,290065
4629,Baschdl,1,0.00034,287138,98.99092,290065
4630,baspeeters,1,0.00034,287139,98.99126,290065
4631,bastih,1,0.00034,287140,98.99161,290065
4632,bazuka5801,1,0.00034,287141,98.99195,290065
4633,bbeckercscc,1,0.00034,287142,98.99229,290065
4634,bbenezech,1,0.00034,287143,98.99264,290065
4635,bbodenmiller,1,0.00034,287144,98.99298,290065
4636,bbrooks,1,0.00034,287145,98.99333,290065
4637,bbshih,1,0.00034,287146,98.99367,290065
4638,bbyars,1,0.00034,287147,98.99402,290065
4639,bdanchilla,1,0.00034,287148,98.99436,290065
4640,bdmason,1,0.00034,287149,98.99471,290065
4641,bdworth,1,0.00034,287150,98.99505,290065
4642,bearmini,1,0.00034,287151,98.99540,290065
4643,beatfactor,1,0.00034,287152,98.99574,290065
4644,bedakb,1,0.00034,287153,98.99609,290065
4645,bekker,1,0.00034,287154,98.99643,290065
4646,bekos,1,0.00034,287155,98.99678,290065
4647,belugabehr,1,0.00034,287156,98.99712,290065
4648,ben-bradley,1,0.00034,287157,98.99747,290065
4649,beneidel,1,0.00034,287158,98.99781,290065
4650,benekastah,1,0.00034,287159,98.99816,290065
4651,benfleis,1,0.00034,287160,98.99850,290065
4652,bengotow,1,0.00034,287161,98.99885,290065
4653,benheymink,1,0.00034,287162,98.99919,290065
4654,benhutchins,1,0.00034,287163,98.99953,290065
4655,benigeri,1,0.00034,287164,98.99988,290065
4656,benjaffe,1,0.00034,287165,99.00022,290065
4657,benjaminhoffman,1,0.00034,287166,99.00057,290065
4658,benjamminj,1,0.00034,287167,99.00091,290065
4659,benjefferies,1,0.00034,287168,99.00126,290065
4660,ben-joostens,1,0.00034,287169,99.00160,290065
4661,benjycui,1,0.00034,287170,99.00195,290065
4662,ben-manes,1,0.00034,287171,99.00229,290065
4663,benmccann,1,0.00034,287172,99.00264,290065
4664,benmoss,1,0.00034,287173,99.00298,290065
4665,ben-ng,1,0.00034,287174,99.00333,290065
4666,ben-page,1,0.00034,287175,99.00367,290065
4667,bernard-leech,1,0.00034,287176,99.00402,290065
4668,berndartmueller,1,0.00034,287177,99.00436,290065
4669,berniefitz82,1,0.00034,287178,99.00471,290065
4670,bettiolo,1,0.00034,287179,99.00505,290065
4671,bevanhunt,1,0.00034,287180,99.00540,290065
4672,bfricka,1,0.00034,287181,99.00574,290065
4673,bglick,1,0.00034,287182,99.00608,290065
4674,bgord,1,0.00034,287183,99.00643,290065
4675,bgoscinski,1,0.00034,287184,99.00677,290065
4676,bgschiller,1,0.00034,287185,99.00712,290065
4677,bholley,1,0.00034,287186,99.00746,290065
4678,Bhudjo,1,0.00034,287187,99.00781,290065
4679,BigAB,1,0.00034,287188,99.00815,290065
4680,BigDSK,1,0.00034,287189,99.00850,290065
4681,Bigguy34,1,0.00034,287190,99.00884,290065
4682,biglovisa,1,0.00034,287191,99.00919,290065
4683,billschaller,1,0.00034,287192,99.00953,290065
4684,billytrend,1,0.00034,287193,99.00988,290065
4685,bioxcode,1,0.00034,287194,99.01022,290065
4686,bishwei,1,0.00034,287195,99.01057,290065
4687,bitbonk,1,0.00034,287196,99.01091,290065
4688,bjornstar,1,0.00034,287197,99.01126,290065
4689,bjrke,1,0.00034,287198,99.01160,290065
4690,bjrmatos,1,0.00034,287199,99.01195,290065
4691,bkdotcom,1,0.00034,287200,99.01229,290065
4692,blackdynamo,1,0.00034,287201,99.01264,290065
4693,blainesch,1,0.00034,287202,99.01298,290065
4694,blair,1,0.00034,287203,99.01332,290065
4695,Blaisorblade,1,0.00034,287204,99.01367,290065
4696,bleshik,1,0.00034,287205,99.01401,290065
4697,blokfyuh,1,0.00034,287206,99.01436,290065
4698,BloodShura,1,0.00034,287207,99.01470,290065
4699,bloodyowl,1,0.00034,287208,99.01505,290065
4700,bluelineXY,1,0.00034,287209,99.01539,290065
4701,bluetorch,1,0.00034,287210,99.01574,290065
4702,bmac,1,0.00034,287211,99.01608,290065
4703,bmeverett,1,0.00034,287212,99.01643,290065
4704,bmispelon,1,0.00034,287213,99.01677,290065
4705,bmwadforth,1,0.00034,287214,99.01712,290065
4706,bmwiedemann,1,0.00034,287215,99.01746,290065
4707,bnb,1,0.00034,287216,99.01781,290065
4708,bnorm,1,0.00034,287217,99.01815,290065
4709,bobbyrenwick,1,0.00034,287218,99.01850,290065
4710,bobintornado,1,0.00034,287219,99.01884,290065
4711,Bodasia,1,0.00034,287220,99.01919,290065
4712,bodewig,1,0.00034,287221,99.01953,290065
4713,bodgit,1,0.00034,287222,99.01987,290065
4714,BoLaMN,1,0.00034,287223,99.02022,290065
4715,bontibon,1,0.00034,287224,99.02056,290065
4716,BookOfGreg,1,0.00034,287225,99.02091,290065
4717,boopeshmahendran,1,0.00034,287226,99.02125,290065
4718,borgdylan,1,0.00034,287227,99.02160,290065
4719,boriskaiser,1,0.00034,287228,99.02194,290065
4720,borisyankov,1,0.00034,287229,99.02229,290065
4721,BorntraegerMarc,1,0.00034,287230,99.02263,290065
4722,BorodinDK,1,0.00034,287231,99.02298,290065
4723,borsna,1,0.00034,287232,99.02332,290065
4724,botovq,1,0.00034,287233,99.02367,290065
4725,bouk,1,0.00034,287234,99.02401,290065
4726,boutell,1,0.00034,287235,99.02436,290065
4727,bowlofeggs,1,0.00034,287236,99.02470,290065
4728,Bpaterak,1,0.00034,287237,99.02505,290065
4729,bpetex,1,0.00034,287238,99.02539,290065
4730,bploetz,1,0.00034,287239,99.02574,290065
4731,bportnoy,1,0.00034,287240,99.02608,290065
4732,braddunbar,1,0.00034,287241,99.02643,290065
4733,bradleyayers,1,0.00034,287242,99.02677,290065
4734,bradvogel,1,0.00034,287243,99.02711,290065
4735,brandon-pereira,1,0.00034,287244,99.02746,290065
4736,BredPet,1,0.00034,287245,99.02780,290065
4737,brendankenny,1,0.00034,287246,99.02815,290065
4738,brian428,1,0.00034,287247,99.02849,290065
4739,briandealwis,1,0.00034,287248,99.02884,290065
4740,BrianDiggs,1,0.00034,287249,99.02918,290065
4741,brianpchsu,1,0.00034,287250,99.02953,290065
4742,brickspert,1,0.00034,287251,99.02987,290065
4743,bricss,1,0.00034,287252,99.03022,290065
4744,brismuth,1,0.00034,287253,99.03056,290065
4745,broder,1,0.00034,287254,99.03091,290065
4746,brodybits,1,0.00034,287255,99.03125,290065
4747,brunokrebs,1,0.00034,287256,99.03160,290065
4748,brunolins16,1,0.00034,287257,99.03194,290065
4749,brunoscopelliti,1,0.00034,287258,99.03229,290065
4750,bryanar,1,0.00034,287259,99.03263,290065
4751,bryanjenningz,1,0.00034,287260,99.03298,290065
4752,brycecr,1,0.00034,287261,99.03332,290065
4753,bsdjhb,1,0.00034,287262,99.03366,290065
4754,bshannon,1,0.00034,287263,99.03401,290065
4755,bsletten,1,0.00034,287264,99.03435,290065
4756,btd,1,0.00034,287265,99.03470,290065
4757,btholt,1,0.00034,287266,99.03504,290065
4758,btmills,1,0.00034,287267,99.03539,290065
4759,buerkle,1,0.00034,287268,99.03573,290065
4760,bugknightyyp,1,0.00034,287269,99.03608,290065
4761,bugtype,1,0.00034,287270,99.03642,290065
4762,bukka,1,0.00034,287271,99.03677,290065
4763,Bunkerbewohner,1,0.00034,287272,99.03711,290065
4764,burnedram,1,0.00034,287273,99.03746,290065
4765,burningtree,1,0.00034,287274,99.03780,290065
4766,bushuai,1,0.00034,287275,99.03815,290065
4767,butla,1,0.00034,287276,99.03849,290065
4768,butterprim,1,0.00034,287277,99.03884,290065
4769,buzden,1,0.00034,287278,99.03918,290065
4770,bvleur,1,0.00034,287279,99.03953,290065
4771,byr-gdp,1,0.00034,287280,99.03987,290065
4772,bz2,1,0.00034,287281,99.04022,290065
4773,Cactucs,1,0.00034,287282,99.04056,290065
4774,caillou,1,0.00034,287283,99.04090,290065
4775,califrench,1,0.00034,287284,99.04125,290065
4776,callumcodes,1,0.00034,287285,99.04159,290065
4777,calvinf,1,0.00034,287286,99.04194,290065
4778,Calyhre,1,0.00034,287287,99.04228,290065
4779,cancerberoSgx,1,0.00034,287288,99.04263,290065
4780,cannona,1,0.00034,287289,99.04297,290065
4781,capaj,1,0.00034,287290,99.04332,290065
4782,CaptainCow95,1,0.00034,287291,99.04366,290065
4783,Caravus,1,0.00034,287292,99.04401,290065
4784,cardamon,1,0.00034,287293,99.04435,290065
4785,carkod,1,0.00034,287294,99.04470,290065
4786,carlansley,1,0.00034,287295,99.04504,290065
4787,carloluis,1,0.00034,287296,99.04539,290065
4788,carlosvargas,1,0.00034,287297,99.04573,290065
4789,Carlsson87,1,0.00034,287298,99.04608,290065
4790,carolinacmoravia,1,0.00034,287299,99.04642,290065
4791,carterchung,1,0.00034,287300,99.04677,290065
4792,carterkozak,1,0.00034,287301,99.04711,290065
4793,cascornelissen,1,0.00034,287302,99.04745,290065
4794,CaseyLeask,1,0.00034,287303,99.04780,290065
4795,castilloandres,1,0.00034,287304,99.04814,290065
4796,catanm,1,0.00034,287305,99.04849,290065
4797,catcake,1,0.00034,287306,99.04883,290065
4798,caub,1,0.00034,287307,99.04918,290065
4799,cb372,1,0.00034,287308,99.04952,290065
4800,cbguder,1,0.00034,287309,99.04987,290065
4801,cbrianso,1,0.00034,287310,99.05021,290065
4802,cchanxzy,1,0.00034,287311,99.05056,290065
4803,cconroy,1,0.00034,287312,99.05090,290065
4804,cdoremus,1,0.00034,287313,99.05125,290065
4805,cedrics,1,0.00034,287314,99.05159,290065
4806,cemeyer,1,0.00034,287315,99.05194,290065
4807,ceph3us,1,0.00034,287316,99.05228,290065
4808,cervengoc,1,0.00034,287317,99.05263,290065
4809,cesarandreu,1,0.00034,287318,99.05297,290065
4810,cesarbs,1,0.00034,287319,99.05332,290065
4811,cesarwbr,1,0.00034,287320,99.05366,290065
4812,cgamache,1,0.00034,287321,99.05401,290065
4813,c-geek,1,0.00034,287322,99.05435,290065
4814,cgrail,1,0.00034,287323,99.05469,290065
4815,chadhietala,1,0.00034,287324,99.05504,290065
4816,chadselph,1,0.00034,287325,99.05538,290065
4817,ChaitanyaPramod,1,0.00034,287326,99.05573,290065
4818,chamila-c,1,0.00034,287327,99.05607,290065
4819,changhw01,1,0.00034,287328,99.05642,290065
4820,Charca,1,0.00034,287329,99.05676,290065
4821,charlesemarsh,1,0.00034,287330,99.05711,290065
4822,CharlieGarcia,1,0.00034,287331,99.05745,290065
4823,charphi,1,0.00034,287332,99.05780,290065
4824,chaseadamsio,1,0.00034,287333,99.05814,290065
4825,cheeaun,1,0.00034,287334,99.05849,290065
4826,chenesan,1,0.00034,287335,99.05883,290065
4827,Chen-Gang,1,0.00034,287336,99.05918,290065
4828,chengkungui,1,0.00034,287337,99.05952,290065
4829,chengluyu,1,0.00034,287338,99.05987,290065
4830,chenmingjia,1,0.00034,287339,99.06021,290065
4831,cherniavskii,1,0.00034,287340,99.06056,290065
4832,chernysh,1,0.00034,287341,99.06090,290065
4833,chetbox,1,0.00034,287342,99.06124,290065
4834,chidozieononiwu,1,0.00034,287343,99.06159,290065
4835,chienkira,1,0.00034,287344,99.06193,290065
4836,Chima1707,1,0.00034,287345,99.06228,290065
4837,chinhodado,1,0.00034,287346,99.06262,290065
4838,chipaca,1,0.00034,287347,99.06297,290065
4839,chmelevskij,1,0.00034,287348,99.06331,290065
4840,Chobbes,1,0.00034,287349,99.06366,290065
4841,chris13524,1,0.00034,287350,99.06400,290065
4842,chrisalbrecht,1,0.00034,287351,99.06435,290065
4843,chris-barry,1,0.00034,287352,99.06469,290065
4844,chrisbianca,1,0.00034,287353,99.06504,290065
4845,Chrisboh,1,0.00034,287354,99.06538,290065
4846,chrisbolin,1,0.00034,287355,99.06573,290065
4847,chrisbujok,1,0.00034,287356,99.06607,290065
4848,chriscartlidge,1,0.00034,287357,99.06642,290065
4849,chrisgavin,1,0.00034,287358,99.06676,290065
4850,chrisgrovers,1,0.00034,287359,99.06711,290065
4851,chriskuehl,1,0.00034,287360,99.06745,290065
4852,chrisprice,1,0.00034,287361,99.06780,290065
4853,chrisrpatterson,1,0.00034,287362,99.06814,290065
4854,chrisself,1,0.00034,287363,99.06848,290065
4855,christianbundy,1,0.00034,287364,99.06883,290065
4856,ChristianSchwarz,1,0.00034,287365,99.06917,290065
4857,christikaes,1,0.00034,287366,99.06952,290065
4858,ChristopherDavenport,1,0.00034,287367,99.06986,290065
4859,christophetd,1,0.00034,287368,99.07021,290065
4860,chrisvfabio,1,0.00034,287369,99.07055,290065
4861,chrisyip,1,0.00034,287370,99.07090,290065
4862,chromakey,1,0.00034,287371,99.07124,290065
4863,chrstnbrn,1,0.00034,287372,99.07159,290065
4864,chtseac,1,0.00034,287373,99.07193,290065
4865,chulkilee,1,0.00034,287374,99.07228,290065
4866,Chyngyz,1,0.00034,287375,99.07262,290065
4867,ciceropablo,1,0.00034,287376,99.07297,290065
4868,ciddan,1,0.00034,287377,99.07331,290065
4869,citium,1,0.00034,287378,99.07366,290065
4870,cjconrad2,1,0.00034,287379,99.07400,290065
4871,cjpillsbury,1,0.00034,287380,99.07435,290065
4872,ckuhn,1,0.00034,287381,99.07469,290065
4873,cladera,1,0.00034,287382,99.07503,290065
4874,clairecliu,1,0.00034,287383,99.07538,290065
4875,clavecoder,1,0.00034,287384,99.07572,290065
4876,claylo,1,0.00034,287385,99.07607,290065
4877,cleavera,1,0.00034,287386,99.07641,290065
4878,cleitonmendonca,1,0.00034,287387,99.07676,290065
4879,clhenrick,1,0.00034,287388,99.07710,290065
4880,cliener,1,0.00034,287389,99.07745,290065
4881,clockworked247,1,0.00034,287390,99.07779,290065
4882,C-Lodder,1,0.00034,287391,99.07814,290065
4883,cloojure,1,0.00034,287392,99.07848,290065
4884,cmatheson,1,0.00034,287393,99.07883,290065
4885,cmwall,1,0.00034,287394,99.07917,290065
4886,cnblogs-dudu,1,0.00034,287395,99.07952,290065
4887,CodeBlanch,1,0.00034,287396,99.07986,290065
4888,codef0rmer,1,0.00034,287397,99.08021,290065
4889,codeheroics,1,0.00034,287398,99.08055,290065
4890,codepodu,1,0.00034,287399,99.08090,290065
4891,coderberry,1,0.00034,287400,99.08124,290065
4892,coderbyheart,1,0.00034,287401,99.08159,290065
4893,CoderK,1,0.00034,287402,99.08193,290065
4894,CodeTherapist,1,0.00034,287403,99.08227,290065
4895,CodinCat,1,0.00034,287404,99.08262,290065
4896,CodingFabian,1,0.00034,287405,99.08296,290065
4897,codingismy11to7,1,0.00034,287406,99.08331,290065
4898,codingsince1985,1,0.00034,287407,99.08365,290065
4899,codito,1,0.00034,287408,99.08400,290065
4900,codyj110,1,0.00034,287409,99.08434,290065
4901,codylerum,1,0.00034,287410,99.08469,290065
4902,collink,1,0.00034,287411,99.08503,290065
4903,colltoaction,1,0.00034,287412,99.08538,290065
4904,compulim,1,0.00034,287413,99.08572,290065
4905,coms,1,0.00034,287414,99.08607,290065
4906,conartist6,1,0.00034,287415,99.08641,290065
4907,ConnorMcF,1,0.00034,287416,99.08676,290065
4908,ConradIrwin,1,0.00034,287417,99.08710,290065
4909,CoolCoderTony,1,0.00034,287418,99.08745,290065
4910,coolgod,1,0.00034,287419,99.08779,290065
4911,CoolGoose,1,0.00034,287420,99.08814,290065
4912,coorasse,1,0.00034,287421,99.08848,290065
4913,coreh,1,0.00034,287422,99.08882,290065
4914,Corillian,1,0.00034,287423,99.08917,290065
4915,cornedor,1,0.00034,287424,99.08951,290065
4916,cortopy,1,0.00034,287425,99.08986,290065
4917,coryasilva,1,0.00034,287426,99.09020,290065
4918,couven92,1,0.00034,287427,99.09055,290065
4919,covener,1,0.00034,287428,99.09089,290065
4920,cowwoc,1,0.00034,287429,99.09124,290065
4921,cpillsbury,1,0.00034,287430,99.09158,290065
4922,cquanu,1,0.00034,287431,99.09193,290065
4923,cRAN-cg,1,0.00034,287432,99.09227,290065
4924,cravler,1,0.00034,287433,99.09262,290065
4925,CRC-Mismatch,1,0.00034,287434,99.09296,290065
4926,crhistianramirez,1,0.00034,287435,99.09331,290065
4927,CrispyBacon12,1,0.00034,287436,99.09365,290065
4928,cristobalito,1,0.00034,287437,99.09400,290065
4929,Cronan,1,0.00034,287438,99.09434,290065
4930,crteal,1,0.00034,287439,99.09469,290065
4931,crux153,1,0.00034,287440,99.09503,290065
4932,Crysinyan,1,0.00034,287441,99.09538,290065
4933,csimplestring,1,0.00034,287442,99.09572,290065
4934,Cslove,1,0.00034,287443,99.09606,290065
4935,csswizardry,1,0.00034,287444,99.09641,290065
4936,cstamas,1,0.00034,287445,99.09675,290065
4937,ctide,1,0.00034,287446,99.09710,290065
4938,ctyar,1,0.00034,287447,99.09744,290065
4939,cukejianya,1,0.00034,287448,99.09779,290065
4940,culmat,1,0.00034,287449,99.09813,290065
4941,curiousdannii,1,0.00034,287450,99.09848,290065
4942,curtgrimes,1,0.00034,287451,99.09882,290065
4943,cweems,1,0.00034,287452,99.09917,290065
4944,cwohlman,1,0.00034,287453,99.09951,290065
4945,CWSpear,1,0.00034,287454,99.09986,290065
4946,cyberjacob,1,0.00034,287455,99.10020,290065
4947,CyborgMaster,1,0.00034,287456,99.10055,290065
4948,Cydrobolt,1,0.00034,287457,99.10089,290065
4949,cypok,1,0.00034,287458,99.10124,290065
4950,cyrilkyburz,1,0.00034,287459,99.10158,290065
4951,czamp,1,0.00034,287460,99.10193,290065
4952,czardoz,1,0.00034,287461,99.10227,290065
4953,dackmin,1,0.00034,287462,99.10261,290065
4954,daedalus28,1,0.00034,287463,99.10296,290065
4955,daevidpreis,1,0.00034,287464,99.10330,290065
4956,dafo,1,0.00034,287465,99.10365,290065
4957,daggerjames,1,0.00034,287466,99.10399,290065
4958,dagstuan,1,0.00034,287467,99.10434,290065
4959,dahim2006,1,0.00034,287468,99.10468,290065
4960,dalyhabit,1,0.00034,287469,99.10503,290065
4961,damian,1,0.00034,287470,99.10537,290065
4962,damrbaby,1,0.00034,287471,99.10572,290065
4963,damusnet,1,0.00034,287472,99.10606,290065
4964,DanCarterGMSL,1,0.00034,287473,99.10641,290065
4965,daniel347x,1,0.00034,287474,99.10675,290065
4966,danielb2,1,0.00034,287475,99.10710,290065
4967,DanielBaird,1,0.00034,287476,99.10744,290065
4968,danieldietrich,1,0.00034,287477,99.10779,290065
4969,danielgindi,1,0.00034,287478,99.10813,290065
4970,danielmachado,1,0.00034,287479,99.10848,290065
4971,danielmendel,1,0.00034,287480,99.10882,290065
4972,DanielMSchmidt,1,0.00034,287481,99.10917,290065
4973,danielnorberg,1,0.00034,287482,99.10951,290065
4974,DanielPintilei,1,0.00034,287483,99.10985,290065
4975,danielpowell4,1,0.00034,287484,99.11020,290065
4976,danielrob,1,0.00034,287485,99.11054,290065
4977,danielstreit,1,0.00034,287486,99.11089,290065
4978,daniilguit,1,0.00034,287487,99.11123,290065
4979,danmana,1,0.00034,287488,99.11158,290065
4980,DannyDelott,1,0.00034,287489,99.11192,290065
4981,danpatnate,1,0.00034,287490,99.11227,290065
4982,darcyparker,1,0.00034,287491,99.11261,290065
4983,dariocravero,1,0.00034,287492,99.11296,290065
4984,DarkDimius,1,0.00034,287493,99.11330,290065
4985,Darnor,1,0.00034,287494,99.11365,290065
4986,darxis,1,0.00034,287495,99.11399,290065
4987,dasa,1,0.00034,287496,99.11434,290065
4988,DaSchTour,1,0.00034,287497,99.11468,290065
4989,das-peter,1,0.00034,287498,99.11503,290065
4990,DaveJarvis,1,0.00034,287499,99.11537,290065
4991,davestewart,1,0.00034,287500,99.11572,290065
4992,david0178418,1,0.00034,287501,99.11606,290065
4993,DavidARussell,1,0.00034,287502,99.11640,290065
4994,DavidDTA,1,0.00034,287503,99.11675,290065
4995,davideast,1,0.00034,287504,99.11709,290065
4996,DavideD,1,0.00034,287505,99.11744,290065
4997,DavideViolante,1,0.00034,287506,99.11778,290065
4998,davidfurlong,1,0.00034,287507,99.11813,290065
4999,davidgilbertson,1,0.00034,287508,99.11847,290065
5000,DavidGregory084,1,0.00034,287509,99.11882,290065
5001,DavidHe1127,1,0.00034,287510,99.11916,290065
5002,davidkpiano,1,0.00034,287511,99.11951,290065
5003,davidlehn,1,0.00034,287512,99.11985,290065
5004,davidmoten,1,0.00034,287513,99.12020,290065
5005,davidpatrick,1,0.00034,287514,99.12054,290065
5006,david-reiman-ck,1,0.00034,287515,99.12089,290065
5007,davidsheldon,1,0.00034,287516,99.12123,290065
5008,DavidTPate,1,0.00034,287517,99.12158,290065
5009,daviferreira,1,0.00034,287518,99.12192,290065
5010,davilimap,1,0.00034,287519,99.12227,290065
5011,davlloyd,1,0.00034,287520,99.12261,290065
5012,davzucky,1,0.00034,287521,99.12296,290065
5013,DawidTabak,1,0.00034,287522,99.12330,290065
5014,dbkr,1,0.00034,287523,99.12364,290065
5015,dbmikus,1,0.00034,287524,99.12399,290065
5016,dboshardy,1,0.00034,287525,99.12433,290065
5017,dbrugne,1,0.00034,287526,99.12468,290065
5018,dcbrwn,1,0.00034,287527,99.12502,290065
5019,dcocchia,1,0.00034,287528,99.12537,290065
5020,DCtheTall,1,0.00034,287529,99.12571,290065
5021,dcworldwide,1,0.00034,287530,99.12606,290065
5022,ddebree,1,0.00034,287531,99.12640,290065
5023,ddneat,1,0.00034,287532,99.12675,290065
5024,DDRBoxman,1,0.00034,287533,99.12709,290065
5025,deadbeef404,1,0.00034,287534,99.12744,290065
5026,deamme,1,0.00034,287535,99.12778,290065
5027,Dean177,1,0.00034,287536,99.12813,290065
5028,deanban,1,0.00034,287537,99.12847,290065
5029,debajitr,1,0.00034,287538,99.12882,290065
5030,debudda,1,0.00034,287539,99.12916,290065
5031,deecewan,1,0.00034,287540,99.12951,290065
5032,deed02392,1,0.00034,287541,99.12985,290065
5033,deepakpathania,1,0.00034,287542,99.13019,290065
5034,deepcoldy,1,0.00034,287543,99.13054,290065
5035,DemianD,1,0.00034,287544,99.13088,290065
5036,demoneaux,1,0.00034,287545,99.13123,290065
5037,Demurgos,1,0.00034,287546,99.13157,290065
5038,den314,1,0.00034,287547,99.13192,290065
5039,dennisgl,1,0.00034,287548,99.13226,290065
5040,dereckson,1,0.00034,287549,99.13261,290065
5041,dereksantos,1,0.00034,287550,99.13295,290065
5042,desheikh,1,0.00034,287551,99.13330,290065
5043,designeng,1,0.00034,287552,99.13364,290065
5044,designfrontier,1,0.00034,287553,99.13399,290065
5045,d-e-s-o,1,0.00034,287554,99.13433,290065
5046,DevInstinct,1,0.00034,287555,99.13468,290065
5047,devknoll,1,0.00034,287556,99.13502,290065
5048,devlance,1,0.00034,287557,99.13537,290065
5049,devonharvey,1,0.00034,287558,99.13571,290065
5050,deyboy90,1,0.00034,287559,99.13606,290065
5051,deyhle,1,0.00034,287560,99.13640,290065
5052,dferber90,1,0.00034,287561,99.13675,290065
5053,d-fischer,1,0.00034,287562,99.13709,290065
5054,dgrcode,1,0.00034,287563,99.13743,290065
5055,dgreensp,1,0.00034,287564,99.13778,290065
5056,dgwynne,1,0.00034,287565,99.13812,290065
5057,DheerajVislavath,1,0.00034,287566,99.13847,290065
5058,dhoko,1,0.00034,287567,99.13881,290065
5059,dhritzkiv,1,0.00034,287568,99.13916,290065
5060,dhrubesh,1,0.00034,287569,99.13950,290065
5061,dhruvdutt,1,0.00034,287570,99.13985,290065
5062,diamondo25,1,0.00034,287571,99.14019,290065
5063,digitaldavenyc,1,0.00034,287572,99.14054,290065
5064,Dignifiedquire,1,0.00034,287573,99.14088,290065
5065,dillonchanis,1,0.00034,287574,99.14123,290065
5066,dimas,1,0.00034,287575,99.14157,290065
5067,dimitrovchi,1,0.00034,287576,99.14192,290065
5068,dinomite,1,0.00034,287577,99.14226,290065
5069,divjotsinghnanda,1,0.00034,287578,99.14261,290065
5070,djchie,1,0.00034,287579,99.14295,290065
5071,DJCordhose,1,0.00034,287580,99.14330,290065
5072,djds23,1,0.00034,287581,99.14364,290065
5073,djindjic,1,0.00034,287582,99.14398,290065
5074,djkirby,1,0.00034,287583,99.14433,290065
5075,djorg83,1,0.00034,287584,99.14467,290065
5076,djulien,1,0.00034,287585,99.14502,290065
5077,dkebler,1,0.00034,287586,99.14536,290065
5078,dkulyk,1,0.00034,287587,99.14571,290065
5079,dlazerka,1,0.00034,287588,99.14605,290065
5080,dlecocq,1,0.00034,287589,99.14640,290065
5081,dlindenkreuz,1,0.00034,287590,99.14674,290065
5082,dmap,1,0.00034,287591,99.14709,290065
5083,dmarkow,1,0.00034,287592,99.14743,290065
5084,dmin,1,0.00034,287593,99.14778,290065
5085,DmitryGaravsky,1,0.00034,287594,99.14812,290065
5086,dmurat,1,0.00034,287595,99.14847,290065
5087,dnperfors,1,0.00034,287596,99.14881,290065
5088,doctyper,1,0.00034,287597,99.14916,290065
5089,doersino,1,0.00034,287598,99.14950,290065
5090,dogancelik,1,0.00034,287599,99.14985,290065
5091,Dok11,1,0.00034,287600,99.15019,290065
5092,domcc,1,0.00034,287601,99.15054,290065
5093,domenic,1,0.00034,287602,99.15088,290065
5094,dominicbarnes,1,0.00034,287603,99.15122,290065
5095,dominictarr,1,0.00034,287604,99.15157,290065
5096,donabrams,1,0.00034,287605,99.15191,290065
5097,donaldchai,1,0.00034,287606,99.15226,290065
5098,dongyuwei,1,0.00034,287607,99.15260,290065
5099,DonnieWest,1,0.00034,287608,99.15295,290065
5100,donroyco,1,0.00034,287609,99.15329,290065
5101,dorktobes,1,0.00034,287610,99.15364,290065
5102,dotchev,1,0.00034,287611,99.15398,290065
5103,dotproto,1,0.00034,287612,99.15433,290065
5104,doug2k1,1,0.00034,287613,99.15467,290065
5105,doug-a-brunner,1,0.00034,287614,99.15502,290065
5106,dpaoliello,1,0.00034,287615,99.15536,290065
5107,dpellier,1,0.00034,287616,99.15571,290065
5108,dperezde,1,0.00034,287617,99.15605,290065
5109,dprotaso,1,0.00034,287618,99.15640,290065
5110,dpursehouse,1,0.00034,287619,99.15674,290065
5111,dracos,1,0.00034,287620,99.15709,290065
5112,dragn,1,0.00034,287621,99.15743,290065
5113,drajakumar,1,0.00034,287622,99.15777,290065
5114,drcapulet,1,0.00034,287623,99.15812,290065
5115,drd,1,0.00034,287624,99.15846,290065
5116,drdelambre,1,0.00034,287625,99.15881,290065
5117,DreaminginCodeZH,1,0.00034,287626,99.15915,290065
5118,drew-moore,1,0.00034,287627,99.15950,290065
5119,dreyacosta,1,0.00034,287628,99.15984,290065
5120,drichard,1,0.00034,287629,99.16019,290065
5121,drieseng,1,0.00034,287630,99.16053,290065
5122,driverpt,1,0.00034,287631,99.16088,290065
5123,drothmaler,1,0.00034,287632,99.16122,290065
5124,ds300,1,0.00034,287633,99.16157,290065
5125,dsherret,1,0.00034,287634,99.16191,290065
5126,dsuket,1,0.00034,287635,99.16226,290065
5127,dtabuenc,1,0.00034,287636,99.16260,290065
5128,dtgoitia,1,0.00034,287637,99.16295,290065
5129,dtothefp,1,0.00034,287638,99.16329,290065
5130,dtslvr,1,0.00034,287639,99.16364,290065
5131,Duhemm,1,0.00034,287640,99.16398,290065
5132,dunglas,1,0.00034,287641,99.16433,290065
5133,dungsaga,1,0.00034,287642,99.16467,290065
5134,dunnock,1,0.00034,287643,99.16501,290065
5135,dvandyke,1,0.00034,287644,99.16536,290065
5136,dvishniakov,1,0.00034,287645,99.16570,290065
5137,DWand,1,0.00034,287646,99.16605,290065
5138,dwelle,1,0.00034,287647,99.16639,290065
5139,dwhieb,1,0.00034,287648,99.16674,290065
5140,DXFiles,1,0.00034,287649,99.16708,290065
5141,dylang,1,0.00034,287650,99.16743,290065
5142,dyuval,1,0.00034,287651,99.16777,290065
5143,DzonnyDZ,1,0.00034,287652,99.16812,290065
5144,EamonHetherton,1,0.00034,287653,99.16846,290065
5145,ecasilla,1,0.00034,287654,99.16881,290065
5146,ecbrodie,1,0.00034,287655,99.16915,290065
5147,ecki,1,0.00034,287656,99.16950,290065
5148,eclipsewebmaster,1,0.00034,287657,99.16984,290065
5149,ecmadao,1,0.00034,287658,99.17019,290065
5150,edalquist,1,0.00034,287659,99.17053,290065
5151,eddiejaoude,1,0.00034,287660,99.17088,290065
5152,EddyVerbruggen,1,0.00034,287661,99.17122,290065
5153,edi9999,1,0.00034,287662,99.17156,290065
5154,edify42,1,0.00034,287663,99.17191,290065
5155,edmBernard,1,0.00034,287664,99.17225,290065
5156,edmellum,1,0.00034,287665,99.17260,290065
5157,edofic,1,0.00034,287666,99.17294,290065
5158,edorivai,1,0.00034,287667,99.17329,290065
5159,eduardbadillo,1,0.00034,287668,99.17363,290065
5160,eduardische,1,0.00034,287669,99.17398,290065
5161,edudojevic,1,0.00034,287670,99.17432,290065
5162,edusperoni,1,0.00034,287671,99.17467,290065
5163,edwinychu,1,0.00034,287672,99.17501,290065
5164,edysegura,1,0.00034,287673,99.17536,290065
5165,ee92,1,0.00034,287674,99.17570,290065
5166,EECOLOR,1,0.00034,287675,99.17605,290065
5167,eek,1,0.00034,287676,99.17639,290065
5168,eelkeblok,1,0.00034,287677,99.17674,290065
5169,eeroan,1,0.00034,287678,99.17708,290065
5170,EgidioCaprino,1,0.00034,287679,99.17743,290065
5171,ehtb,1,0.00034,287680,99.17777,290065
5172,eisber,1,0.00034,287681,99.17812,290065
5173,ekevoo,1,0.00034,287682,99.17846,290065
5174,ekmartin,1,0.00034,287683,99.17880,290065
5175,elAndyG,1,0.00034,287684,99.17915,290065
5176,elboman,1,0.00034,287685,99.17949,290065
5177,elderbas,1,0.00034,287686,99.17984,290065
5178,eleumik,1,0.00034,287687,99.18018,290065
5179,ElForastero,1,0.00034,287688,99.18053,290065
5180,elinor-fung,1,0.00034,287689,99.18087,290065
5181,eljobe,1,0.00034,287690,99.18122,290065
5182,Elliot-Evans-95,1,0.00034,287691,99.18156,290065
5183,elliott-davis,1,0.00034,287692,99.18191,290065
5184,elliottsj,1,0.00034,287693,99.18225,290065
5185,elongl,1,0.00034,287694,99.18260,290065
5186,elquatro,1,0.00034,287695,99.18294,290065
5187,elsbree,1,0.00034,287696,99.18329,290065
5188,eltonmesquita,1,0.00034,287697,99.18363,290065
5189,elv1s42,1,0.00034,287698,99.18398,290065
5190,elzapp,1,0.00034,287699,99.18432,290065
5191,emmanuelgautier,1,0.00034,287700,99.18467,290065
5192,enapupe,1,0.00034,287701,99.18501,290065
5193,enaqx,1,0.00034,287702,99.18536,290065
5194,enbo,1,0.00034,287703,99.18570,290065
5195,EndangeredMassa,1,0.00034,287704,99.18604,290065
5196,Enet4,1,0.00034,287705,99.18639,290065
5197,Enigo,1,0.00034,287706,99.18673,290065
5198,entozoon,1,0.00034,287707,99.18708,290065
5199,Eomm,1,0.00034,287708,99.18742,290065
5200,epelc,1,0.00034,287709,99.18777,290065
5201,epicfaace,1,0.00034,287710,99.18811,290065
5202,EQuimper,1,0.00034,287711,99.18846,290065
5203,er1c,1,0.00034,287712,99.18880,290065
5204,eran-nussbaum,1,0.00034,287713,99.18915,290065
5205,eranshmil,1,0.00034,287714,99.18949,290065
5206,erf,1,0.00034,287715,99.18984,290065
5207,erhangundogan,1,0.00034,287716,99.19018,290065
5208,erhise,1,0.00034,287717,99.19053,290065
5209,EricByers,1,0.00034,287718,99.19087,290065
5210,ericchernuka,1,0.00034,287719,99.19122,290065
5211,ericdahl,1,0.00034,287720,99.19156,290065
5212,ericmartel,1,0.00034,287721,99.19191,290065
5213,ericmatthys,1,0.00034,287722,99.19225,290065
5214,ericprud,1,0.00034,287723,99.19259,290065
5215,ericyang89,1,0.00034,287724,99.19294,290065
5216,erikbern,1,0.00034,287725,99.19328,290065
5217,erikdonohoo,1,0.00034,287726,99.19363,290065
5218,eriklax,1,0.00034,287727,99.19397,290065
5219,erinspice,1,0.00034,287728,99.19432,290065
5220,ErisDS,1,0.00034,287729,99.19466,290065
5221,Ermiar,1,0.00034,287730,99.19501,290065
5222,ernbrn,1,0.00034,287731,99.19535,290065
5223,esbena,1,0.00034,287732,99.19570,290065
5224,esiegel,1,0.00034,287733,99.19604,290065
5225,estaub,1,0.00034,287734,99.19639,290065
5226,estellecomment,1,0.00034,287735,99.19673,290065
5227,estrada9166,1,0.00034,287736,99.19708,290065
5228,etaty,1,0.00034,287737,99.19742,290065
5229,eteeselink,1,0.00034,287738,99.19777,290065
5230,etler,1,0.00034,287739,99.19811,290065
5231,ETNOL,1,0.00034,287740,99.19846,290065
5232,eugeneotto,1,0.00034,287741,99.19880,290065
5233,eugenesmlv,1,0.00034,287742,99.19915,290065
5234,evanbattaglia,1,0.00034,287743,99.19949,290065
5235,evanfuture,1,0.00034,287744,99.19983,290065
5236,evanlucas,1,0.00034,287745,99.20018,290065
5237,evanshortiss,1,0.00034,287746,99.20052,290065
5238,eventualbuddha,1,0.00034,287747,99.20087,290065
5239,evolvah,1,0.00034,287748,99.20121,290065
5240,ewannema,1,0.00034,287749,99.20156,290065
5241,ExalDraen,1,0.00034,287750,99.20190,290065
5242,exalted,1,0.00034,287751,99.20225,290065
5243,ezhlobo,1,0.00034,287752,99.20259,290065
5244,ezze,1,0.00034,287753,99.20294,290065
5245,faazshift,1,0.00034,287754,99.20328,290065
5246,fabdouglas,1,0.00034,287755,99.20363,290065
5247,fabienrenaud,1,0.00034,287756,99.20397,290065
5248,fabiomcosta,1,0.00034,287757,99.20432,290065
5249,fanofxiaofeng,1,0.00034,287758,99.20466,290065
5250,faressoft,1,0.00034,287759,99.20501,290065
5251,faridfor,1,0.00034,287760,99.20535,290065
5252,farnabaz,1,0.00034,287761,99.20570,290065
5253,farrago,1,0.00034,287762,99.20604,290065
5254,FarSeeing,1,0.00034,287763,99.20638,290065
5255,fatcerberus,1,0.00034,287764,99.20673,290065
5256,fatfisz,1,0.00034,287765,99.20707,290065
5257,fatosmorina,1,0.00034,287766,99.20742,290065
5258,fazlerocks,1,0.00034,287767,99.20776,290065
5259,fb55,1,0.00034,287768,99.20811,290065
5260,fbaeta,1,0.00034,287769,99.20845,290065
5261,fdaciuk,1,0.00034,287770,99.20880,290065
5262,fearphage,1,0.00034,287771,99.20914,290065
5263,federicojasson,1,0.00034,287772,99.20949,290065
5264,fedochet,1,0.00034,287773,99.20983,290065
5265,fedyk,1,0.00034,287774,99.21018,290065
5266,FelipeAdorno,1,0.00034,287775,99.21052,290065
5267,felixbuenemann,1,0.00034,287776,99.21087,290065
5268,felixfbecker,1,0.00034,287777,99.21121,290065
5269,ferstl,1,0.00034,287778,99.21156,290065
5270,fetis,1,0.00034,287779,99.21190,290065
5271,ffoodd,1,0.00034,287780,99.21225,290065
5272,fgnass,1,0.00034,287781,99.21259,290065
5273,fhalde,1,0.00034,287782,99.21294,290065
5274,fhinkel,1,0.00034,287783,99.21328,290065
5275,fictitious,1,0.00034,287784,99.21362,290065
5276,findepi,1,0.00034,287785,99.21397,290065
5277,finnigantime,1,0.00034,287786,99.21431,290065
5278,fitiskin,1,0.00034,287787,99.21466,290065
5279,fizmax,1,0.00034,287788,99.21500,290065
5280,fiznool,1,0.00034,287789,99.21535,290065
5281,fk,1,0.00034,287790,99.21569,290065
5282,flcdrg,1,0.00034,287791,99.21604,290065
5283,FLGMwt,1,0.00034,287792,99.21638,290065
5284,floppym,1,0.00034,287793,99.21673,290065
5285,Floriferous,1,0.00034,287794,99.21707,290065
5286,FlorisXll,1,0.00034,287795,99.21742,290065
5287,flotwig,1,0.00034,287796,99.21776,290065
5288,flozano,1,0.00034,287797,99.21811,290065
5289,flozz,1,0.00034,287798,99.21845,290065
5290,flugger,1,0.00034,287799,99.21880,290065
5291,flut1,1,0.00034,287800,99.21914,290065
5292,fmoo,1,0.00034,287801,99.21949,290065
5293,foladipo,1,0.00034,287802,99.21983,290065
5294,forforeach,1,0.00034,287803,99.22017,290065
5295,formido,1,0.00034,287804,99.22052,290065
5296,forsberg,1,0.00034,287805,99.22086,290065
5297,fouadnashat,1,0.00034,287806,99.22121,290065
5298,fourcolors,1,0.00034,287807,99.22155,290065
5299,fourcube,1,0.00034,287808,99.22190,290065
5300,FourwingsY,1,0.00034,287809,99.22224,290065
5301,framp,1,0.00034,287810,99.22259,290065
5302,francescoinfante,1,0.00034,287811,99.22293,290065
5303,francoiscote,1,0.00034,287812,99.22328,290065
5304,frangio,1,0.00034,287813,99.22362,290065
5305,frankbuckley,1,0.00034,287814,99.22397,290065
5306,frankie567,1,0.00034,287815,99.22431,290065
5307,frankier,1,0.00034,287816,99.22466,290065
5308,FrankPeschel-Gallee,1,0.00034,287817,99.22500,290065
5309,frankwallis,1,0.00034,287818,99.22535,290065
5310,frasertweedale,1,0.00034,287819,99.22569,290065
5311,frbncis,1,0.00034,287820,99.22604,290065
5312,freddyrangel,1,0.00034,287821,99.22638,290065
5313,fredeil,1,0.00034,287822,99.22673,290065
5314,FRedEnergy,1,0.00034,287823,99.22707,290065
5315,frederfred,1,0.00034,287824,99.22741,290065
5316,frederickfogerty,1,0.00034,287825,99.22776,290065
5317,frederikbosch,1,0.00034,287826,99.22810,290065
5318,FreezyLemon,1,0.00034,287827,99.22845,290065
5319,fregante,1,0.00034,287828,99.22879,290065
5320,frewsxcv,1,0.00034,287829,99.22914,290065
5321,fricci,1,0.00034,287830,99.22948,290065
5322,fritx,1,0.00034,287831,99.22983,290065
5323,frob,1,0.00034,287832,99.23017,290065
5324,fromheten,1,0.00034,287833,99.23052,290065
5325,frux,1,0.00034,287834,99.23086,290065
5326,frxnz,1,0.00034,287835,99.23121,290065
5327,fryn,1,0.00034,287836,99.23155,290065
5328,frystpingvin,1,0.00034,287837,99.23190,290065
5329,fsateler,1,0.00034,287838,99.23224,290065
5330,fsbatista,1,0.00034,287839,99.23259,290065
5331,FSou1,1,0.00034,287840,99.23293,290065
5332,fubar-coder,1,0.00034,287841,99.23328,290065
5333,fultonm,1,0.00034,287842,99.23362,290065
5334,FumiyaShibusawa,1,0.00034,287843,99.23396,290065
5335,funklos,1,0.00034,287844,99.23431,290065
5336,fureweb-com,1,0.00034,287845,99.23465,290065
5337,fvictorio,1,0.00034,287846,99.23500,290065
5338,Fyers,1,0.00034,287847,99.23534,290065
5339,G100g,1,0.00034,287848,99.23569,290065
5340,Gaafar,1,0.00034,287849,99.23603,290065
5341,Gabb1995,1,0.00034,287850,99.23638,290065
5342,gabegorelick,1,0.00034,287851,99.23672,290065
5343,gabelevi,1,0.00034,287852,99.23707,290065
5344,gabrielmcoelho,1,0.00034,287853,99.23741,290065
5345,gabskoro,1,0.00034,287854,99.23776,290065
5346,gafter,1,0.00034,287855,99.23810,290065
5347,gaganis,1,0.00034,287856,99.23845,290065
5348,gallatin,1,0.00034,287857,99.23879,290065
5349,gamtiq,1,0.00034,287858,99.23914,290065
5350,gaplo917,1,0.00034,287859,99.23948,290065
5351,garbles,1,0.00034,287860,99.23983,290065
5352,gardiac2002,1,0.00034,287861,99.24017,290065
5353,gareth-robinson,1,0.00034,287862,99.24052,290065
5354,GarethSmall,1,0.00034,287863,99.24086,290065
5355,garrypolley,1,0.00034,287864,99.24120,290065
5356,garthk,1,0.00034,287865,99.24155,290065
5357,garyiwu,1,0.00034,287866,99.24189,290065
5358,Gary-Zh,1,0.00034,287867,99.24224,290065
5359,gaspard,1,0.00034,287868,99.24258,290065
5360,gaurav,1,0.00034,287869,99.24293,290065
5361,gavacho,1,0.00034,287870,99.24327,290065
5362,gcangussu,1,0.00034,287871,99.24362,290065
5363,gclaramunt,1,0.00034,287872,99.24396,290065
5364,gdh1995,1,0.00034,287873,99.24431,290065
5365,geckon,1,0.00034,287874,99.24465,290065
5366,geek,1,0.00034,287875,99.24500,290065
5367,gef756,1,0.00034,287876,99.24534,290065
5368,genepaul,1,0.00034,287877,99.24569,290065
5369,gentoo90,1,0.00034,287878,99.24603,290065
5370,geobde,1,0.00034,287879,99.24638,290065
5371,geoffrey,1,0.00034,287880,99.24672,290065
5372,ge-o-rg,1,0.00034,287881,99.24707,290065
5373,GeorgeGkas,1,0.00034,287882,99.24741,290065
5374,george-ranjan,1,0.00034,287883,99.24775,290065
5375,geraldolsribeiro,1,0.00034,287884,99.24810,290065
5376,GerjanOnline,1,0.00034,287885,99.24844,290065
5377,germ13,1,0.00034,287886,99.24879,290065
5378,gesellix,1,0.00034,287887,99.24913,290065
5379,geskill,1,0.00034,287888,99.24948,290065
5380,getaaron,1,0.00034,287889,99.24982,290065
5381,getkey,1,0.00034,287890,99.25017,290065
5382,gettinToasty,1,0.00034,287891,99.25051,290065
5383,gfx,1,0.00034,287892,99.25086,290065
5384,ghandhikus,1,0.00034,287893,99.25120,290065
5385,ght,1,0.00034,287894,99.25155,290065
5386,Gi11i4m,1,0.00034,287895,99.25189,290065
5387,giacomocerquone,1,0.00034,287896,99.25224,290065
5388,giamir,1,0.00034,287897,99.25258,290065
5389,GianlucaGuarini,1,0.00034,287898,99.25293,290065
5390,gibfahn,1,0.00034,287899,99.25327,290065
5391,gilbarbara,1,0.00034,287900,99.25362,290065
5392,gilbox,1,0.00034,287901,99.25396,290065
5393,gildean,1,0.00034,287902,99.25431,290065
5394,giltayar,1,0.00034,287903,99.25465,290065
5395,Ginden,1,0.00034,287904,99.25499,290065
5396,gingur,1,0.00034,287905,99.25534,290065
5397,Ginkooo,1,0.00034,287906,99.25568,290065
5398,Giorgi,1,0.00034,287907,99.25603,290065
5399,girtsernstsons,1,0.00034,287908,99.25637,290065
5400,gitgrimbo,1,0.00034,287909,99.25672,290065
5401,gitlabbin,1,0.00034,287910,99.25706,290065
5402,GiuseppePiscopo,1,0.00034,287911,99.25741,290065
5403,gj,1,0.00034,287912,99.25775,290065
5404,gkal19,1,0.00034,287913,99.25810,290065
5405,gkatsev,1,0.00034,287914,99.25844,290065
5406,gknauth,1,0.00034,287915,99.25879,290065
5407,glasperfan,1,0.00034,287916,99.25913,290065
5408,Glavin001,1,0.00034,287917,99.25948,290065
5409,glena,1,0.00034,287918,99.25982,290065
5410,glensc,1,0.00034,287919,99.26017,290065
5411,Globegitter,1,0.00034,287920,99.26051,290065
5412,glorieux-f,1,0.00034,287921,99.26086,290065
5413,glouischandra,1,0.00034,287922,99.26120,290065
5414,GlulkAlex,1,0.00034,287923,99.26154,290065
5415,gmaclennan,1,0.00034,287924,99.26189,290065
5416,gmcquistin,1,0.00034,287925,99.26223,290065
5417,gnowland,1,0.00034,287926,99.26258,290065
5418,godban,1,0.00034,287927,99.26292,290065
5419,gokaco,1,0.00034,287928,99.26327,290065
5420,gokaygurcan,1,0.00034,287929,99.26361,290065
5421,golear91,1,0.00034,287930,99.26396,290065
5422,goleary,1,0.00034,287931,99.26430,290065
5423,Gommorach,1,0.00034,287932,99.26465,290065
5424,gonzojive,1,0.00034,287933,99.26499,290065
5425,gortok,1,0.00034,287934,99.26534,290065
5426,gouch,1,0.00034,287935,99.26568,290065
5427,govert,1,0.00034,287936,99.26603,290065
5428,goyney,1,0.00034,287937,99.26637,290065
5429,grahamedgecombe,1,0.00034,287938,99.26672,290065
5430,GrahamWalters,1,0.00034,287939,99.26706,290065
5431,Granjow,1,0.00034,287940,99.26741,290065
5432,grantcarthew,1,0.00034,287941,99.26775,290065
5433,grassator,1,0.00034,287942,99.26810,290065
5434,greatjack1,1,0.00034,287943,99.26844,290065
5435,Green-Bug,1,0.00034,287944,99.26878,290065
5436,Gregory-Bell,1,0.00034,287945,99.26913,290065
5437,gregrperkins,1,0.00034,287946,99.26947,290065
5438,gregsheremeta,1,0.00034,287947,99.26982,290065
5439,gregtyler,1,0.00034,287948,99.27016,290065
5440,grgur,1,0.00034,287949,99.27051,290065
5441,grooverdan,1,0.00034,287950,99.27085,290065
5442,grushetsky,1,0.00034,287951,99.27120,290065
5443,gtanner,1,0.00034,287952,99.27154,290065
5444,gugu,1,0.00034,287953,99.27189,290065
5445,guicar,1,0.00034,287954,99.27223,290065
5446,guillaumebriday,1,0.00034,287955,99.27258,290065
5447,guptasourabh,1,0.00034,287956,99.27292,290065
5448,gurisko,1,0.00034,287957,99.27327,290065
5449,gusaiani,1,0.00034,287958,99.27361,290065
5450,gusgard,1,0.00034,287959,99.27396,290065
5451,gustavomazzoni,1,0.00034,287960,99.27430,290065
5452,gutsytechster,1,0.00034,287961,99.27465,290065
5453,guyellis,1,0.00034,287962,99.27499,290065
5454,gvangool,1,0.00034,287963,99.27533,290065
5455,gwelr,1,0.00034,287964,99.27568,290065
5456,Gwerlas,1,0.00034,287965,99.27602,290065
5457,gwhenne,1,0.00034,287966,99.27637,290065
5458,gwmccull,1,0.00034,287967,99.27671,290065
5459,gyandeeps,1,0.00034,287968,99.27706,290065
5460,gypsydave5,1,0.00034,287969,99.27740,290065
5461,GyrosGeier,1,0.00034,287970,99.27775,290065
5462,ha404,1,0.00034,287971,99.27809,290065
5463,haf,1,0.00034,287972,99.27844,290065
5464,hakanostrom,1,0.00034,287973,99.27878,290065
5465,HakurouKen,1,0.00034,287974,99.27913,290065
5466,halex2005,1,0.00034,287975,99.27947,290065
5467,hamlim,1,0.00034,287976,99.27982,290065
5468,handrews,1,0.00034,287977,99.28016,290065
5469,happylolonly,1,0.00034,287978,99.28051,290065
5470,hareshambaliya,1,0.00034,287979,99.28085,290065
5471,harningt,1,0.00034,287980,99.28120,290065
5472,harriha,1,0.00034,287981,99.28154,290065
5473,HarrisonJackson,1,0.00034,287982,99.28189,290065
5474,hasegao,1,0.00034,287983,99.28223,290065
5475,hashplus,1,0.00034,287984,99.28257,290065
5476,haskellcamargo,1,0.00034,287985,99.28292,290065
5477,havenchyk,1,0.00034,287986,99.28326,290065
5478,Hawkeye1909,1,0.00034,287987,99.28361,290065
5479,hayawata3626,1,0.00034,287988,99.28395,290065
5480,haydnhkim,1,0.00034,287989,99.28430,290065
5481,hazzik,1,0.00034,287990,99.28464,290065
5482,h-des,1,0.00034,287991,99.28499,290065
5483,hdeshev,1,0.00034,287992,99.28533,290065
5484,hedgepigdaniel,1,0.00034,287993,99.28568,290065
5485,hedgerh,1,0.00034,287994,99.28602,290065
5486,heidid,1,0.00034,287995,99.28637,290065
5487,hejld,1,0.00034,287996,99.28671,290065
5488,hekar,1,0.00034,287997,99.28706,290065
5489,hekike,1,0.00034,287998,99.28740,290065
5490,helios1101,1,0.00034,287999,99.28775,290065
5491,heloflier,1,0.00034,288000,99.28809,290065
5492,Hendeca,1,0.00034,288001,99.28844,290065
5493,hendrikebbers,1,0.00034,288002,99.28878,290065
5494,hendrysadrak,1,0.00034,288003,99.28912,290065
5495,henkmollema,1,0.00034,288004,99.28947,290065
5496,henrik,1,0.00034,288005,99.28981,290065
5497,HermanEldering,1,0.00034,288006,99.29016,290065
5498,herrkris,1,0.00034,288007,99.29050,290065
5499,HershVar,1,0.00034,288008,99.29085,290065
5500,hessmjr,1,0.00034,288009,99.29119,290065
5501,heyamykate,1,0.00034,288010,99.29154,290065
5502,heygrady,1,0.00034,288011,99.29188,290065
5503,heyMP,1,0.00034,288012,99.29223,290065
5504,hile,1,0.00034,288013,99.29257,290065
5505,hillelcoren,1,0.00034,288014,99.29292,290065
5506,Hirse,1,0.00034,288015,99.29326,290065
5507,hitstergtd,1,0.00034,288016,99.29361,290065
5508,hiyosi,1,0.00034,288017,99.29395,290065
5509,hmarr,1,0.00034,288018,99.29430,290065
5510,hmble,1,0.00034,288019,99.29464,290065
5511,hogart,1,0.00034,288020,99.29499,290065
5512,HoldYourWaffle,1,0.00034,288021,99.29533,290065
5513,holm,1,0.00034,288022,99.29568,290065
5514,homeworkprod,1,0.00034,288023,99.29602,290065
5515,Hongarc,1,0.00034,288024,99.29636,290065
5516,hongliang5316,1,0.00034,288025,99.29671,290065
5517,honzi,1,0.00034,288026,99.29705,290065
5518,hoobdeebla,1,0.00034,288027,99.29740,290065
5519,Hookyns,1,0.00034,288028,99.29774,290065
5520,hosamaly,1,0.00034,288029,99.29809,290065
5521,hosembafer,1,0.00034,288030,99.29843,290065
5522,hotaru355,1,0.00034,288031,99.29878,290065
5523,Hotell,1,0.00034,288032,99.29912,290065
5524,hoyMS,1,0.00034,288033,99.29947,290065
5525,hozefaj,1,0.00034,288034,99.29981,290065
5526,hquan,1,0.00034,288035,99.30016,290065
5527,hqzxzwb,1,0.00034,288036,99.30050,290065
5528,hrldcpr,1,0.00034,288037,99.30085,290065
5529,hshankar,1,0.00034,288038,99.30119,290065
5530,Huachao,1,0.00034,288039,99.30154,290065
5531,huang47,1,0.00034,288040,99.30188,290065
5532,Hunrik,1,0.00034,288041,99.30223,290065
5533,HurricaneJames,1,0.00034,288042,99.30257,290065
5534,huww98,1,0.00034,288043,99.30291,290065
5535,huxi,1,0.00034,288044,99.30326,290065
5536,hver,1,0.00034,288045,99.30360,290065
5537,hvrauhal,1,0.00034,288046,99.30395,290065
5538,hweeks,1,0.00034,288047,99.30429,290065
5539,hwesol13,1,0.00034,288048,99.30464,290065
5540,hxuanhung,1,0.00034,288049,99.30498,290065
5541,Hypercubed,1,0.00034,288050,99.30533,290065
5542,iamakulov,1,0.00034,288051,99.30567,290065
5543,iam-merlin,1,0.00034,288052,99.30602,290065
5544,iammerrick,1,0.00034,288053,99.30636,290065
5545,iamplugged,1,0.00034,288054,99.30671,290065
5546,iamravenous,1,0.00034,288055,99.30705,290065
5547,iamstiil,1,0.00034,288056,99.30740,290065
5548,iancmyers,1,0.00034,288057,99.30774,290065
5549,ianstormtaylor,1,0.00034,288058,99.30809,290065
5550,ibnesayeed,1,0.00034,288059,99.30843,290065
5551,ibnIrshad,1,0.00034,288060,99.30878,290065
5552,ibrahimpg,1,0.00034,288061,99.30912,290065
5553,ibriq,1,0.00034,288062,99.30947,290065
5554,idangozlan,1,0.00034,288063,99.30981,290065
5555,iDemonix,1,0.00034,288064,99.31015,290065
5556,idirouhab,1,0.00034,288065,99.31050,290065
5557,idmontie,1,0.00034,288066,99.31084,290065
5558,ienzam,1,0.00034,288067,99.31119,290065
5559,ifyoumakeit,1,0.00034,288068,99.31153,290065
5560,ignacioiglesias,1,0.00034,288069,99.31188,290065
5561,ignasne,1,0.00034,288070,99.31222,290065
5562,igncp,1,0.00034,288071,99.31257,290065
5563,igorgolovanov,1,0.00034,288072,99.31291,290065
5564,IgorMiller,1,0.00034,288073,99.31326,290065
5565,igor-savin-ht,1,0.00034,288074,99.31360,290065
5566,igor-susic,1,0.00034,288075,99.31395,290065
5567,ijuma,1,0.00034,288076,99.31429,290065
5568,ikea-dless,1,0.00034,288077,99.31464,290065
5569,iKevinY,1,0.00034,288078,99.31498,290065
5570,ikourfaln,1,0.00034,288079,99.31533,290065
5571,ileontiuc,1,0.00034,288080,99.31567,290065
5572,ilgrosso,1,0.00034,288081,99.31602,290065
5573,iluxonchik,1,0.00034,288082,99.31636,290065
5574,IlyaBiryukov,1,0.00034,288083,99.31670,290065
5575,IlyaGrebnov,1,0.00034,288084,99.31705,290065
5576,ilyapx,1,0.00034,288085,99.31739,290065
5577,imbolo,1,0.00034,288086,99.31774,290065
5578,imbstack,1,0.00034,288087,99.31808,290065
5579,imdevin567,1,0.00034,288088,99.31843,290065
5580,imysak,1,0.00034,288089,99.31877,290065
5581,ineuwirth,1,0.00034,288090,99.31912,290065
5582,InfoHunter,1,0.00034,288091,99.31946,290065
5583,infused,1,0.00034,288092,99.31981,290065
5584,inglesp,1,0.00034,288093,99.32015,290065
5585,ingvarc,1,0.00034,288094,99.32050,290065
5586,Iniesta8,1,0.00034,288095,99.32084,290065
5587,inikulin,1,0.00034,288096,99.32119,290065
5588,insanity54,1,0.00034,288097,99.32153,290065
5589,insfrag,1,0.00034,288098,99.32188,290065
5590,Interfere,1,0.00034,288099,99.32222,290065
5591,intronic,1,0.00034,288100,99.32257,290065
5592,inversion,1,0.00034,288101,99.32291,290065
5593,InvertedAcceleration,1,0.00034,288102,99.32326,290065
5594,io7m,1,0.00034,288103,99.32360,290065
5595,IOAyman,1,0.00034,288104,99.32394,290065
5596,ioss,1,0.00034,288105,99.32429,290065
5597,iphands,1,0.00034,288106,99.32463,290065
5598,ipolevoy,1,0.00034,288107,99.32498,290065
5599,isabellatea,1,0.00034,288108,99.32532,290065
5600,isaiahnields,1,0.00034,288109,99.32567,290065
5601,iskilled,1,0.00034,288110,99.32601,290065
5602,islanderman,1,0.00034,288111,99.32636,290065
5603,ismailarilik,1,0.00034,288112,99.32670,290065
5604,ismamz,1,0.00034,288113,99.32705,290065
5605,isnotinvain,1,0.00034,288114,99.32739,290065
5606,isTravis,1,0.00034,288115,99.32774,290065
5607,italopessoa,1,0.00034,288116,99.32808,290065
5608,ITonyLi,1,0.00034,288117,99.32843,290065
5609,ivandevp,1,0.00034,288118,99.32877,290065
5610,ivangabriele,1,0.00034,288119,99.32912,290065
5611,IvanGoncharov,1,0.00034,288120,99.32946,290065
5612,Ivan-Kalatchev,1,0.00034,288121,99.32981,290065
5613,IvanVergiliev,1,0.00034,288122,99.33015,290065
5614,IVLIU,1,0.00034,288123,99.33049,290065
5615,ivogabe,1,0.00034,288124,99.33084,290065
5616,ixalon,1,0.00034,288125,99.33118,290065
5617,izakfilmalter,1,0.00034,288126,99.33153,290065
5618,izeigerman,1,0.00034,288127,99.33187,290065
5619,izeye,1,0.00034,288128,99.33222,290065
5620,j14s,1,0.00034,288129,99.33256,290065
5621,jacenko,1,0.00034,288130,99.33291,290065
5622,jack4it,1,0.00034,288131,99.33325,290065
5623,jackiewung,1,0.00034,288132,99.33360,290065
5624,jackkoenig,1,0.00034,288133,99.33394,290065
5625,jacksdrobinson,1,0.00034,288134,99.33429,290065
5626,jackspaniel,1,0.00034,288135,99.33463,290065
5627,JackuB,1,0.00034,288136,99.33498,290065
5628,jackwanders,1,0.00034,288137,99.33532,290065
5629,Jack-Works,1,0.00034,288138,99.33567,290065
5630,jacobangel,1,0.00034,288139,99.33601,290065
5631,jacobrossi,1,0.00034,288140,99.33636,290065
5632,jacobwindsor,1,0.00034,288141,99.33670,290065
5633,jacopofar,1,0.00034,288142,99.33705,290065
5634,jaens,1,0.00034,288143,99.33739,290065
5635,JAFong,1,0.00034,288144,99.33773,290065
5636,jaimeagudo,1,0.00034,288145,99.33808,290065
5637,jakemingolla,1,0.00034,288146,99.33842,290065
5638,jakepetroules,1,0.00034,288147,99.33877,290065
5639,jaller94,1,0.00034,288148,99.33911,290065
5640,jamesarosen,1,0.00034,288149,99.33946,290065
5641,JamesCropcho,1,0.00034,288150,99.33980,290065
5642,James-E-Adams,1,0.00034,288151,99.34015,290065
5643,jamesevickery,1,0.00034,288152,99.34049,290065
5644,jameslaneconkling,1,0.00034,288153,99.34084,290065
5645,jamesmosier,1,0.00034,288154,99.34118,290065
5646,jamesr73,1,0.00034,288155,99.34153,290065
5647,jamesreggio,1,0.00034,288156,99.34187,290065
5648,jamiebuilds,1,0.00034,288157,99.34222,290065
5649,jamischarles,1,0.00034,288158,99.34256,290065
5650,janaagaard75,1,0.00034,288159,99.34291,290065
5651,janderudder,1,0.00034,288160,99.34325,290065
5652,jankal,1,0.00034,288161,99.34360,290065
5653,JanMalch,1,0.00034,288162,99.34394,290065
5654,janno-p,1,0.00034,288163,99.34428,290065
5655,Janpot,1,0.00034,288164,99.34463,290065
5656,janraasch,1,0.00034,288165,99.34497,290065
5657,japgolly,1,0.00034,288166,99.34532,290065
5658,jardilio,1,0.00034,288167,99.34566,290065
5659,jaredcacurak,1,0.00034,288168,99.34601,290065
5660,jaredcnance,1,0.00034,288169,99.34635,290065
5661,Jared-Dev,1,0.00034,288170,99.34670,290065
5662,jaredsuttles,1,0.00034,288171,99.34704,290065
5663,jareware,1,0.00034,288172,99.34739,290065
5664,jarstingstall,1,0.00034,288173,99.34773,290065
5665,jashook,1,0.00034,288174,99.34808,290065
5666,Jas-n,1,0.00034,288175,99.34842,290065
5667,jasonclinx,1,0.00034,288176,99.34877,290065
5668,jasongrout,1,0.00034,288177,99.34911,290065
5669,jasonly,1,0.00034,288178,99.34946,290065
5670,jasonmerino,1,0.00034,288179,99.34980,290065
5671,JasonMing,1,0.00034,288180,99.35015,290065
5672,jasononeil,1,0.00034,288181,99.35049,290065
5673,jasonslyvia,1,0.00034,288182,99.35084,290065
5674,jasperSpeicher,1,0.00034,288183,99.35118,290065
5675,jaubourg,1,0.00034,288184,99.35152,290065
5676,javabrett,1,0.00034,288185,99.35187,290065
5677,javadev,1,0.00034,288186,99.35221,290065
5678,javespi,1,0.00034,288187,99.35256,290065
5679,javiercejudo,1,0.00034,288188,99.35290,290065
5680,jaw187,1,0.00034,288189,99.35325,290065
5681,jawish,1,0.00034,288190,99.35359,290065
5682,jawn,1,0.00034,288191,99.35394,290065
5683,jay98014,1,0.00034,288192,99.35428,290065
5684,jayeb,1,0.00034,288193,99.35463,290065
5685,jayeszee,1,0.00034,288194,99.35497,290065
5686,JaysonRaymond,1,0.00034,288195,99.35532,290065
5687,jbasney,1,0.00034,288196,99.35566,290065
5688,jberry93,1,0.00034,288197,99.35601,290065
5689,jbleduigou,1,0.00034,288198,99.35635,290065
5690,jbmoelker,1,0.00034,288199,99.35670,290065
5691,jbogard,1,0.00034,288200,99.35704,290065
5692,jbojcic1,1,0.00034,288201,99.35739,290065
5693,jbrower2,1,0.00034,288202,99.35773,290065
5694,jbrudvik,1,0.00034,288203,99.35807,290065
5695,jcdickinson,1,0.00034,288204,99.35842,290065
5696,jch,1,0.00034,288205,99.35876,290065
5697,jchook,1,0.00034,288206,99.35911,290065
5698,jcroll,1,0.00034,288207,99.35945,290065
5699,jcruz2us,1,0.00034,288208,99.35980,290065
5700,jct-amzn,1,0.00034,288209,99.36014,290065
5701,jde1,1,0.00034,288210,99.36049,290065
5702,jden,1,0.00034,288211,99.36083,290065
5703,jdom,1,0.00034,288212,99.36118,290065
5704,jdreesen,1,0.00034,288213,99.36152,290065
5705,jdspugh,1,0.00034,288214,99.36187,290065
5706,jeduan,1,0.00034,288215,99.36221,290065
5707,jeffbski,1,0.00034,288216,99.36256,290065
5708,jeffcharles,1,0.00034,288217,99.36290,290065
5709,jefffriesen,1,0.00034,288218,99.36325,290065
5710,jeffkole,1,0.00034,288219,99.36359,290065
5711,jeffmahoney,1,0.00034,288220,99.36394,290065
5712,jeffnelson,1,0.00034,288221,99.36428,290065
5713,jeffrey4l,1,0.00034,288222,99.36463,290065
5714,jegtnes,1,0.00034,288223,99.36497,290065
5715,jehadja,1,0.00034,288224,99.36531,290065
5716,jehon,1,0.00034,288225,99.36566,290065
5717,jeltz,1,0.00034,288226,99.36600,290065
5718,jendib,1,0.00034,288227,99.36635,290065
5719,jennifer-shehane,1,0.00034,288228,99.36669,290065
5720,jensenbox,1,0.00034,288229,99.36704,290065
5721,jeremy-deutsch,1,0.00034,288230,99.36738,290065
5722,jeremy-w,1,0.00034,288231,99.36773,290065
5723,jerodsanto,1,0.00034,288232,99.36807,290065
5724,jeromepl,1,0.00034,288233,99.36842,290065
5725,jesperll,1,0.00034,288234,99.36876,290065
5726,jesperronn,1,0.00034,288235,99.36911,290065
5727,jessica-dl,1,0.00034,288236,99.36945,290065
5728,jettcalleja,1,0.00034,288237,99.36980,290065
5729,jf17,1,0.00034,288238,99.37014,290065
5730,jfairbank,1,0.00034,288239,99.37049,290065
5731,jfurie,1,0.00034,288240,99.37083,290065
5732,jhalickman,1,0.00034,288241,99.37118,290065
5733,jha-naman,1,0.00034,288242,99.37152,290065
5734,jhecking,1,0.00034,288243,99.37186,290065
5735,jhen0409,1,0.00034,288244,99.37221,290065
5736,jhicken,1,0.00034,288245,99.37255,290065
5737,jhickson,1,0.00034,288246,99.37290,290065
5738,jhuang314,1,0.00034,288247,99.37324,290065
5739,jibbajabba,1,0.00034,288248,99.37359,290065
5740,jimbrowne,1,0.00034,288249,99.37393,290065
5741,jimf,1,0.00034,288250,99.37428,290065
5742,JimTheMan,1,0.00034,288251,99.37462,290065
5743,jintoppy,1,0.00034,288252,99.37497,290065
5744,JinxiuLee,1,0.00034,288253,99.37531,290065
5745,jiria,1,0.00034,288254,99.37566,290065
5746,JitixPhotobox,1,0.00034,288255,99.37600,290065
5747,jjingrong,1,0.00034,288256,99.37635,290065
5748,jjlharrison,1,0.00034,288257,99.37669,290065
5749,jjohannes,1,0.00034,288258,99.37704,290065
5750,jjoselv,1,0.00034,288259,99.37738,290065
5751,jkitchin,1,0.00034,288260,99.37773,290065
5752,jldec,1,0.00034,288261,99.37807,290065
5753,jlewicki,1,0.00034,288262,99.37842,290065
5754,jlolling,1,0.00034,288263,99.37876,290065
5755,jludvice,1,0.00034,288264,99.37910,290065
5756,jmartin84,1,0.00034,288265,99.37945,290065
5757,jmg87,1,0.00034,288266,99.37979,290065
5758,JMounier,1,0.00034,288267,99.38014,290065
5759,jmsv,1,0.00034,288268,99.38048,290065
5760,jmthibault79,1,0.00034,288269,99.38083,290065
5761,jmventura,1,0.00034,288270,99.38117,290065
5762,jnfingerle,1,0.00034,288271,99.38152,290065
5763,JoachimVandersmissen,1,0.00034,288272,99.38186,290065
5764,joankaradimov,1,0.00034,288273,99.38221,290065
5765,jobeland,1,0.00034,288274,99.38255,290065
5766,joefraley,1,0.00034,288275,99.38290,290065
5767,joelbrewer,1,0.00034,288276,99.38324,290065
5768,joeldenning,1,0.00034,288277,99.38359,290065
5769,joelgallant,1,0.00034,288278,99.38393,290065
5770,joelittlejohn,1,0.00034,288279,99.38428,290065
5771,JoelOtter,1,0.00034,288280,99.38462,290065
5772,joelseq,1,0.00034,288281,99.38497,290065
5773,joepie91,1,0.00034,288282,99.38531,290065
5774,joestein,1,0.00034,288283,99.38565,290065
5775,JoeyBurzynski,1,0.00034,288284,99.38600,290065
5776,JoeZheng2015,1,0.00034,288285,99.38634,290065
5777,johanhenrikssn,1,0.00034,288286,99.38669,290065
5778,johanlelan,1,0.00034,288287,99.38703,290065
5779,johanneslumpe,1,0.00034,288288,99.38738,290065
5780,johannesschaefer,1,0.00034,288289,99.38772,290065
5781,johanneswuerbach,1,0.00034,288290,99.38807,290065
5782,JohnAlbin,1,0.00034,288291,99.38841,290065
5783,johncrisostomo,1,0.00034,288292,99.38876,290065
5784,john-d-pelingo,1,0.00034,288293,99.38910,290065
5785,johnjacobkenny,1,0.00034,288294,99.38945,290065
5786,johnjelinek,1,0.00034,288295,99.38979,290065
5787,johnlinp,1,0.00034,288296,99.39014,290065
5788,JohnMacAslan,1,0.00034,288297,99.39048,290065
5789,johnpapa,1,0.00034,288298,99.39083,290065
5790,johnryan,1,0.00034,288299,99.39117,290065
5791,johnthecat,1,0.00034,288300,99.39152,290065
5792,Jokero,1,0.00034,288301,99.39186,290065
5793,jomeier,1,0.00034,288302,99.39221,290065
5794,jon301,1,0.00034,288303,99.39255,290065
5795,jonashdown,1,0.00034,288304,99.39289,290065
5796,jonathathan,1,0.00034,288305,99.39324,290065
5797,jondubois,1,0.00034,288306,99.39358,290065
5798,jonekdahl,1,0.00034,288307,99.39393,290065
5799,jonfortescue,1,0.00034,288308,99.39427,290065
5800,jonganc,1,0.00034,288309,99.39462,290065
5801,JonnyIncognito,1,0.00034,288310,99.39496,290065
5802,jonorossi,1,0.00034,288311,99.39531,290065
5803,JonRimmer,1,0.00034,288312,99.39565,290065
5804,jontejj,1,0.00034,288313,99.39600,290065
5805,joordas,1,0.00034,288314,99.39634,290065
5806,joost-de-vries,1,0.00034,288315,99.39669,290065
5807,jordalgo,1,0.00034,288316,99.39703,290065
5808,jordangray,1,0.00034,288317,99.39738,290065
5809,jordanhendricks,1,0.00034,288318,99.39772,290065
5810,jorgebay,1,0.00034,288319,99.39807,290065
5811,jorrit-wehelp,1,0.00034,288320,99.39841,290065
5812,joschi,1,0.00034,288321,99.39876,290065
5813,josdea,1,0.00034,288322,99.39910,290065
5814,jose4125,1,0.00034,288323,99.39944,290065
5815,Jose-CF,1,0.00034,288324,99.39979,290065
5816,josecolella,1,0.00034,288325,99.40013,290065
5817,JosephAmalfitanoSSA,1,0.00034,288326,99.40048,290065
5818,josephlbarnett,1,0.00034,288327,99.40082,290065
5819,JosephWoodward,1,0.00034,288328,99.40117,290065
5820,joshbambrick,1,0.00034,288329,99.40151,290065
5821,joshk,1,0.00034,288330,99.40186,290065
5822,joshomccarty,1,0.00034,288331,99.40220,290065
5823,JoshSGman,1,0.00034,288332,99.40255,290065
5824,joshuago,1,0.00034,288333,99.40289,290065
5825,joshunger,1,0.00034,288334,99.40324,290065
5826,joshushua,1,0.00034,288335,99.40358,290065
5827,joshux,1,0.00034,288336,99.40393,290065
5828,JoshWillik,1,0.00034,288337,99.40427,290065
5829,josiasmontag,1,0.00034,288338,99.40462,290065
5830,joyeecheung,1,0.00034,288339,99.40496,290065
5831,joymufeng,1,0.00034,288340,99.40531,290065
5832,jparise,1,0.00034,288341,99.40565,290065
5833,jpaugh,1,0.00034,288342,99.40600,290065
5834,jpiccari,1,0.00034,288343,99.40634,290065
5835,jpierson,1,0.00034,288344,99.40668,290065
5836,jpoon,1,0.00034,288345,99.40703,290065
5837,JProgrammer,1,0.00034,288346,99.40737,290065
5838,jpwiddy,1,0.00034,288347,99.40772,290065
5839,jramosf,1,0.00034,288348,99.40806,290065
5840,jrgm,1,0.00034,288349,99.40841,290065
5841,jrjrguo,1,0.00034,288350,99.40875,290065
5842,jrnail23,1,0.00034,288351,99.40910,290065
5843,jrtom,1,0.00034,288352,99.40944,290065
5844,jsampson,1,0.00034,288353,99.40979,290065
5845,jsamr,1,0.00034,288354,99.41013,290065
5846,jschaf,1,0.00034,288355,99.41048,290065
5847,jsdevel,1,0.00034,288356,99.41082,290065
5848,jsdf,1,0.00034,288357,99.41117,290065
5849,jsha,1,0.00034,288358,99.41151,290065
5850,jshoudy11,1,0.00034,288359,99.41186,290065
5851,jskierbi,1,0.00034,288360,99.41220,290065
5852,jsong0605,1,0.00034,288361,99.41255,290065
5853,jsonmaur,1,0.00034,288362,99.41289,290065
5854,jstamerj,1,0.00034,288363,99.41323,290065
5855,jstoja,1,0.00034,288364,99.41358,290065
5856,jstrutz,1,0.00034,288365,99.41392,290065
5857,jsumners,1,0.00034,288366,99.41427,290065
5858,jtattermusch,1,0.00034,288367,99.41461,290065
5859,jtbandes,1,0.00034,288368,99.41496,290065
5860,jtcrowson,1,0.00034,288369,99.41530,290065
5861,jthelin,1,0.00034,288370,99.41565,290065
5862,jtmalinowski,1,0.00034,288371,99.41599,290065
5863,jtrumbull,1,0.00034,288372,99.41634,290065
5864,jtwebman,1,0.00034,288373,99.41668,290065
5865,juancho1,1,0.00034,288374,99.41703,290065
5866,JuanjoSalvador,1,0.00034,288375,99.41737,290065
5867,juanpablo-santos,1,0.00034,288376,99.41772,290065
5868,jub3i,1,0.00034,288377,99.41806,290065
5869,judikdavid,1,0.00034,288378,99.41841,290065
5870,juliankrispel,1,0.00034,288379,99.41875,290065
5871,juliuszsompolski,1,0.00034,288380,99.41910,290065
5872,junajan,1,0.00034,288381,99.41944,290065
5873,junosuarez,1,0.00034,288382,99.41979,290065
5874,JustArchi,1,0.00034,288383,99.42013,290065
5875,JustBlackBird,1,0.00034,288384,99.42047,290065
5876,justinmchase,1,0.00034,288385,99.42082,290065
5877,JustinTRoss,1,0.00034,288386,99.42116,290065
5878,jvanoostveen,1,0.00034,288387,99.42151,290065
5879,jvelo,1,0.00034,288388,99.42185,290065
5880,jvican,1,0.00034,288389,99.42220,290065
5881,jviereck,1,0.00034,288390,99.42254,290065
5882,jviotti,1,0.00034,288391,99.42289,290065
5883,jw-00000,1,0.00034,288392,99.42323,290065
5884,jwcarman,1,0.00034,288393,99.42358,290065
5885,jwKimo,1,0.00034,288394,99.42392,290065
5886,jwkratz,1,0.00034,288395,99.42427,290065
5887,JWTappert,1,0.00034,288396,99.42461,290065
5888,jyoungyun,1,0.00034,288397,99.42496,290065
5889,jysoo,1,0.00034,288398,99.42530,290065
5890,jyterencekim,1,0.00034,288399,99.42565,290065
5891,jzabroski,1,0.00034,288400,99.42599,290065
5892,jzischkau,1,0.00034,288401,99.42634,290065
5893,k0st1x,1,0.00034,288402,99.42668,290065
5894,k1988,1,0.00034,288403,99.42702,290065
5895,kaeku,1,0.00034,288404,99.42737,290065
5896,kafein,1,0.00034,288405,99.42771,290065
5897,kahunacohen,1,0.00034,288406,99.42806,290065
5898,kaie,1,0.00034,288407,99.42840,290065
5899,kaiyuanw,1,0.00034,288408,99.42875,290065
5900,kamioftea,1,0.00034,288409,99.42909,290065
5901,Kamshak,1,0.00034,288410,99.42944,290065
5902,kandros,1,0.00034,288411,99.42978,290065
5903,kannanekanath,1,0.00034,288412,99.43013,290065
5904,kant,1,0.00034,288413,99.43047,290065
5905,kant2002,1,0.00034,288414,99.43082,290065
5906,KaoruToda,1,0.00034,288415,99.43116,290065
5907,kapilgorve,1,0.00034,288416,99.43151,290065
5908,kapooostin,1,0.00034,288417,99.43185,290065
5909,karanjariwala,1,0.00034,288418,99.43220,290065
5910,karanjthakkar,1,0.00034,288419,99.43254,290065
5911,karataev,1,0.00034,288420,99.43289,290065
5912,karlnorling,1,0.00034,288421,99.43323,290065
5913,karlpatrickespiritu,1,0.00034,288422,99.43358,290065
5914,kartiklad,1,0.00034,288423,99.43392,290065
5915,kassemsandarusi,1,0.00034,288424,99.43426,290065
5916,kassens,1,0.00034,288425,99.43461,290065
5917,kasunt84,1,0.00034,288426,99.43495,290065
5918,katemihalikova,1,0.00034,288427,99.43530,290065
5919,katzoo,1,0.00034,288428,99.43564,290065
5920,Kaushik1987,1,0.00034,288429,99.43599,290065
5921,kaylangan,1,0.00034,288430,99.43633,290065
5922,kazssym,1,0.00034,288431,99.43668,290065
5923,kazuki229,1,0.00034,288432,99.43702,290065
5924,kbariotis,1,0.00034,288433,99.43737,290065
5925,kbrgl,1,0.00034,288434,99.43771,290065
5926,k-cheng,1,0.00034,288435,99.43806,290065
5927,keigo,1,0.00034,288436,99.43840,290065
5928,keinkonzept,1,0.00034,288437,99.43875,290065
5929,keirog,1,0.00034,288438,99.43909,290065
5930,kellypleahy,1,0.00034,288439,99.43944,290065
5931,kellyrmilligan,1,0.00034,288440,99.43978,290065
5932,kenhowardpdx,1,0.00034,288441,99.44013,290065
5933,kennynaoh,1,0.00034,288442,99.44047,290065
5934,kenperkins,1,0.00034,288443,99.44081,290065
5935,kenrota,1,0.00034,288444,99.44116,290065
5936,kepta,1,0.00034,288445,99.44150,290065
5937,kesne,1,0.00034,288446,99.44185,290065
5938,ketan-gote,1,0.00034,288447,99.44219,290065
5939,kevin940726,1,0.00034,288448,99.44254,290065
5940,Kevinci,1,0.00034,288449,99.44288,290065
5941,kevincupp,1,0.00034,288450,99.44323,290065
5942,kevin-david,1,0.00034,288451,99.44357,290065
5943,kevinkassimo,1,0.00034,288452,99.44392,290065
5944,kevinmost,1,0.00034,288453,99.44426,290065
5945,kevinrobinson,1,0.00034,288454,99.44461,290065
5946,kevinsawicki,1,0.00034,288455,99.44495,290065
5947,KevinTCoughlin,1,0.00034,288456,99.44530,290065
5948,kevinwestern,1,0.00034,288457,99.44564,290065
5949,KeweiCodes,1,0.00034,288458,99.44599,290065
5950,keyten,1,0.00034,288459,99.44633,290065
5951,khernyo,1,0.00034,288460,99.44668,290065
5952,Khez,1,0.00034,288461,99.44702,290065
5953,kidonng,1,0.00034,288462,99.44737,290065
5954,kilianc,1,0.00034,288463,99.44771,290065
5955,kilida,1,0.00034,288464,99.44805,290065
5956,KillaBee1985,1,0.00034,288465,99.44840,290065
5957,KillWolfVlad,1,0.00034,288466,99.44874,290065
5958,kilotaras,1,0.00034,288467,99.44909,290065
5959,kimmobrunfeldt,1,0.00034,288468,99.44943,290065
5960,KindDragon,1,0.00034,288469,99.44978,290065
5961,kini,1,0.00034,288470,99.45012,290065
5962,kira1928,1,0.00034,288471,99.45047,290065
5963,kirill-konshin,1,0.00034,288472,99.45081,290065
5964,KirillOsenkov,1,0.00034,288473,99.45116,290065
5965,kirill-vlasov,1,0.00034,288474,99.45150,290065
5966,kitsonk,1,0.00034,288475,99.45185,290065
5967,kjivan,1,0.00034,288476,99.45219,290065
5968,klamping,1,0.00034,288477,99.45254,290065
5969,klausbayrhammer,1,0.00034,288478,99.45288,290065
5970,klemenoslaj,1,0.00034,288479,99.45323,290065
5971,klippx,1,0.00034,288480,99.45357,290065
5972,klis87,1,0.00034,288481,99.45392,290065
5973,klopfdreh,1,0.00034,288482,99.45426,290065
5974,Kmaschta,1,0.00034,288483,99.45461,290065
5975,Knagis,1,0.00034,288484,99.45495,290065
5976,knjk04,1,0.00034,288485,99.45529,290065
5977,kno10,1,0.00034,288486,99.45564,290065
5978,knpwrs,1,0.00034,288487,99.45598,290065
5979,kobayashi,1,0.00034,288488,99.45633,290065
5980,kohashi,1,0.00034,288489,99.45667,290065
5981,koh-taka,1,0.00034,288490,99.45702,290065
5982,koistya,1,0.00034,288491,99.45736,290065
5983,kolomiichenko,1,0.00034,288492,99.45771,290065
5984,kon-shou,1,0.00034,288493,99.45805,290065
5985,KonstaL,1,0.00034,288494,99.45840,290065
5986,konteck,1,0.00034,288495,99.45874,290065
5987,koopero,1,0.00034,288496,99.45909,290065
5988,kootoopas,1,0.00034,288497,99.45943,290065
5989,kopylovvlad,1,0.00034,288498,99.45978,290065
5990,koraytugay,1,0.00034,288499,99.46012,290065
5991,koto,1,0.00034,288500,99.46047,290065
5992,kp96,1,0.00034,288501,99.46081,290065
5993,krenor,1,0.00034,288502,99.46116,290065
5994,Kristof-Mattei,1,0.00034,288503,99.46150,290065
5995,KristofMorva,1,0.00034,288504,99.46184,290065
5996,krosenberg,1,0.00034,288505,99.46219,290065
5997,krotscheck,1,0.00034,288506,99.46253,290065
5998,kryogenic,1,0.00034,288507,99.46288,290065
5999,kryops,1,0.00034,288508,99.46322,290065
6000,krzywiecki,1,0.00034,288509,99.46357,290065
6001,k-schneider,1,0.00034,288510,99.46391,290065
6002,ksheedlo,1,0.00034,288511,99.46426,290065
6003,kshetline,1,0.00034,288512,99.46460,290065
6004,kshitijb,1,0.00034,288513,99.46495,290065
6005,ksloan,1,0.00034,288514,99.46529,290065
6006,ksnabb,1,0.00034,288515,99.46564,290065
6007,kspearrin,1,0.00034,288516,99.46598,290065
6008,KSXGitHub,1,0.00034,288517,99.46633,290065
6009,ku8ar,1,0.00034,288518,99.46667,290065
6010,kubosho,1,0.00034,288519,99.46702,290065
6011,kuhlenh,1,0.00034,288520,99.46736,290065
6012,kuitos,1,0.00034,288521,99.46771,290065
6013,kukat,1,0.00034,288522,99.46805,290065
6014,kukjevov,1,0.00034,288523,99.46840,290065
6015,Kundan28,1,0.00034,288524,99.46874,290065
6016,kusold,1,0.00034,288525,99.46908,290065
6017,kvochko,1,0.00034,288526,99.46943,290065
6018,kwelch,1,0.00034,288527,99.46977,290065
6019,kwizzn,1,0.00034,288528,99.47012,290065
6020,kybetter,1,0.00034,288529,99.47046,290065
6021,kyoz,1,0.00034,288530,99.47081,290065
6022,laat,1,0.00034,288531,99.47115,290065
6023,lahmatiy,1,0.00034,288532,99.47150,290065
6024,lambdageek,1,0.00034,288533,99.47184,290065
6025,lambdista,1,0.00034,288534,99.47219,290065
6026,lamby,1,0.00034,288535,99.47253,290065
6027,lamo2k123,1,0.00034,288536,99.47288,290065
6028,Lange,1,0.00034,288537,99.47322,290065
6029,larrywest42,1,0.00034,288538,99.47357,290065
6030,larsrh,1,0.00034,288539,99.47391,290065
6031,Lasering,1,0.00034,288540,99.47426,290065
6032,lashad,1,0.00034,288541,99.47460,290065
6033,laurawalker,1,0.00034,288542,99.47495,290065
6034,laurentgoudet,1,0.00034,288543,99.47529,290065
6035,laurentkempe,1,0.00034,288544,99.47563,290065
6036,lauriejones,1,0.00034,288545,99.47598,290065
6037,laurio,1,0.00034,288546,99.47632,290065
6038,lazarljubenovic,1,0.00034,288547,99.47667,290065
6039,lazaroalvarenga,1,0.00034,288548,99.47701,290065
6040,lbesson,1,0.00034,288549,99.47736,290065
6041,lbogdan,1,0.00034,288550,99.47770,290065
6042,lbragaglia,1,0.00034,288551,99.47805,290065
6043,lcoote,1,0.00034,288552,99.47839,290065
6044,lddubeau,1,0.00034,288553,99.47874,290065
6045,ledbit,1,0.00034,288554,99.47908,290065
6046,lehni,1,0.00034,288555,99.47943,290065
6047,leibale,1,0.00034,288556,99.47977,290065
6048,leidegre,1,0.00034,288557,99.48012,290065
6049,leighsn,1,0.00034,288558,99.48046,290065
6050,leipert,1,0.00034,288559,99.48081,290065
6051,lenisha,1,0.00034,288560,99.48115,290065
6052,lennym,1,0.00034,288561,99.48150,290065
6053,lenovouser,1,0.00034,288562,99.48184,290065
6054,leocaseiro,1,0.00034,288563,99.48219,290065
6055,LeoColomb,1,0.00034,288564,99.48253,290065
6056,leoger,1,0.00034,288565,99.48287,290065
6057,leonardodino,1,0.00034,288566,99.48322,290065
6058,leongjiameng,1,0.00034,288567,99.48356,290065
6059,leoselig,1,0.00034,288568,99.48391,290065
6060,leosvelperez,1,0.00034,288569,99.48425,290065
6061,leothorp,1,0.00034,288570,99.48460,290065
6062,leotsarev,1,0.00034,288571,99.48494,290065
6063,leppie,1,0.00034,288572,99.48529,290065
6064,lersek,1,0.00034,288573,99.48563,290065
6065,letiemble,1,0.00034,288574,99.48598,290065
6066,leventov,1,0.00034,288575,99.48632,290065
6067,levibotelho,1,0.00034,288576,99.48667,290065
6068,LeviticusMB,1,0.00034,288577,99.48701,290065
6069,lewurm,1,0.00034,288578,99.48736,290065
6070,lex111,1,0.00034,288579,99.48770,290065
6071,lfaraone,1,0.00034,288580,99.48805,290065
6072,lgaticaq,1,0.00034,288581,99.48839,290065
6073,lgieron,1,0.00034,288582,99.48874,290065
6074,lgraubner,1,0.00034,288583,99.48908,290065
6075,liady,1,0.00034,288584,99.48942,290065
6076,LichKing-lee,1,0.00034,288585,99.48977,290065
6077,lielfr,1,0.00034,288586,99.49011,290065
6078,Liero,1,0.00034,288587,99.49046,290065
6079,lifeisfoo,1,0.00034,288588,99.49080,290065
6080,lifuhuang,1,0.00034,288589,99.49115,290065
6081,lifus,1,0.00034,288590,99.49149,290065
6082,lillo42,1,0.00034,288591,99.49184,290065
6083,Linard11,1,0.00034,288592,99.49218,290065
6084,lindboe,1,0.00034,288593,99.49253,290065
6085,link-alex,1,0.00034,288594,99.49287,290065
6086,lioman,1,0.00034,288595,99.49322,290065
6087,lionello,1,0.00034,288596,99.49356,290065
6088,liorcode,1,0.00034,288597,99.49391,290065
6089,liranc,1,0.00034,288598,99.49425,290065
6090,liry,1,0.00034,288599,99.49460,290065
6091,lisapfisterer,1,0.00034,288600,99.49494,290065
6092,liudongmiao,1,0.00034,288601,99.49529,290065
6093,liuhelen10,1,0.00034,288602,99.49563,290065
6094,liutao,1,0.00034,288603,99.49598,290065
6095,lix059,1,0.00034,288604,99.49632,290065
6096,LKI,1,0.00034,288605,99.49666,290065
6097,llekn,1,0.00034,288606,99.49701,290065
6098,lm1,1,0.00034,288607,99.49735,290065
6099,lndbrg,1,0.00034,288608,99.49770,290065
6100,lobster2012-user,1,0.00034,288609,99.49804,290065
6101,logiclrd,1,0.00034,288610,99.49839,290065
6102,loilo,1,0.00034,288611,99.49873,290065
6103,Lokua,1,0.00034,288612,99.49908,290065
6104,lopezcjf,1,0.00034,288613,99.49942,290065
6105,LordMike,1,0.00034,288614,99.49977,290065
6106,lorenzph,1,0.00034,288615,99.50011,290065
6107,LotharOfTheHillPeople,1,0.00034,288616,99.50046,290065
6108,LPTK,1,0.00034,288617,99.50080,290065
6109,lrstanley,1,0.00034,288618,99.50115,290065
6110,ls-guillaume-rebesche,1,0.00034,288619,99.50149,290065
6111,LTMenezes,1,0.00034,288620,99.50184,290065
6112,luanmuniz,1,0.00034,288621,99.50218,290065
6113,luanpotter,1,0.00034,288622,99.50253,290065
6114,lucalas,1,0.00034,288623,99.50287,290065
6115,luciferous,1,0.00034,288624,99.50321,290065
6116,Ludevik,1,0.00034,288625,99.50356,290065
6117,ludovicofischer,1,0.00034,288626,99.50390,290065
6118,ludovicoforace,1,0.00034,288627,99.50425,290065
6119,ludvigsen,1,0.00034,288628,99.50459,290065
6120,luislobo,1,0.00034,288629,99.50494,290065
6121,lukas-lansky,1,0.00034,288630,99.50528,290065
6122,lukechilds,1,0.00034,288631,99.50563,290065
6123,lukecwik,1,0.00034,288632,99.50597,290065
6124,lukeed,1,0.00034,288633,99.50632,290065
6125,lukemcgregor,1,0.00034,288634,99.50666,290065
6126,lukepolo,1,0.00034,288635,99.50701,290065
6127,lukewagner,1,0.00034,288636,99.50735,290065
6128,luohao-brian,1,0.00034,288637,99.50770,290065
6129,lusarz,1,0.00034,288638,99.50804,290065
6130,Lusitaniae,1,0.00034,288639,99.50839,290065
6131,lutovich,1,0.00034,288640,99.50873,290065
6132,lvivski,1,0.00034,288641,99.50908,290065
6133,lvzhenbang,1,0.00034,288642,99.50942,290065
6134,lx1036,1,0.00034,288643,99.50977,290065
6135,lydell,1,0.00034,288644,99.51011,290065
6136,lylek,1,0.00034,288645,99.51045,290065
6137,lyzahn2,1,0.00034,288646,99.51080,290065
6138,lzybkr,1,0.00034,288647,99.51114,290065
6139,m0xb,1,0.00034,288648,99.51149,290065
6140,m1guelpf,1,0.00034,288649,99.51183,290065
6141,m1neral,1,0.00034,288650,99.51218,290065
6142,m59peacemaker,1,0.00034,288651,99.51252,290065
6143,machaval,1,0.00034,288652,99.51287,290065
6144,Maciek416,1,0.00034,288653,99.51321,290065
6145,madarche,1,0.00034,288654,99.51356,290065
6146,madenwala,1,0.00034,288655,99.51390,290065
6147,MadLittleMods,1,0.00034,288656,99.51425,290065
6148,madrisan,1,0.00034,288657,99.51459,290065
6149,magicdawn,1,0.00034,288658,99.51494,290065
6150,MagicDuck,1,0.00034,288659,99.51528,290065
6151,magnudae,1,0.00034,288660,99.51563,290065
6152,magro,1,0.00034,288661,99.51597,290065
6153,maherbeg,1,0.00034,288662,99.51632,290065
6154,mainakae,1,0.00034,288663,99.51666,290065
6155,Maistho,1,0.00034,288664,99.51700,290065
6156,makrandgupta,1,0.00034,288665,99.51735,290065
6157,maks-rafalko,1,0.00034,288666,99.51769,290065
6158,malfist,1,0.00034,288667,99.51804,290065
6159,Malizor,1,0.00034,288668,99.51838,290065
6160,malthejorgensen,1,0.00034,288669,99.51873,290065
6161,malud,1,0.00034,288670,99.51907,290065
6162,Mamboleoo,1,0.00034,288671,99.51942,290065
6163,Manishearth,1,0.00034,288672,99.51976,290065
6164,ManoelLobo,1,0.00034,288673,99.52011,290065
6165,manonthemat,1,0.00034,288674,99.52045,290065
6166,manospasj,1,0.00034,288675,99.52080,290065
6167,manrueda,1,0.00034,288676,99.52114,290065
6168,manuelkollus,1,0.00034,288677,99.52149,290065
6169,manveru,1,0.00034,288678,99.52183,290065
6170,marado,1,0.00034,288679,99.52218,290065
6171,marbemac,1,0.00034,288680,99.52252,290065
6172,MarcelGerber,1,0.00034,288681,99.52287,290065
6173,marcelometal,1,0.00034,288682,99.52321,290065
6174,marceloverdijk,1,0.00034,288683,99.52356,290065
6175,marchant,1,0.00034,288684,99.52390,290065
6176,marciovicente,1,0.00034,288685,99.52424,290065
6177,marclipovsky,1,0.00034,288686,99.52459,290065
6178,marcoil,1,0.00034,288687,99.52493,290065
6179,Marcono1234,1,0.00034,288688,99.52528,290065
6180,marcoow,1,0.00034,288689,99.52562,290065
6181,marcprux,1,0.00034,288690,99.52597,290065
6182,marcrocny,1,0.00034,288691,99.52631,290065
6183,marcusmolchany,1,0.00034,288692,99.52666,290065
6184,marcuspoehls,1,0.00034,288693,99.52700,290065
6185,marcust,1,0.00034,288694,99.52735,290065
6186,marcuswhybrow,1,0.00034,288695,99.52769,290065
6187,marioestradarosa,1,0.00034,288696,99.52804,290065
6188,marios-zindilis,1,0.00034,288697,99.52838,290065
6189,marjakh,1,0.00034,288698,99.52873,290065
6190,markandrus,1,0.00034,288699,99.52907,290065
6191,MarkArranz,1,0.00034,288700,99.52942,290065
6192,markbirbeck,1,0.00034,288701,99.52976,290065
6193,Marketionist,1,0.00034,288702,99.53011,290065
6194,markhurd,1,0.00034,288703,99.53045,290065
6195,marklagendijk,1,0.00034,288704,99.53079,290065
6196,marko-asplund,1,0.00034,288705,99.53114,290065
6197,markpeterfejes,1,0.00034,288706,99.53148,290065
6198,MarkPflug,1,0.00034,288707,99.53183,290065
6199,MarkPollmann,1,0.00034,288708,99.53217,290065
6200,mark-rushakoff,1,0.00034,288709,99.53252,290065
6201,marksanghoonkim,1,0.00034,288710,99.53286,290065
6202,markshannon,1,0.00034,288711,99.53321,290065
6203,markusjura,1,0.00034,288712,99.53355,290065
6204,marlon360,1,0.00034,288713,99.53390,290065
6205,marlonbarcarol,1,0.00034,288714,99.53424,290065
6206,marlonmleite,1,0.00034,288715,99.53459,290065
6207,marshall007,1,0.00034,288716,99.53493,290065
6208,marthagenaars,1,0.00034,288717,99.53528,290065
6209,MartinKamenov,1,0.00034,288718,99.53562,290065
6210,martinwoodward,1,0.00034,288719,99.53597,290065
6211,martomi,1,0.00034,288720,99.53631,290065
6212,Marv51,1,0.00034,288721,99.53666,290065
6213,masao,1,0.00034,288722,99.53700,290065
6214,masaruh,1,0.00034,288723,99.53735,290065
6215,Maskedman99,1,0.00034,288724,99.53769,290065
6216,masterots,1,0.00034,288725,99.53803,290065
6217,mastojun,1,0.00034,288726,99.53838,290065
6218,matankb,1,0.00034,288727,99.53872,290065
6219,matejstrasek,1,0.00034,288728,99.53907,290065
6220,matheusazzi,1,0.00034,288729,99.53941,290065
6221,matheushf,1,0.00034,288730,99.53976,290065
6222,mathhun,1,0.00034,288731,99.54010,290065
6223,mathiasrw,1,0.00034,288732,99.54045,290065
6224,mathielo,1,0.00034,288733,99.54079,290065
6225,mathisonian,1,0.00034,288734,99.54114,290065
6226,matias-capeletto,1,0.00034,288735,99.54148,290065
6227,MatrixFrog,1,0.00034,288736,99.54183,290065
6228,mattbab,1,0.00034,288737,99.54217,290065
6229,mattbdean,1,0.00034,288738,99.54252,290065
6230,MattCain,1,0.00034,288739,99.54286,290065
6231,MattCBowman,1,0.00034,288740,99.54321,290065
6232,matteason,1,0.00034,288741,99.54355,290065
6233,matthargett,1,0.00034,288742,99.54390,290065
6234,matthauck,1,0.00034,288743,99.54424,290065
6235,matthewayne,1,0.00034,288744,99.54458,290065
6236,matthewcm,1,0.00034,288745,99.54493,290065
6237,matthewdias,1,0.00034,288746,99.54527,290065
6238,matthewloring,1,0.00034,288747,99.54562,290065
6239,MatthieuLemoine,1,0.00034,288748,99.54596,290065
6240,matthijsbreemans,1,0.00034,288749,99.54631,290065
6241,MattiasBuelens,1,0.00034,288750,99.54665,290065
6242,MattKotsenas,1,0.00034,288751,99.54700,290065
6243,mattlubner,1,0.00034,288752,99.54734,290065
6244,MattMcFarland,1,0.00034,288753,99.54769,290065
6245,mattnelson,1,0.00034,288754,99.54803,290065
6246,mattpwhite,1,0.00034,288755,99.54838,290065
6247,MattSturgeon,1,0.00034,288756,99.54872,290065
6248,mauricedb,1,0.00034,288757,99.54907,290065
6249,maxd,1,0.00034,288758,99.54941,290065
6250,MaxHorstmann,1,0.00034,288759,99.54976,290065
6251,MaximRouiller,1,0.00034,288760,99.55010,290065
6252,maxisam,1,0.00034,288761,99.55045,290065
6253,maxkoryukov,1,0.00034,288762,99.55079,290065
6254,maxkostow,1,0.00034,288763,99.55114,290065
6255,max-mykhailenko,1,0.00034,288764,99.55148,290065
6256,MaxShoshin,1,0.00034,288765,99.55182,290065
6257,maxweldsouza,1,0.00034,288766,99.55217,290065
6258,Mazuh,1,0.00034,288767,99.55251,290065
6259,mbad0la,1,0.00034,288768,99.55286,290065
6260,mbeaudru,1,0.00034,288769,99.55320,290065
6261,mborst,1,0.00034,288770,99.55355,290065
6262,mcauser,1,0.00034,288771,99.55389,290065
6263,MCAxiaz,1,0.00034,288772,99.55424,290065
6264,mccbraxton,1,0.00034,288773,99.55458,290065
6265,mches,1,0.00034,288774,99.55493,290065
6266,mciezadlo,1,0.00034,288775,99.55527,290065
6267,mcjlnrtwcz,1,0.00034,288776,99.55562,290065
6268,mdcanham,1,0.00034,288777,99.55596,290065
6269,mderriey,1,0.00034,288778,99.55631,290065
6270,mdisg,1,0.00034,288779,99.55665,290065
6271,mdonoughe,1,0.00034,288780,99.55700,290065
6272,mduu,1,0.00034,288781,99.55734,290065
6273,me89,1,0.00034,288782,99.55769,290065
6274,meatcoder,1,0.00034,288783,99.55803,290065
6275,meatlewis,1,0.00034,288784,99.55837,290065
6276,mehcode,1,0.00034,288785,99.55872,290065
6277,mehrabisajad,1,0.00034,288786,99.55906,290065
6278,meletisf,1,0.00034,288787,99.55941,290065
6279,melloware,1,0.00034,288788,99.55975,290065
6280,melquiadess,1,0.00034,288789,99.56010,290065
6281,memoryhole,1,0.00034,288790,99.56044,290065
6282,mempf,1,0.00034,288791,99.56079,290065
6283,mergebandit,1,0.00034,288792,99.56113,290065
6284,merriam,1,0.00034,288793,99.56148,290065
6285,mesaugat,1,0.00034,288794,99.56182,290065
6286,messense,1,0.00034,288795,99.56217,290065
6287,meteorlxy,1,0.00034,288796,99.56251,290065
6288,mgalante,1,0.00034,288797,99.56286,290065
6289,mgilson,1,0.00034,288798,99.56320,290065
6290,mgiuffrida,1,0.00034,288799,99.56355,290065
6291,mgorabbani,1,0.00034,288800,99.56389,290065
6292,mhassan1,1,0.00034,288801,99.56424,290065
6293,mhils,1,0.00034,288802,99.56458,290065
6294,mholo65,1,0.00034,288803,99.56493,290065
6295,micha149,1,0.00034,288804,99.56527,290065
6296,michaelbjames,1,0.00034,288805,99.56561,290065
6297,MichaelBuerge,1,0.00034,288806,99.56596,290065
6298,michaelcheng924,1,0.00034,288807,99.56630,290065
6299,MichaelEvans,1,0.00034,288808,99.56665,290065
6300,MichaelFoss,1,0.00034,288809,99.56699,290065
6301,michaelhixson,1,0.00034,288810,99.56734,290065
6302,michaeljota,1,0.00034,288811,99.56768,290065
6303,michaelpigg,1,0.00034,288812,99.56803,290065
6304,michaelsavich,1,0.00034,288813,99.56837,290065
6305,michaelthe,1,0.00034,288814,99.56872,290065
6306,MichaHoffmann,1,0.00034,288815,99.56906,290065
6307,michelsalib,1,0.00034,288816,99.56941,290065
6308,Mickael-van-der-Beek,1,0.00034,288817,99.56975,290065
6309,micmro,1,0.00034,288818,99.57010,290065
6310,Micua,1,0.00034,288819,99.57044,290065
6311,miestasmia,1,0.00034,288820,99.57079,290065
6312,MiguelCastillo,1,0.00034,288821,99.57113,290065
6313,migueldeicaza,1,0.00034,288822,99.57148,290065
6314,migueloller,1,0.00034,288823,99.57182,290065
6315,MihaiB,1,0.00034,288824,99.57216,290065
6316,Miha-x64,1,0.00034,288825,99.57251,290065
6317,MihaZupan,1,0.00034,288826,99.57285,290065
6318,Mike96Angelo,1,0.00034,288827,99.57320,290065
6319,mikelseverson,1,0.00034,288828,99.57354,290065
6320,mikemaccana,1,0.00034,288829,99.57389,290065
6321,mike-marcacci,1,0.00034,288830,99.57423,290065
6322,mikenikles,1,0.00034,288831,99.57458,290065
6323,MikevanDongen,1,0.00034,288832,99.57492,290065
6324,mike-weshop,1,0.00034,288833,99.57527,290065
6325,mikexstudios,1,0.00034,288834,99.57561,290065
6326,mikhailshilkov,1,0.00034,288835,99.57596,290065
6327,mikrofusion,1,0.00034,288836,99.57630,290065
6328,milesthedisch,1,0.00034,288837,99.57665,290065
6329,MiltonAkash,1,0.00034,288838,99.57699,290065
6330,Mindstormer619,1,0.00034,288839,99.57734,290065
6331,MingYinLv,1,0.00034,288840,99.57768,290065
6332,minho42,1,0.00034,288841,99.57803,290065
6333,MiniGod,1,0.00034,288842,99.57837,290065
6334,mirekfranc,1,0.00034,288843,99.57872,290065
6335,mirroredge,1,0.00034,288844,99.57906,290065
6336,miserylee,1,0.00034,288845,99.57940,290065
6337,mismith,1,0.00034,288846,99.57975,290065
6338,misogl,1,0.00034,288847,99.58009,290065
6339,miteshaghera,1,0.00034,288848,99.58044,290065
6340,mittcoats,1,0.00034,288849,99.58078,290065
6341,Mixpa,1,0.00034,288850,99.58113,290065
6342,mjawulski,1,0.00034,288851,99.58147,290065
6343,mjedrzejek,1,0.00034,288852,99.58182,290065
6344,mjhasbach,1,0.00034,288853,99.58216,290065
6345,mjpieters,1,0.00034,288854,99.58251,290065
6346,mjw56,1,0.00034,288855,99.58285,290065
6347,mkantor,1,0.00034,288856,99.58320,290065
6348,mkawalec,1,0.00034,288857,99.58354,290065
6349,mklement0,1,0.00034,288858,99.58389,290065
6350,mk-pmb,1,0.00034,288859,99.58423,290065
6351,mkupiniak,1,0.00034,288860,99.58458,290065
6352,m-lautenbach,1,0.00034,288861,99.58492,290065
6353,mleibman,1,0.00034,288862,99.58527,290065
6354,mlewand,1,0.00034,288863,99.58561,290065
6355,mlissner,1,0.00034,288864,99.58595,290065
6356,mlostekk,1,0.00034,288865,99.58630,290065
6357,mmedal,1,0.00034,288866,99.58664,290065
6358,mmimica,1,0.00034,288867,99.58699,290065
6359,mminer,1,0.00034,288868,99.58733,290065
6360,mmis1000,1,0.00034,288869,99.58768,290065
6361,mmorearty,1,0.00034,288870,99.58802,290065
6362,mmoss,1,0.00034,288871,99.58837,290065
6363,mnahkies,1,0.00034,288872,99.58871,290065
6364,mnordick,1,0.00034,288873,99.58906,290065
6365,mnpenner,1,0.00034,288874,99.58940,290065
6366,mnutt,1,0.00034,288875,99.58975,290065
6367,Moeriki,1,0.00034,288876,99.59009,290065
6368,mofr,1,0.00034,288877,99.59044,290065
6369,mohamed-ismat,1,0.00034,288878,99.59078,290065
6370,Mohit21GoJs,1,0.00034,288879,99.59113,290065
6371,moismat,1,0.00034,288880,99.59147,290065
6372,monkeym4ster,1,0.00034,288881,99.59182,290065
6373,mook-as,1,0.00034,288882,99.59216,290065
6374,morissette,1,0.00034,288883,99.59251,290065
6375,morningmemo,1,0.00034,288884,99.59285,290065
6376,morsdyce,1,0.00034,288885,99.59319,290065
6377,MosheZemah,1,0.00034,288886,99.59354,290065
6378,motet-a,1,0.00034,288887,99.59388,290065
6379,motlin,1,0.00034,288888,99.59423,290065
6380,mouadennaciri,1,0.00034,288889,99.59457,290065
6381,mourawaldson,1,0.00034,288890,99.59492,290065
6382,Mozilla-GitHub-Standards,1,0.00034,288891,99.59526,290065
6383,mpabst,1,0.00034,288892,99.59561,290065
6384,mpccolorado,1,0.00034,288893,99.59595,290065
6385,Mpdreamz,1,0.00034,288894,99.59630,290065
6386,mperham,1,0.00034,288895,99.59664,290065
6387,m-przybylski,1,0.00034,288896,99.59699,290065
6388,mrac,1,0.00034,288897,99.59733,290065
6389,mrbar42,1,0.00034,288898,99.59768,290065
6390,mrblackus,1,0.00034,288899,99.59802,290065
6391,MrDesjardins,1,0.00034,288900,99.59837,290065
6392,mrjgreen,1,0.00034,288901,99.59871,290065
6393,mrkev,1,0.00034,288902,99.59906,290065
6394,mrngoitall,1,0.00034,288903,99.59940,290065
6395,mrohr,1,0.00034,288904,99.59974,290065
6396,mr-yamraj,1,0.00034,288905,99.60009,290065
6397,msabramo,1,0.00034,288906,99.60043,290065
6398,msal4,1,0.00034,288907,99.60078,290065
6399,msebire,1,0.00034,288908,99.60112,290065
6400,msemtd,1,0.00034,288909,99.60147,290065
6401,mshaaban088,1,0.00034,288910,99.60181,290065
6402,msmshazan,1,0.00034,288911,99.60216,290065
6403,msrb,1,0.00034,288912,99.60250,290065
6404,msteiger,1,0.00034,288913,99.60285,290065
6405,mstone6769,1,0.00034,288914,99.60319,290065
6406,mszabo-wikia,1,0.00034,288915,99.60354,290065
6407,mtotoWamkwe,1,0.00034,288916,99.60388,290065
6408,mtpetros,1,0.00034,288917,99.60423,290065
6409,munificent,1,0.00034,288918,99.60457,290065
6410,munro,1,0.00034,288919,99.60492,290065
6411,mureinik,1,0.00034,288920,99.60526,290065
6412,murillo128,1,0.00034,288921,99.60561,290065
6413,mvdnbrk,1,0.00034,288922,99.60595,290065
6414,mveitas,1,0.00034,288923,99.60630,290065
6415,mvila,1,0.00034,288924,99.60664,290065
6416,mvitz,1,0.00034,288925,99.60698,290065
6417,mwiencek,1,0.00034,288926,99.60733,290065
6418,m-wilczynski,1,0.00034,288927,99.60767,290065
6419,mwindle,1,0.00034,288928,99.60802,290065
6420,mxstbr,1,0.00034,288929,99.60836,290065
6421,mxviteri,1,0.00034,288930,99.60871,290065
6422,mydea,1,0.00034,288931,99.60905,290065
6423,MYDIH,1,0.00034,288932,99.60940,290065
6424,myshov,1,0.00034,288933,99.60974,290065
6425,mytuny,1,0.00034,288934,99.61009,290065
6426,myungjoo,1,0.00034,288935,99.61043,290065
6427,mzabriskie,1,0.00034,288936,99.61078,290065
6428,mzeddd,1,0.00034,288937,99.61112,290065
6429,mziwisky,1,0.00034,288938,99.61147,290065
6430,n0nick,1,0.00034,288939,99.61181,290065
6431,n1ru4l,1,0.00034,288940,99.61216,290065
6432,nabeelvalley,1,0.00034,288941,99.61250,290065
6433,nacimgoura,1,0.00034,288942,99.61285,290065
6434,nadavkaner,1,0.00034,288943,99.61319,290065
6435,nadavsinai,1,0.00034,288944,99.61353,290065
6436,nadavwe,1,0.00034,288945,99.61388,290065
6437,Naddiseo,1,0.00034,288946,99.61422,290065
6438,nanonyme,1,0.00034,288947,99.61457,290065
6439,naoufal,1,0.00034,288948,99.61491,290065
6440,narainsagar,1,0.00034,288949,99.61526,290065
6441,Nargonath,1,0.00034,288950,99.61560,290065
6442,nasht00,1,0.00034,288951,99.61595,290065
6443,natejlee,1,0.00034,288952,99.61629,290065
6444,natenorberg,1,0.00034,288953,99.61664,290065
6445,Natim,1,0.00034,288954,99.61698,290065
6446,natsid,1,0.00034,288955,99.61733,290065
6447,Nautigsam,1,0.00034,288956,99.61767,290065
6448,navarroaxel,1,0.00034,288957,99.61802,290065
6449,nazrhyn,1,0.00034,288958,99.61836,290065
6450,nbarbettini,1,0.00034,288959,99.61871,290065
6451,nbaztec,1,0.00034,288960,99.61905,290065
6452,nbeckman,1,0.00034,288961,99.61940,290065
6453,nbougalis,1,0.00034,288962,99.61974,290065
6454,ncoghlan,1,0.00034,288963,99.62009,290065
6455,ndelangen,1,0.00034,288964,99.62043,290065
6456,Ne4istb,1,0.00034,288965,99.62077,290065
6457,nealstewart,1,0.00034,288966,99.62112,290065
6458,Neaox,1,0.00034,288967,99.62146,290065
6459,neoziro,1,0.00034,288968,99.62181,290065
6460,Nepomuceno,1,0.00034,288969,99.62215,290065
6461,nerfologist,1,0.00034,288970,99.62250,290065
6462,nertzy,1,0.00034,288971,99.62284,290065
6463,nescalante,1,0.00034,288972,99.62319,290065
6464,netil,1,0.00034,288973,99.62353,290065
6465,Nettsentrisk,1,0.00034,288974,99.62388,290065
6466,neu5,1,0.00034,288975,99.62422,290065
6467,NeuralSandwich,1,0.00034,288976,99.62457,290065
6468,newyork-anthonyng,1,0.00034,288977,99.62491,290065
6469,Nexeuz,1,0.00034,288978,99.62526,290065
6470,neytema,1,0.00034,288979,99.62560,290065
6471,nfcampos,1,0.00034,288980,99.62595,290065
6472,nfer,1,0.00034,288981,99.62629,290065
6473,nfriedly,1,0.00034,288982,99.62664,290065
6474,nfroidure,1,0.00034,288983,99.62698,290065
6475,ngryman,1,0.00034,288984,99.62732,290065
6476,NhatDinh,1,0.00034,288985,99.62767,290065
6477,nhydock,1,0.00034,288986,99.62801,290065
6478,nibblebot,1,0.00034,288987,99.62836,290065
6479,Nicholas-Eng,1,0.00034,288988,99.62870,290065
6480,nicholasserra,1,0.00034,288989,99.62905,290065
6481,nickbalestra,1,0.00034,288990,99.62939,290065
6482,NickCraver,1,0.00034,288991,99.62974,290065
6483,nickdandakis,1,0.00034,288992,99.63008,290065
6484,nickmessing,1,0.00034,288993,99.63043,290065
6485,nickskalkin,1,0.00034,288994,99.63077,290065
6486,nickzelei,1,0.00034,288995,99.63112,290065
6487,NiclasvanEyk,1,0.00034,288996,99.63146,290065
6488,nicoabie,1,0.00034,288997,99.63181,290065
6489,Nicolapps,1,0.00034,288998,99.63215,290065
6490,nictas,1,0.00034,288999,99.63250,290065
6491,niexias,1,0.00034,289000,99.63284,290065
6492,NigelIG,1,0.00034,289001,99.63319,290065
6493,nikai3d,1,0.00034,289002,99.63353,290065
6494,nikolay-fedotov,1,0.00034,289003,99.63388,290065
6495,NikV,1,0.00034,289004,99.63422,290065
6496,niloc132,1,0.00034,289005,99.63456,290065
6497,nilsceberg,1,0.00034,289006,99.63491,290065
6498,Nimelrian,1,0.00034,289007,99.63525,290065
6499,nimerritt,1,0.00034,289008,99.63560,290065
6500,nimish,1,0.00034,289009,99.63594,290065
6501,nishp1,1,0.00034,289010,99.63629,290065
6502,nivs,1,0.00034,289011,99.63663,290065
6503,njb-said,1,0.00034,289012,99.63698,290065
6504,njsubedi,1,0.00034,289013,99.63732,290065
6505,nknapp,1,0.00034,289014,99.63767,290065
6506,nkollar,1,0.00034,289015,99.63801,290065
6507,nkt,1,0.00034,289016,99.63836,290065
6508,nkzawa,1,0.00034,289017,99.63870,290065
6509,nLight,1,0.00034,289018,99.63905,290065
6510,nlouahedj,1,0.00034,289019,99.63939,290065
6511,nmav,1,0.00034,289020,99.63974,290065
6512,nmn,1,0.00034,289021,99.64008,290065
6513,nmschulte,1,0.00034,289022,99.64043,290065
6514,nnuggets,1,0.00034,289023,99.64077,290065
6515,nobezawa,1,0.00034,289024,99.64111,290065
6516,NobodysNightmare,1,0.00034,289025,99.64146,290065
6517,Noitidart,1,0.00034,289026,99.64180,290065
6518,Nolanus,1,0.00034,289027,99.64215,290065
6519,nomadster,1,0.00034,289028,99.64249,290065
6520,noodleswww,1,0.00034,289029,99.64284,290065
6521,noopur-tiwari,1,0.00034,289030,99.64318,290065
6522,norek,1,0.00034,289031,99.64353,290065
6523,nornagon,1,0.00034,289032,99.64387,290065
6524,notslang,1,0.00034,289033,99.64422,290065
6525,nottrobin,1,0.00034,289034,99.64456,290065
6526,noumaans,1,0.00034,289035,99.64491,290065
6527,noyesa,1,0.00034,289036,99.64525,290065
6528,nrinaudo,1,0.00034,289037,99.64560,290065
6529,nsoranzo,1,0.00034,289038,99.64594,290065
6530,nstanard,1,0.00034,289039,99.64629,290065
6531,nstraub,1,0.00034,289040,99.64663,290065
6532,nthcircle,1,0.00034,289041,99.64698,290065
6533,ntherning,1,0.00034,289042,99.64732,290065
6534,NukaPunk,1,0.00034,289043,99.64767,290065
6535,nullvariable,1,0.00034,289044,99.64801,290065
6536,numb86,1,0.00034,289045,99.64835,290065
6537,nurkiewicz,1,0.00034,289046,99.64870,290065
6538,NuSkooler,1,0.00034,289047,99.64904,290065
6539,nusretparlak,1,0.00034,289048,99.64939,290065
6540,NV4RE,1,0.00034,289049,99.64973,290065
6541,nvdh,1,0.00034,289050,99.65008,290065
6542,nykolaslima,1,0.00034,289051,99.65042,290065
6543,nyurik,1,0.00034,289052,99.65077,290065
6544,oburakevych,1,0.00034,289053,99.65111,290065
6545,oconn,1,0.00034,289054,99.65146,290065
6546,oddsson,1,0.00034,289055,99.65180,290065
6547,odedpeer,1,0.00034,289056,99.65215,290065
6548,odysseuscm,1,0.00034,289057,99.65249,290065
6549,odyth,1,0.00034,289058,99.65284,290065
6550,ogix,1,0.00034,289059,99.65318,290065
6551,Oire,1,0.00034,289060,99.65353,290065
6552,okdistribute,1,0.00034,289061,99.65387,290065
6553,okonet,1,0.00034,289062,99.65422,290065
6554,Olafski,1,0.00034,289063,99.65456,290065
6555,oldj,1,0.00034,289064,99.65490,290065
6556,olegafx,1,0.00034,289065,99.65525,290065
6557,OleksiiBondar,1,0.00034,289066,99.65559,290065
6558,olivierlemasle,1,0.00034,289067,99.65594,290065
6559,omerson,1,0.00034,289068,99.65628,290065
6560,omerzach,1,0.00034,289069,99.65663,290065
6561,ompraash,1,0.00034,289070,99.65697,290065
6562,omrsmeh,1,0.00034,289071,99.65732,290065
6563,oneam,1,0.00034,289072,99.65766,290065
6564,onstash,1,0.00034,289073,99.65801,290065
6565,oocx,1,0.00034,289074,99.65835,290065
6566,opinali,1,0.00034,289075,99.65870,290065
6567,oporko,1,0.00034,289076,99.65904,290065
6568,Opticsponge,1,0.00034,289077,99.65939,290065
6569,ORdinarycas,1,0.00034,289078,99.65973,290065
6570,oreissig,1,0.00034,289079,99.66008,290065
6571,orlandohohmeier,1,0.00034,289080,99.66042,290065
6572,osamaq,1,0.00034,289081,99.66077,290065
6573,oscarotero,1,0.00034,289082,99.66111,290065
6574,Oseenix,1,0.00034,289083,99.66146,290065
6575,osman-turan,1,0.00034,289084,99.66180,290065
6576,ossdev07,1,0.00034,289085,99.66214,290065
6577,oughter,1,0.00034,289086,99.66249,290065
6578,ouq77,1,0.00034,289087,99.66283,290065
6579,outofgamut,1,0.00034,289088,99.66318,290065
6580,Ovyerus,1,0.00034,289089,99.66352,290065
6581,owap,1,0.00034,289090,99.66387,290065
6582,owenconti,1,0.00034,289091,99.66421,290065
6583,pahomov,1,0.00034,289092,99.66456,290065
6584,PaitoAnderson,1,0.00034,289093,99.66490,290065
6585,palek,1,0.00034,289094,99.66525,290065
6586,panzj,1,0.00034,289095,99.66559,290065
6587,paolofulgoni,1,0.00034,289096,99.66594,290065
6588,papb,1,0.00034,289097,99.66628,290065
6589,paragi,1,0.00034,289098,99.66663,290065
6590,Parcley,1,0.00034,289099,99.66697,290065
6591,paroga,1,0.00034,289100,99.66732,290065
6592,parrainc,1,0.00034,289101,99.66766,290065
6593,parse,1,0.00034,289102,99.66801,290065
6594,passaro,1,0.00034,289103,99.66835,290065
6595,pataar,1,0.00034,289104,99.66869,290065
6596,patik,1,0.00034,289105,99.66904,290065
6597,patlaughlin,1,0.00034,289106,99.66938,290065
6598,patrickcjh,1,0.00034,289107,99.66973,290065
6599,patriksimek,1,0.00034,289108,99.67007,290065
6600,patriksvensson,1,0.00034,289109,99.67042,290065
6601,patsplat,1,0.00034,289110,99.67076,290065
6602,paul1956,1,0.00034,289111,99.67111,290065
6603,pauldraper,1,0.00034,289112,99.67145,290065
6604,paulirwin,1,0.00034,289113,99.67180,290065
6605,paulkass,1,0.00034,289114,99.67214,290065
6606,paulmanta,1,0.00034,289115,99.67249,290065
6607,paulmelnikow,1,0.00034,289116,99.67283,290065
6608,paulomcnally,1,0.00034,289117,99.67318,290065
6609,paulovieira,1,0.00034,289118,99.67352,290065
6610,paulradzkov,1,0.00034,289119,99.67387,290065
6611,paulshen,1,0.00034,289120,99.67421,290065
6612,paustria,1,0.00034,289121,99.67456,290065
6613,pavel-agarkov,1,0.00034,289122,99.67490,290065
6614,pavolloffay,1,0.00034,289123,99.67525,290065
6615,Pawel-Janik,1,0.00034,289124,99.67559,290065
6616,paxl13,1,0.00034,289125,99.67593,290065
6617,paynoattn,1,0.00034,289126,99.67628,290065
6618,pazguille,1,0.00034,289127,99.67662,290065
6619,pcornelissen,1,0.00034,289128,99.67697,290065
6620,pdiniz13,1,0.00034,289129,99.67731,290065
6621,pearcemerritt,1,0.00034,289130,99.67766,290065
6622,PedroMiguelSS,1,0.00034,289131,99.67800,290065
6623,pedronauck,1,0.00034,289132,99.67835,290065
6624,pedroprado010,1,0.00034,289133,99.67869,290065
6625,pegurnee,1,0.00034,289134,99.67904,290065
6626,peitek,1,0.00034,289135,99.67938,290065
6627,pekeq,1,0.00034,289136,99.67973,290065
6628,peltco,1,0.00034,289137,99.68007,290065
6629,pensivebrian,1,0.00034,289138,99.68042,290065
6630,Pephers,1,0.00034,289139,99.68076,290065
6631,peplin,1,0.00034,289140,99.68111,290065
6632,performantdata,1,0.00034,289141,99.68145,290065
6633,peritpatrio,1,0.00034,289142,99.68180,290065
6634,peteboere,1,0.00034,289143,99.68214,290065
6635,PeteGillin,1,0.00034,289144,99.68248,290065
6636,peterdettman,1,0.00034,289145,99.68283,290065
6637,peterjmag,1,0.00034,289146,99.68317,290065
6638,peter-kehl,1,0.00034,289147,99.68352,290065
6639,peterlenagh,1,0.00034,289148,99.68386,290065
6640,petermbenjamin,1,0.00034,289149,99.68421,290065
6641,petermikitsh,1,0.00034,289150,99.68455,290065
6642,peterthompson,1,0.00034,289151,99.68490,290065
6643,peterwurzinger,1,0.00034,289152,99.68524,290065
6644,pfhayes,1,0.00034,289153,99.68559,290065
6645,pfndesign,1,0.00034,289154,99.68593,290065
6646,pfsmorigo,1,0.00034,289155,99.68628,290065
6647,phanning,1,0.00034,289156,99.68662,290065
6648,phenomnomnominal,1,0.00034,289157,99.68697,290065
6649,philfreo,1,0.00034,289158,99.68731,290065
6650,philipbordallo,1,0.00034,289159,99.68766,290065
6651,Philipp91,1,0.00034,289160,99.68800,290065
6652,philippgille,1,0.00034,289161,99.68835,290065
6653,phillipj,1,0.00034,289162,99.68869,290065
6654,phillipsj,1,0.00034,289163,99.68904,290065
6655,philraj,1,0.00034,289164,99.68938,290065
6656,phoenixbox,1,0.00034,289165,99.68972,290065
6657,phurytw,1,0.00034,289166,99.69007,290065
6658,pi0,1,0.00034,289167,99.69041,290065
6659,Piccirello,1,0.00034,289168,99.69076,290065
6660,PiDelport,1,0.00034,289169,99.69110,290065
6661,pietvandongen,1,0.00034,289170,99.69145,290065
6662,pimverkerk,1,0.00034,289171,99.69179,290065
6663,pingan1927,1,0.00034,289172,99.69214,290065
6664,pingfengafei,1,0.00034,289173,99.69248,290065
6665,pinyin,1,0.00034,289174,99.69283,290065
6666,piotrjurkiewicz,1,0.00034,289175,99.69317,290065
6667,piotros,1,0.00034,289176,99.69352,290065
6668,piotrturski,1,0.00034,289177,99.69386,290065
6669,pirate,1,0.00034,289178,99.69421,290065
6670,pirxpilot,1,0.00034,289179,99.69455,290065
6671,p-jackson,1,0.00034,289180,99.69490,290065
6672,pjbgf,1,0.00034,289181,99.69524,290065
6673,pjhjohn,1,0.00034,289182,99.69559,290065
6674,pjmonks,1,0.00034,289183,99.69593,290065
6675,pkallos,1,0.00034,289184,99.69627,290065
6676,PKief,1,0.00034,289185,99.69662,290065
6677,pkukol,1,0.00034,289186,99.69696,290065
6678,plaes,1,0.00034,289187,99.69731,290065
6679,platinumazure,1,0.00034,289188,99.69765,290065
6680,platosha,1,0.00034,289189,99.69800,290065
6681,pletcher,1,0.00034,289190,99.69834,290065
6682,plokhotnyuk,1,0.00034,289191,99.69869,290065
6683,plroebuck,1,0.00034,289192,99.69903,290065
6684,plumpNation,1,0.00034,289193,99.69938,290065
6685,pmeerw,1,0.00034,289194,99.69972,290065
6686,pobri19,1,0.00034,289195,99.70007,290065
6687,poeschko,1,0.00034,289196,99.70041,290065
6688,poislagarde,1,0.00034,289197,99.70076,290065
6689,poison,1,0.00034,289198,99.70110,290065
6690,poldridge,1,0.00034,289199,99.70145,290065
6691,PolinaRodimova,1,0.00034,289200,99.70179,290065
6692,polpo,1,0.00034,289201,99.70214,290065
6693,polybuildr,1,0.00034,289202,99.70248,290065
6694,portolucas,1,0.00034,289203,99.70283,290065
6695,postama,1,0.00034,289204,99.70317,290065
6696,posva,1,0.00034,289205,99.70351,290065
6697,potmo,1,0.00034,289206,99.70386,290065
6698,pranjalk,1,0.00034,289207,99.70420,290065
6699,praveen912,1,0.00034,289208,99.70455,290065
6700,praveenn-vbi,1,0.00034,289209,99.70489,290065
6701,praveenpuglia,1,0.00034,289210,99.70524,290065
6702,prempalsingh,1,0.00034,289211,99.70558,290065
6703,primarilysoftware,1,0.00034,289212,99.70593,290065
6704,princemaple,1,0.00034,289213,99.70627,290065
6705,pRizz,1,0.00034,289214,99.70662,290065
6706,proflayton,1,0.00034,289215,99.70696,290065
6707,propensive,1,0.00034,289216,99.70731,290065
6708,protyposis,1,0.00034,289217,99.70765,290065
6709,prtksxna,1,0.00034,289218,99.70800,290065
6710,psachs21,1,0.00034,289219,99.70834,290065
6711,psibi,1,0.00034,289220,99.70869,290065
6712,psteitz,1,0.00034,289221,99.70903,290065
6713,ptrain,1,0.00034,289222,99.70938,290065
6714,puku0x,1,0.00034,289223,99.70972,290065
6715,pulasthibandara,1,0.00034,289224,99.71006,290065
6716,puradox,1,0.00034,289225,99.71041,290065
6717,pvanderlinden,1,0.00034,289226,99.71075,290065
6718,Pvanhesteren,1,0.00034,289227,99.71110,290065
6719,pvoisin,1,0.00034,289228,99.71144,290065
6720,pyliaorachel,1,0.00034,289229,99.71179,290065
6721,PyroSA,1,0.00034,289230,99.71213,290065
6722,qerub,1,0.00034,289231,99.71248,290065
6723,qinix,1,0.00034,289232,99.71282,290065
6724,qix,1,0.00034,289233,99.71317,290065
6725,qlikTERror,1,0.00034,289234,99.71351,290065
6726,qqbuby,1,0.00034,289235,99.71386,290065
6727,qstearns,1,0.00034,289236,99.71420,290065
6728,qubbit,1,0.00034,289237,99.71455,290065
6729,Quogu,1,0.00034,289238,99.71489,290065
6730,QwerMike,1,0.00034,289239,99.71524,290065
6731,qw-in,1,0.00034,289240,99.71558,290065
6732,Qw-in,1,0.00034,289241,99.71593,290065
6733,qwwdfsad,1,0.00034,289242,99.71627,290065
6734,rabryst,1,0.00034,289243,99.71662,290065
6735,radarhere,1,0.00034,289244,99.71696,290065
6736,radiocane,1,0.00034,289245,99.71730,290065
6737,radiovisual,1,0.00034,289246,99.71765,290065
6738,radotzki,1,0.00034,289247,99.71799,290065
6739,rafaelrenanpacheco,1,0.00034,289248,99.71834,290065
6740,rafaelrpinto,1,0.00034,289249,99.71868,290065
6741,rafaelstz,1,0.00034,289250,99.71903,290065
6742,rafrex,1,0.00034,289251,99.71937,290065
6743,Raghavan1993,1,0.00034,289252,99.71972,290065
6744,rah-gupta,1,0.00034,289253,99.72006,290065
6745,rajatsehgal,1,0.00034,289254,99.72041,290065
6746,rakudrama,1,0.00034,289255,99.72075,290065
6747,raleksandar,1,0.00034,289256,99.72110,290065
6748,ralfhandl,1,0.00034,289257,99.72144,290065
6749,ralinc,1,0.00034,289258,99.72179,290065
6750,Ralith,1,0.00034,289259,99.72213,290065
6751,ramaboo,1,0.00034,289260,99.72248,290065
6752,RameshwarapuSanthosh,1,0.00034,289261,99.72282,290065
6753,ramiloif,1,0.00034,289262,99.72317,290065
6754,RandScullard,1,0.00034,289263,99.72351,290065
6755,RaneWallin,1,0.00034,289264,99.72385,290065
6756,Raniz85,1,0.00034,289265,99.72420,290065
6757,Rantanen,1,0.00034,289266,99.72454,290065
6758,ratbeard,1,0.00034,289267,99.72489,290065
6759,ravihamsa,1,0.00034,289268,99.72523,290065
6760,ravipra,1,0.00034,289269,99.72558,290065
6761,rayhatfield,1,0.00034,289270,99.72592,290065
6762,razfriman,1,0.00034,289271,99.72627,290065
6763,rbergman,1,0.00034,289272,99.72661,290065
6764,rcabr,1,0.00034,289273,99.72696,290065
6765,rclanan,1,0.00034,289274,99.72730,290065
6766,rcmurphy,1,0.00034,289275,99.72765,290065
6767,rcombs,1,0.00034,289276,99.72799,290065
6768,rdahbura,1,0.00034,289277,99.72834,290065
6769,rdela,1,0.00034,289278,99.72868,290065
6770,realityforge,1,0.00034,289279,99.72903,290065
6771,red2678,1,0.00034,289280,99.72937,290065
6772,redbmk,1,0.00034,289281,99.72972,290065
6773,redeyes2015,1,0.00034,289282,99.73006,290065
6774,Redouane64,1,0.00034,289283,99.73041,290065
6775,RedTn,1,0.00034,289284,99.73075,290065
6776,reedfeng,1,0.00034,289285,99.73109,290065
6777,reinhapa,1,0.00034,289286,99.73144,290065
6778,Relequestual,1,0.00034,289287,99.73178,290065
6779,rellect,1,0.00034,289288,99.73213,290065
6780,remcoros,1,0.00034,289289,99.73247,290065
6781,remcowesterhoud,1,0.00034,289290,99.73282,290065
6782,RemiBou,1,0.00034,289291,99.73316,290065
6783,remko,1,0.00034,289292,99.73351,290065
6784,renanCaraujo,1,0.00034,289293,99.73385,290065
6785,renanpvaz,1,0.00034,289294,99.73420,290065
6786,renanvalentin,1,0.00034,289295,99.73454,290065
6787,reneweb,1,0.00034,289296,99.73489,290065
6788,renewooller,1,0.00034,289297,99.73523,290065
6789,rentalhost,1,0.00034,289298,99.73558,290065
6790,resure,1,0.00034,289299,99.73592,290065
6791,reviewher,1,0.00034,289300,99.73627,290065
6792,revington,1,0.00034,289301,99.73661,290065
6793,rexxars,1,0.00034,289302,99.73696,290065
6794,rgacogne,1,0.00034,289303,99.73730,290065
6795,rgeraldporter,1,0.00034,289304,99.73765,290065
6796,rgra,1,0.00034,289305,99.73799,290065
6797,rgraffbrd,1,0.00034,289306,99.73833,290065
6798,rhagigi,1,0.00034,289307,99.73868,290065
6799,rhelms,1,0.00034,289308,99.73902,290065
6800,rhmoller,1,0.00034,289309,99.73937,290065
6801,rhysmccaig,1,0.00034,289310,99.73971,290065
6802,RIanDeLaCruz,1,0.00034,289311,99.74006,290065
6803,ricardogama,1,0.00034,289312,99.74040,290065
6804,richardfearn,1,0.00034,289313,99.74075,290065
6805,RichardLitt,1,0.00034,289314,99.74109,290065
6806,RickCraig,1,0.00034,289315,99.74144,290065
6807,ricksbrown,1,0.00034,289316,99.74178,290065
6808,rickyblaha,1,0.00034,289317,99.74213,290065
6809,rickyes,1,0.00034,289318,99.74247,290065
6810,rickyvetter,1,0.00034,289319,99.74282,290065
6811,ricokahler,1,0.00034,289320,99.74316,290065
6812,rigdern,1,0.00034,289321,99.74351,290065
6813,rike422,1,0.00034,289322,99.74385,290065
6814,rise2semi,1,0.00034,289323,99.74420,290065
6815,rishabh-rajgarhia,1,0.00034,289324,99.74454,290065
6816,ritave,1,0.00034,289325,99.74488,290065
6817,riverspirit,1,0.00034,289326,99.74523,290065
6818,rivertam,1,0.00034,289327,99.74557,290065
6819,rjackson-dev-ops,1,0.00034,289328,99.74592,290065
6820,rjamet,1,0.00034,289329,99.74626,290065
6821,rjruizes,1,0.00034,289330,99.74661,290065
6822,rkusa,1,0.00034,289331,99.74695,290065
6823,rmariuzzo,1,0.00034,289332,99.74730,290065
6824,rmg,1,0.00034,289333,99.74764,290065
6825,rmharrison,1,0.00034,289334,99.74799,290065
6826,RMHonor,1,0.00034,289335,99.74833,290065
6827,RobDesideri,1,0.00034,289336,99.74868,290065
6828,robdodson,1,0.00034,289337,99.74902,290065
6829,RobertRad,1,0.00034,289338,99.74937,290065
6830,robinkanters,1,0.00034,289339,99.74971,290065
6831,RobinStephenson,1,0.00034,289340,99.75006,290065
6832,RobJacobs,1,0.00034,289341,99.75040,290065
6833,roblourens,1,0.00034,289342,99.75075,290065
6834,RoboBurned,1,0.00034,289343,99.75109,290065
6835,robosek,1,0.00034,289344,99.75144,290065
6836,roboshoes,1,0.00034,289345,99.75178,290065
6837,robotdan,1,0.00034,289346,99.75212,290065
6838,RobRuana,1,0.00034,289347,99.75247,290065
6839,roccomuso,1,0.00034,289348,99.75281,290065
6840,rochestb,1,0.00034,289349,99.75316,290065
6841,RochesterinNYC,1,0.00034,289350,99.75350,290065
6842,rockymeza,1,0.00034,289351,99.75385,290065
6843,rodrigobdz,1,0.00034,289352,99.75419,290065
6844,rodrigopr,1,0.00034,289353,99.75454,290065
6845,roederja2,1,0.00034,289354,99.75488,290065
6846,roger2hk,1,0.00034,289355,99.75523,290065
6847,RolfKoenders,1,0.00034,289356,99.75557,290065
6848,roman01la,1,0.00034,289357,99.75592,290065
6849,RomanGotsiy,1,0.00034,289358,99.75626,290065
6850,RomanHargrave,1,0.00034,289359,99.75661,290065
6851,roman-mazur,1,0.00034,289360,99.75695,290065
6852,romeovs,1,0.00034,289361,99.75730,290065
6853,rootsher,1,0.00034,289362,99.75764,290065
6854,rose,1,0.00034,289363,99.75799,290065
6855,roseperrone,1,0.00034,289364,99.75833,290065
6856,rossgardt,1,0.00034,289365,99.75867,290065
6857,rossslaney,1,0.00034,289366,99.75902,290065
6858,rouanw,1,0.00034,289367,99.75936,290065
6859,roura356a,1,0.00034,289368,99.75971,290065
6860,rowantran,1,0.00034,289369,99.76005,290065
6861,royipressburger,1,0.00034,289370,99.76040,290065
6862,roymiloh,1,0.00034,289371,99.76074,290065
6863,royteeuwen,1,0.00034,289372,99.76109,290065
6864,rpaterson,1,0.00034,289373,99.76143,290065
6865,rpmcdougall,1,0.00034,289374,99.76178,290065
6866,rpocklin,1,0.00034,289375,99.76212,290065
6867,rpominov,1,0.00034,289376,99.76247,290065
6868,rreusser,1,0.00034,289377,99.76281,290065
6869,rssteffey,1,0.00034,289378,99.76316,290065
6870,rszalski,1,0.00034,289379,99.76350,290065
6871,rtfeldman,1,0.00034,289380,99.76385,290065
6872,rtfpessoa,1,0.00034,289381,99.76419,290065
6873,rtsao,1,0.00034,289382,99.76454,290065
6874,rtstewart,1,0.00034,289383,99.76488,290065
6875,rubennorte,1,0.00034,289384,99.76523,290065
6876,rubycut,1,0.00034,289385,99.76557,290065
6877,RudarDaman,1,0.00034,289386,99.76591,290065
6878,rudolfolah,1,0.00034,289387,99.76626,290065
6879,runeli,1,0.00034,289388,99.76660,290065
6880,Runrioter,1,0.00034,289389,99.76695,290065
6881,ruphin,1,0.00034,289390,99.76729,290065
6882,RuslanPopenko,1,0.00034,289391,99.76764,290065
6883,ruslansennov,1,0.00034,289392,99.76798,290065
6884,russellpwirtz,1,0.00034,289393,99.76833,290065
6885,russgray,1,0.00034,289394,99.76867,290065
6886,RussKeldorph,1,0.00034,289395,99.76902,290065
6887,rwaltenberg,1,0.00034,289396,99.76936,290065
6888,rwieruch,1,0.00034,289397,99.76971,290065
6889,ry8806,1,0.00034,289398,99.77005,290065
6890,ryancyq,1,0.00034,289399,99.77040,290065
6891,ryandivis,1,0.00034,289400,99.77074,290065
6892,ryanwholey,1,0.00034,289401,99.77109,290065
6893,ryan-williams,1,0.00034,289402,99.77143,290065
6894,rybon,1,0.00034,289403,99.77178,290065
6895,ryouaki,1,0.00034,289404,99.77212,290065
6896,RytisLT,1,0.00034,289405,99.77246,290065
6897,S2-,1,0.00034,289406,99.77281,290065
6898,s2-abdo,1,0.00034,289407,99.77315,290065
6899,saadq,1,0.00034,289408,99.77350,290065
6900,saadtazi,1,0.00034,289409,99.77384,290065
6901,saagarjha,1,0.00034,289410,99.77419,290065
6902,saboya,1,0.00034,289411,99.77453,290065
6903,sadhen,1,0.00034,289412,99.77488,290065
6904,SaeedPrez,1,0.00034,289413,99.77522,290065
6905,saifelse,1,0.00034,289414,99.77557,290065
6906,sairion,1,0.00034,289415,99.77591,290065
6907,saiyagg,1,0.00034,289416,99.77626,290065
6908,sajadtorkamani,1,0.00034,289417,99.77660,290065
6909,sakinac,1,0.00034,289418,99.77695,290065
6910,sakoh,1,0.00034,289419,99.77729,290065
6911,salyh,1,0.00034,289420,99.77764,290065
6912,sam09,1,0.00034,289421,99.77798,290065
6913,sambev,1,0.00034,289422,99.77833,290065
6914,samdenty99,1,0.00034,289423,99.77867,290065
6915,samerbuna,1,0.00034,289424,99.77902,290065
6916,samertm,1,0.00034,289425,99.77936,290065
6917,samherrmann,1,0.00034,289426,99.77970,290065
6918,SamHH,1,0.00034,289427,99.78005,290065
6919,samkline,1,0.00034,289428,99.78039,290065
6920,samliebow,1,0.00034,289429,99.78074,290065
6921,sammyhk,1,0.00034,289430,99.78108,290065
6922,samneirinck,1,0.00034,289431,99.78143,290065
6923,samrap,1,0.00034,289432,99.78177,290065
6924,Samsy,1,0.00034,289433,99.78212,290065
6925,samuelkarp,1,0.00034,289434,99.78246,290065
6926,samverneck,1,0.00034,289435,99.78281,290065
6927,sandro-pasquali,1,0.00034,289436,99.78315,290065
6928,sandwichsudo,1,0.00034,289437,99.78350,290065
6929,Sanjo,1,0.00034,289438,99.78384,290065
6930,sanniassin,1,0.00034,289439,99.78419,290065
6931,sanoursa,1,0.00034,289440,99.78453,290065
6932,santiagoaguiar,1,0.00034,289441,99.78488,290065
6933,sarangjo,1,0.00034,289442,99.78522,290065
6934,sarbbottam,1,0.00034,289443,99.78557,290065
6935,SargoDarya,1,0.00034,289444,99.78591,290065
6936,sasivishnu,1,0.00034,289445,99.78625,290065
6937,satansk,1,0.00034,289446,99.78660,290065
6938,satta,1,0.00034,289447,99.78694,290065
6939,saulotoledo,1,0.00034,289448,99.78729,290065
6940,savardc,1,0.00034,289449,99.78763,290065
6941,sa-wilson,1,0.00034,289450,99.78798,290065
6942,sbaechler,1,0.00034,289451,99.78832,290065
6943,sbaudray,1,0.00034,289452,99.78867,290065
6944,sbley,1,0.00034,289453,99.78901,290065
6945,sbrl,1,0.00034,289454,99.78936,290065
6946,schlan,1,0.00034,289455,99.78970,290065
6947,schliflo,1,0.00034,289456,99.79005,290065
6948,schmuli,1,0.00034,289457,99.79039,290065
6949,Schreini,1,0.00034,289458,99.79074,290065
6950,scjody,1,0.00034,289459,99.79108,290065
6951,scottburch,1,0.00034,289460,99.79143,290065
6952,scottmarlow,1,0.00034,289461,99.79177,290065
6953,ScottyBauer,1,0.00034,289462,99.79212,290065
6954,ScriptSmith,1,0.00034,289463,99.79246,290065
6955,sdann,1,0.00034,289464,99.79281,290065
6956,sdtsui,1,0.00034,289465,99.79315,290065
6957,seangransee,1,0.00034,289466,99.79349,290065
6958,SeanGroff,1,0.00034,289467,99.79384,290065
6959,seanharr11,1,0.00034,289468,99.79418,290065
6960,searls,1,0.00034,289469,99.79453,290065
6961,seawatts,1,0.00034,289470,99.79487,290065
6962,sebasrp,1,0.00034,289471,99.79522,290065
6963,sebastiandeutsch,1,0.00034,289472,99.79556,290065
6964,sebastienpl,1,0.00034,289473,99.79591,290065
6965,seekshiva,1,0.00034,289474,99.79625,290065
6966,segoddnja,1,0.00034,289475,99.79660,290065
6967,sehrope,1,0.00034,289476,99.79694,290065
6968,seiyria,1,0.00034,289477,99.79729,290065
6969,Seldaek,1,0.00034,289478,99.79763,290065
6970,semion1956,1,0.00034,289479,99.79798,290065
6971,sendilkumarn,1,0.00034,289480,99.79832,290065
6972,sengelha,1,0.00034,289481,99.79867,290065
6973,senivam,1,0.00034,289482,99.79901,290065
6974,seratch,1,0.00034,289483,99.79936,290065
6975,serchavalos,1,0.00034,289484,99.79970,290065
6976,sergei-zelinsky,1,0.00034,289485,99.80004,290065
6977,sergejmueller,1,0.00034,289486,99.80039,290065
6978,sergiopantoja,1,0.00034,289487,99.80073,290065
6979,sericaia,1,0.00034,289488,99.80108,290065
6980,seritools,1,0.00034,289489,99.80142,290065
6981,seyDoggy,1,0.00034,289490,99.80177,290065
6982,sfrieson,1,0.00034,289491,99.80211,290065
6983,sgaliamov,1,0.00034,289492,99.80246,290065
6984,shabanovd,1,0.00034,289493,99.80280,290065
6985,s-h-a-d-o-w,1,0.00034,289494,99.80315,290065
6986,shadow-cs,1,0.00034,289495,99.80349,290065
6987,shaggygi,1,0.00034,289496,99.80384,290065
6988,shahmeet999,1,0.00034,289497,99.80418,290065
6989,shakib609,1,0.00034,289498,99.80453,290065
6990,shakyShane,1,0.00034,289499,99.80487,290065
6991,shankarshastri,1,0.00034,289500,99.80522,290065
6992,sharkbrainguy,1,0.00034,289501,99.80556,290065
6993,sharpmachine,1,0.00034,289502,99.80591,290065
6994,Shashwat986,1,0.00034,289503,99.80625,290065
6995,shawninder,1,0.00034,289504,99.80660,290065
6996,shawnmclean,1,0.00034,289505,99.80694,290065
6997,sheerun,1,0.00034,289506,99.80728,290065
6998,shergin,1,0.00034,289507,99.80763,290065
6999,shigi,1,0.00034,289508,99.80797,290065
7000,shlomif,1,0.00034,289509,99.80832,290065
7001,shoma,1,0.00034,289510,99.80866,290065
7002,shubhamgautam,1,0.00034,289511,99.80901,290065
7003,shubhamranjan,1,0.00034,289512,99.80935,290065
7004,shumsky,1,0.00034,289513,99.80970,290065
7005,shutdown256,1,0.00034,289514,99.81004,290065
7006,sialcasa,1,0.00034,289515,99.81039,290065
7007,siamak,1,0.00034,289516,99.81073,290065
7008,sibelius,1,0.00034,289517,99.81108,290065
7009,sibiraj-s,1,0.00034,289518,99.81142,290065
7010,SibuStephen,1,0.00034,289519,99.81177,290065
7011,siddii,1,0.00034,289520,99.81211,290065
7012,sidps,1,0.00034,289521,99.81246,290065
7013,Sieabah,1,0.00034,289522,99.81280,290065
7014,siebrand,1,0.00034,289523,99.81315,290065
7015,Siegrift,1,0.00034,289524,99.81349,290065
7016,sigmundch,1,0.00034,289525,99.81383,290065
7017,sigurdga,1,0.00034,289526,99.81418,290065
7018,silhouettes,1,0.00034,289527,99.81452,290065
7019,Silthus,1,0.00034,289528,99.81487,290065
7020,silvermanj7,1,0.00034,289529,99.81521,290065
7021,silvestrijonathan,1,0.00034,289530,99.81556,290065
7022,simeg,1,0.00034,289531,99.81590,290065
7023,simison,1,0.00034,289532,99.81625,290065
7024,simonewebdesign,1,0.00034,289533,99.81659,290065
7025,simongareste,1,0.00034,289534,99.81694,290065
7026,simon-p-r,1,0.00034,289535,99.81728,290065
7027,simonratner,1,0.00034,289536,99.81763,290065
7028,simpulton,1,0.00034,289537,99.81797,290065
7029,sinkingpoint,1,0.00034,289538,99.81832,290065
7030,siriak,1,0.00034,289539,99.81866,290065
7031,skeggse,1,0.00034,289540,99.81901,290065
7032,skjolber,1,0.00034,289541,99.81935,290065
7033,skotniczny,1,0.00034,289542,99.81970,290065
7034,skvale,1,0.00034,289543,99.82004,290065
7035,Sky161,1,0.00034,289544,99.82039,290065
7036,skyline-123,1,0.00034,289545,99.82073,290065
7037,skyzyx,1,0.00034,289546,99.82107,290065
7038,slandelle,1,0.00034,289547,99.82142,290065
7039,slang800,1,0.00034,289548,99.82176,290065
7040,slavanga,1,0.00034,289549,99.82211,290065
7041,sliceofbytes,1,0.00034,289550,99.82245,290065
7042,slim-hmidi,1,0.00034,289551,99.82280,290065
7043,slinlee,1,0.00034,289552,99.82314,290065
7044,slintes,1,0.00034,289553,99.82349,290065
7045,slothspot,1,0.00034,289554,99.82383,290065
7046,Slowyn,1,0.00034,289555,99.82418,290065
7047,smaant,1,0.00034,289556,99.82452,290065
7048,smaclell,1,0.00034,289557,99.82487,290065
7049,smelukov,1,0.00034,289558,99.82521,290065
7050,smockle,1,0.00034,289559,99.82556,290065
7051,smondal,1,0.00034,289560,99.82590,290065
7052,snyamathi,1,0.00034,289561,99.82625,290065
7053,softcraft-development,1,0.00034,289562,99.82659,290065
7054,soheilpro,1,0.00034,289563,99.82694,290065
7055,soimy,1,0.00034,289564,99.82728,290065
7056,sokra,1,0.00034,289565,99.82762,290065
7057,SomeoneWeird,1,0.00034,289566,99.82797,290065
7058,sondrele,1,0.00034,289567,99.82831,290065
7059,songsong182,1,0.00034,289568,99.82866,290065
7060,sothawo,1,0.00034,289569,99.82900,290065
7061,Souhail-5,1,0.00034,289570,99.82935,290065
7062,southpolesteve,1,0.00034,289571,99.82969,290065
7063,sowcow,1,0.00034,289572,99.83004,290065
7064,SpartaSixZero,1,0.00034,289573,99.83038,290065
7065,spegelref,1,0.00034,289574,99.83073,290065
7066,sphire,1,0.00034,289575,99.83107,290065
7067,spinfooser,1,0.00034,289576,99.83142,290065
7068,spirosikmd,1,0.00034,289577,99.83176,290065
7069,sprockow,1,0.00034,289578,99.83211,290065
7070,spshant,1,0.00034,289579,99.83245,290065
7071,sputier,1,0.00034,289580,99.83280,290065
7072,sputnik13,1,0.00034,289581,99.83314,290065
7073,sqrthree,1,0.00034,289582,99.83349,290065
7074,sriggin,1,0.00034,289583,99.83383,290065
7075,srittau,1,0.00034,289584,99.83418,290065
7076,srn,1,0.00034,289585,99.83452,290065
7077,srph,1,0.00034,289586,99.83486,290065
7078,ss18,1,0.00034,289587,99.83521,290065
7079,sschuberth,1,0.00034,289588,99.83555,290065
7080,sshev,1,0.00034,289589,99.83590,290065
7081,ssorallen,1,0.00034,289590,99.83624,290065
7082,stam,1,0.00034,289591,99.83659,290065
7083,Standard8,1,0.00034,289592,99.83693,290065
7084,stasmaxymov,1,0.00034,289593,99.83728,290065
7085,stefan-staynov,1,0.00034,289594,99.83762,290065
7086,StefMa,1,0.00034,289595,99.83797,290065
7087,steida,1,0.00034,289596,99.83831,290065
7088,stephan281094,1,0.00034,289597,99.83866,290065
7089,stephaniepurvis,1,0.00034,289598,99.83900,290065
7090,stephantabor,1,0.00034,289599,99.83935,290065
7091,StephenCleary,1,0.00034,289600,99.83969,290065
7092,stephengroat,1,0.00034,289601,99.84004,290065
7093,stephenmichaelf,1,0.00034,289602,99.84038,290065
7094,StephenMolloy,1,0.00034,289603,99.84073,290065
7095,stephennancekivell,1,0.00034,289604,99.84107,290065
7096,stephen-puiszis,1,0.00034,289605,99.84141,290065
7097,stephenreddek,1,0.00034,289606,99.84176,290065
7098,stephlag,1,0.00034,289607,99.84210,290065
7099,stevedesmond-ca,1,0.00034,289608,99.84245,290065
7100,steveklabnik,1,0.00034,289609,99.84279,290065
7101,SteveL-MSFT,1,0.00034,289610,99.84314,290065
7102,stevenbenitez,1,0.00034,289611,99.84348,290065
7103,StevenHeinrich,1,0.00034,289612,99.84383,290065
7104,stevenschlansker,1,0.00034,289613,99.84417,290065
7105,steve-taylor,1,0.00034,289614,99.84452,290065
7106,SteveVanOpstal,1,0.00034,289615,99.84486,290065
7107,steveyken,1,0.00034,289616,99.84521,290065
7108,stewieoO,1,0.00034,289617,99.84555,290065
7109,StewPoll,1,0.00034,289618,99.84590,290065
7110,stof,1,0.00034,289619,99.84624,290065
7111,stonexer,1,0.00034,289620,99.84659,290065
7112,stovocor,1,0.00034,289621,99.84693,290065
7113,stowball,1,0.00034,289622,99.84728,290065
7114,stoyandimov,1,0.00034,289623,99.84762,290065
7115,strayobject,1,0.00034,289624,99.84797,290065
7116,sttk,1,0.00034,289625,99.84831,290065
7117,stuartsan,1,0.00034,289626,99.84865,290065
7118,studyjan,1,0.00034,289627,99.84900,290065
7119,subzey,1,0.00034,289628,99.84934,290065
7120,Suchiman,1,0.00034,289629,99.84969,290065
7121,sukjae,1,0.00034,289630,99.85003,290065
7122,sumanvyj,1,0.00034,289631,99.85038,290065
7123,sunandabalu,1,0.00034,289632,99.85072,290065
7124,sunorry,1,0.00034,289633,99.85107,290065
7125,Superpencil,1,0.00034,289634,99.85141,290065
7126,suvjunmd,1,0.00034,289635,99.85176,290065
7127,svenvarkel,1,0.00034,289636,99.85210,290065
7128,sverrejoh,1,0.00034,289637,99.85245,290065
7129,svetlyak40wt,1,0.00034,289638,99.85279,290065
7130,SwamWithTurtles,1,0.00034,289639,99.85314,290065
7131,sweiss-google,1,0.00034,289640,99.85348,290065
7132,swestwood,1,0.00034,289641,99.85383,290065
7133,SwooshyCueb,1,0.00034,289642,99.85417,290065
7134,swrobel,1,0.00034,289643,99.85452,290065
7135,s-yadav,1,0.00034,289644,99.85486,290065
7136,sylveon,1,0.00034,289645,99.85520,290065
7137,sYnfo,1,0.00034,289646,99.85555,290065
7138,Syrok,1,0.00034,289647,99.85589,290065
7139,szastupov,1,0.00034,289648,99.85624,290065
7140,szedlakmate,1,0.00034,289649,99.85658,290065
7141,szepeviktor,1,0.00034,289650,99.85693,290065
7142,szhu,1,0.00034,289651,99.85727,290065
7143,szwacz,1,0.00034,289652,99.85762,290065
7144,szymonkups,1,0.00034,289653,99.85796,290065
7145,tag,1,0.00034,289654,99.85831,290065
7146,Tahler,1,0.00034,289655,99.85865,290065
7147,taku0,1,0.00034,289656,99.85900,290065
7148,TalAter,1,0.00034,289657,99.85934,290065
7149,talum,1,0.00034,289658,99.85969,290065
7150,TamarChristinaArm,1,0.00034,289659,99.86003,290065
7151,tanyabrassie,1,0.00034,289660,99.86038,290065
7152,tasanuma,1,0.00034,289661,99.86072,290065
7153,TATDK,1,0.00034,289662,99.86107,290065
7154,taylorhutchison,1,0.00034,289663,99.86141,290065
7155,tayupov,1,0.00034,289664,99.86176,290065
7156,tbartley,1,0.00034,289665,99.86210,290065
7157,tbroyer,1,0.00034,289666,99.86244,290065
7158,tcbeutler,1,0.00034,289667,99.86279,290065
7159,tdg5,1,0.00034,289668,99.86313,290065
7160,tdhooper,1,0.00034,289669,99.86348,290065
7161,tdzienniak,1,0.00034,289670,99.86382,290065
7162,teabyii,1,0.00034,289671,99.86417,290065
7163,teameh,1,0.00034,289672,99.86451,290065
7164,TechDimension,1,0.00034,289673,99.86486,290065
7165,TechQuery,1,0.00034,289674,99.86520,290065
7166,teeram,1,0.00034,289675,99.86555,290065
7167,tehapo,1,0.00034,289676,99.86589,290065
7168,teleaziz,1,0.00034,289677,99.86624,290065
7169,temega,1,0.00034,289678,99.86658,290065
7170,tempredirect,1,0.00034,289679,99.86693,290065
7171,tengis,1,0.00034,289680,99.86727,290065
7172,teosz,1,0.00034,289681,99.86762,290065
7173,terabaud,1,0.00034,289682,99.86796,290065
7174,testcenter,1,0.00034,289683,99.86831,290065
7175,Tetsuya3850,1,0.00034,289684,99.86865,290065
7176,teunw,1,0.00034,289685,99.86899,290065
7177,tgallacher,1,0.00034,289686,99.86934,290065
7178,tgriesser,1,0.00034,289687,99.86968,290065
7179,th0r,1,0.00034,289688,99.87003,290065
7180,th507,1,0.00034,289689,99.87037,290065
7181,ThaddeusJiang,1,0.00034,289690,99.87072,290065
7182,thardeck,1,0.00034,289691,99.87106,290065
7183,tharunjose,1,0.00034,289692,99.87141,290065
7184,thatJavaNerd,1,0.00034,289693,99.87175,290065
7185,theawesomenayak,1,0.00034,289694,99.87210,290065
7186,thebergamo,1,0.00034,289695,99.87244,290065
7187,TheBusCantSwim,1,0.00034,289696,99.87279,290065
7188,thechutrain,1,0.00034,289697,99.87313,290065
7189,theely,1,0.00034,289698,99.87348,290065
7190,theganyo,1,0.00034,289699,99.87382,290065
7191,TheIke,1,0.00034,289700,99.87417,290065
7192,theimowski,1,0.00034,289701,99.87451,290065
7193,TheInnerParty,1,0.00034,289702,99.87486,290065
7194,TheJaredWilcurt,1,0.00034,289703,99.87520,290065
7195,theJian,1,0.00034,289704,99.87555,290065
7196,theKashey,1,0.00034,289705,99.87589,290065
7197,themez,1,0.00034,289706,99.87623,290065
7198,thepont,1,0.00034,289707,99.87658,290065
7199,therealklanni,1,0.00034,289708,99.87692,290065
7200,theromis,1,0.00034,289709,99.87727,290065
7201,theseyi,1,0.00034,289710,99.87761,290065
7202,TheSharpieOne,1,0.00034,289711,99.87796,290065
7203,the-simian,1,0.00034,289712,99.87830,290065
7204,the-vampiire,1,0.00034,289713,99.87865,290065
7205,thezerobit,1,0.00034,289714,99.87899,290065
7206,thezim,1,0.00034,289715,99.87934,290065
7207,thiagoh,1,0.00034,289716,99.87968,290065
7208,thiagopaiva99,1,0.00034,289717,99.88003,290065
7209,thibautRe,1,0.00034,289718,99.88037,290065
7210,thisconnect,1,0.00034,289719,99.88072,290065
7211,thisRaptori,1,0.00034,289720,99.88106,290065
7212,thoger,1,0.00034,289721,99.88141,290065
7213,thomasdarimont,1,0.00034,289722,99.88175,290065
7214,thomas-klambauer,1,0.00034,289723,99.88210,290065
7215,ThomasSimoens,1,0.00034,289724,99.88244,290065
7216,thommymo,1,0.00034,289725,99.88278,290065
7217,thoughtpalette,1,0.00034,289726,99.88313,290065
7218,thoys,1,0.00034,289727,99.88347,290065
7219,TiagoDanin,1,0.00034,289728,99.88382,290065
7220,tiangolo,1,0.00034,289729,99.88416,290065
7221,tianyin,1,0.00034,289730,99.88451,290065
7222,Tidyzq,1,0.00034,289731,99.88485,290065
7223,tierfire,1,0.00034,289732,99.88520,290065
7224,timandy,1,0.00034,289733,99.88554,290065
7225,timeimp,1,0.00034,289734,99.88589,290065
7226,Timer,1,0.00034,289735,99.88623,290065
7227,timfish,1,0.00034,289736,99.88658,290065
7228,TimJohns,1,0.00034,289737,99.88692,290065
7229,timkindberg,1,0.00034,289738,99.88727,290065
7230,timlesallen,1,0.00034,289739,99.88761,290065
7231,TimLovellSmith,1,0.00034,289740,99.88796,290065
7232,Timokasse,1,0.00034,289741,99.88830,290065
7233,TimonVS,1,0.00034,289742,99.88865,290065
7234,timotheeg,1,0.00034,289743,99.88899,290065
7235,timoweiss,1,0.00034,289744,99.88934,290065
7236,timuric,1,0.00034,289745,99.88968,290065
7237,TimvdEijnden,1,0.00034,289746,99.89002,290065
7238,TimWSpence,1,0.00034,289747,99.89037,290065
7239,Titozzz,1,0.00034,289748,99.89071,290065
7240,tiwarivikash,1,0.00034,289749,99.89106,290065
7241,tj,1,0.00034,289750,99.89140,290065
7242,tjmehta,1,0.00034,289751,99.89175,290065
7243,tjwallace,1,0.00034,289752,99.89209,290065
7244,tkopczuk,1,0.00034,289753,99.89244,290065
7245,tkp1n,1,0.00034,289754,99.89278,290065
7246,tkrugg,1,0.00034,289755,99.89313,290065
7247,tlancina,1,0.00034,289756,99.89347,290065
7248,tlantz,1,0.00034,289757,99.89382,290065
7249,tlk,1,0.00034,289758,99.89416,290065
7250,tlrx,1,0.00034,289759,99.89451,290065
7251,tnunes,1,0.00034,289760,99.89485,290065
7252,tobarja,1,0.00034,289761,99.89520,290065
7253,toddobryan,1,0.00034,289762,99.89554,290065
7254,todoubaba,1,0.00034,289763,99.89589,290065
7255,tom5760,1,0.00034,289764,99.89623,290065
7256,tomalec,1,0.00034,289765,99.89657,290065
7257,tomarad,1,0.00034,289766,99.89692,290065
7258,tomaschyly,1,0.00034,289767,99.89726,290065
7259,tomduncalf,1,0.00034,289768,99.89761,290065
7260,tomergg,1,0.00034,289769,99.89795,290065
7261,tomfuertes,1,0.00034,289770,99.89830,290065
7262,TomK32,1,0.00034,289771,99.89864,290065
7263,tommagnusson,1,0.00034,289772,99.89899,290065
7264,tomquirk,1,0.00034,289773,99.89933,290065
7265,TomyJaya,1,0.00034,289774,99.89968,290065
7266,tony99nyr,1,0.00034,289775,99.90002,290065
7267,tonybaloney,1,0.00034,289776,99.90037,290065
7268,tonyhallett,1,0.00034,289777,99.90071,290065
7269,tonyspiro,1,0.00034,289778,99.90106,290065
7270,tpgmartin,1,0.00034,289779,99.90140,290065
7271,tpolecat,1,0.00034,289780,99.90175,290065
7272,TracyGJG,1,0.00034,289781,99.90209,290065
7273,travishohl,1,0.00034,289782,99.90244,290065
7274,trentclowater,1,0.00034,289783,99.90278,290065
7275,Treora,1,0.00034,289784,99.90313,290065
7276,trevorade,1,0.00034,289785,99.90347,290065
7277,trevorsmith,1,0.00034,289786,99.90381,290065
7278,tribou,1,0.00034,289787,99.90416,290065
7279,trickford,1,0.00034,289788,99.90450,290065
7280,trierra,1,0.00034,289789,99.90485,290065
7281,trivikr,1,0.00034,289790,99.90519,290065
7282,trodrigues,1,0.00034,289791,99.90554,290065
7283,troeggla,1,0.00034,289792,99.90588,290065
7284,TRowbotham,1,0.00034,289793,99.90623,290065
7285,troyastorino,1,0.00034,289794,99.90657,290065
7286,truckingsim,1,0.00034,289795,99.90692,290065
7287,truelixin,1,0.00034,289796,99.90726,290065
7288,truongduy134,1,0.00034,289797,99.90761,290065
7289,ttulka,1,0.00034,289798,99.90795,290065
7290,tuespetre,1,0.00034,289799,99.90830,290065
7291,tugrul,1,0.00034,289800,99.90864,290065
7292,TundraFizz,1,0.00034,289801,99.90899,290065
7293,TurtleShip,1,0.00034,289802,99.90933,290065
7294,tvillaluz,1,0.00034,289803,99.90968,290065
7295,twillouer,1,0.00034,289804,99.91002,290065
7296,twiss,1,0.00034,289805,99.91036,290065
7297,twk-b,1,0.00034,289806,99.91071,290065
7298,twlkyao,1,0.00034,289807,99.91105,290065
7299,tycho,1,0.00034,289808,99.91140,290065
7300,TylerDixon,1,0.00034,289809,99.91174,290065
7301,tylervz,1,0.00034,289810,99.91209,290065
7302,Tyriar,1,0.00034,289811,99.91243,290065
7303,tyrsius,1,0.00034,289812,99.91278,290065
7304,ueg1990,1,0.00034,289813,99.91312,290065
7305,ueshin,1,0.00034,289814,99.91347,290065
7306,ufcpp,1,0.00034,289815,99.91381,290065
7307,uhhhh2,1,0.00034,289816,99.91416,290065
7308,Ujjwol,1,0.00034,289817,99.91450,290065
7309,ukreator,1,0.00034,289818,99.91485,290065
7310,ulope,1,0.00034,289819,99.91519,290065
7311,unframework,1,0.00034,289820,99.91554,290065
7312,Unit03,1,0.00034,289821,99.91588,290065
7313,unlimitedsola,1,0.00034,289822,99.91623,290065
7314,unRob,1,0.00034,289823,99.91657,290065
7315,unstubbable,1,0.00034,289824,99.91692,290065
7316,urimor,1,0.00034,289825,99.91726,290065
7317,user890104,1,0.00034,289826,99.91760,290065
7318,user9209,1,0.00034,289827,99.91795,290065
7319,UttejG,1,0.00034,289828,99.91829,290065
7320,uweschaefer,1,0.00034,289829,99.91864,290065
7321,uzarubin,1,0.00034,289830,99.91898,290065
7322,uzyn,1,0.00034,289831,99.91933,290065
7323,VadimDez,1,0.00034,289832,99.91967,290065
7324,vaintroub,1,0.00034,289833,99.92002,290065
7325,ValentinTrinque,1,0.00034,289834,99.92036,290065
7326,Vampire,1,0.00034,289835,99.92071,290065
7327,vamsivarikuti,1,0.00034,289836,99.92105,290065
7328,vanbujm,1,0.00034,289837,99.92140,290065
7329,vanjacosic,1,0.00034,289838,99.92174,290065
7330,vanta,1,0.00034,289839,99.92209,290065
7331,vanthome,1,0.00034,289840,99.92243,290065
7332,varocarbas,1,0.00034,289841,99.92278,290065
7333,varunrau,1,0.00034,289842,99.92312,290065
7334,vbarbaresi,1,0.00034,289843,99.92347,290065
7335,vbauer,1,0.00034,289844,99.92381,290065
7336,vegetableman,1,0.00034,289845,99.92415,290065
7337,VEINHORN,1,0.00034,289846,99.92450,290065
7338,vernondegoede,1,0.00034,289847,99.92484,290065
7339,vicneanschi,1,0.00034,289848,99.92519,290065
7340,vicrdguez,1,0.00034,289849,99.92553,290065
7341,victorhermes,1,0.00034,289850,99.92588,290065
7342,victormejia,1,0.00034,289851,99.92622,290065
7343,victorwangyang,1,0.00034,289852,99.92657,290065
7344,victorwss,1,0.00034,289853,99.92691,290065
7345,vigneshTheDev,1,0.00034,289854,99.92726,290065
7346,vijaykcm,1,0.00034,289855,99.92760,290065
7347,vikhyat,1,0.00034,289856,99.92795,290065
7348,ViKomprenas,1,0.00034,289857,99.92829,290065
7349,ViktorSlavov,1,0.00034,289858,99.92864,290065
7350,vinaydate,1,0.00034,289859,99.92898,290065
7351,VincentBailly,1,0.00034,289860,99.92933,290065
7352,vincentbernat,1,0.00034,289861,99.92967,290065
7353,viniciusdacal,1,0.00034,289862,99.93002,290065
7354,viniciusls,1,0.00034,289863,99.93036,290065
7355,vitaliy-bobrov,1,0.00034,289864,99.93071,290065
7356,vitalymak,1,0.00034,289865,99.93105,290065
7357,vitaly-t,1,0.00034,289866,99.93139,290065
7358,VitoNordloh,1,0.00034,289867,99.93174,290065
7359,vjovanov,1,0.00034,289868,99.93208,290065
7360,vkhv,1,0.00034,289869,99.93243,290065
7361,vkramskikh,1,0.00034,289870,99.93277,290065
7362,vladgolubev,1,0.00034,289871,99.93312,290065
7363,VladimirKhvostov,1,0.00034,289872,99.93346,290065
7364,vladris,1,0.00034,289873,99.93381,290065
7365,vlcheong,1,0.00034,289874,99.93415,290065
7366,vmalloc,1,0.00034,289875,99.93450,290065
7367,vmosyaykin,1,0.00034,289876,99.93484,290065
7368,vnathalye,1,0.00034,289877,99.93519,290065
7369,vnctaing,1,0.00034,289878,99.93553,290065
7370,vogella,1,0.00034,289879,99.93588,290065
7371,vokoshyv,1,0.00034,289880,99.93622,290065
7372,vovkvlad,1,0.00034,289881,99.93657,290065
7373,voxlet,1,0.00034,289882,99.93691,290065
7374,voyageth,1,0.00034,289883,99.93726,290065
7375,vpavic,1,0.00034,289884,99.93760,290065
7376,vsemozhetbyt,1,0.00034,289885,99.93794,290065
7377,vsetka,1,0.00034,289886,99.93829,290065
7378,vseventer,1,0.00034,289887,99.93863,290065
7379,vsiao,1,0.00034,289888,99.93898,290065
7380,vstinner,1,0.00034,289889,99.93932,290065
7381,vuakko,1,0.00034,289890,99.93967,290065
7382,vwxyutarooo,1,0.00034,289891,99.94001,290065
7383,vzaidman,1,0.00034,289892,99.94036,290065
7384,wadewegner,1,0.00034,289893,99.94070,290065
7385,WaeCo,1,0.00034,289894,99.94105,290065
7386,WallacePinho,1,0.00034,289895,99.94139,290065
7387,wallali,1,0.00034,289896,99.94174,290065
7388,WanderWang,1,0.00034,289897,99.94208,290065
7389,Wang-Sen,1,0.00034,289898,99.94243,290065
7390,warapitiya,1,0.00034,289899,99.94277,290065
7391,warrenseymour,1,0.00034,289900,99.94312,290065
7392,watilde,1,0.00034,289901,99.94346,290065
7393,wavebeem,1,0.00034,289902,99.94381,290065
7394,wbecker,1,0.00034,289903,99.94415,290065
7395,wbinnssmith,1,0.00034,289904,99.94450,290065
7396,wcandillon,1,0.00034,289905,99.94484,290065
7397,web-dave,1,0.00034,289906,99.94518,290065
7398,webmaster128,1,0.00034,289907,99.94553,290065
7399,webprofusion-chrisc,1,0.00034,289908,99.94587,290065
7400,Weffe,1,0.00034,289909,99.94622,290065
7401,weiluntong,1,0.00034,289910,99.94656,290065
7402,wejendorp,1,0.00034,289911,99.94691,290065
7403,WellingR,1,0.00034,289912,99.94725,290065
7404,weltkante,1,0.00034,289913,99.94760,290065
7405,wendy,1,0.00034,289914,99.94794,290065
7406,westonruter,1,0.00034,289915,99.94829,290065
7407,weswigham,1,0.00034,289916,99.94863,290065
7408,weswinder,1,0.00034,289917,99.94898,290065
7409,wgottschalk,1,0.00034,289918,99.94932,290065
7410,whitej17,1,0.00034,289919,99.94967,290065
7411,wibisono,1,0.00034,289920,99.95001,290065
7412,wikinee,1,0.00034,289921,99.95036,290065
7413,WilcoFiers,1,0.00034,289922,99.95070,290065
7414,Wildhoney,1,0.00034,289923,99.95105,290065
7415,wildwilder,1,0.00034,289924,99.95139,290065
7416,wilka,1,0.00034,289925,99.95173,290065
7417,willbeaufoy,1,0.00034,289926,99.95208,290065
7418,willfarrell,1,0.00034,289927,99.95242,290065
7419,willgm,1,0.00034,289928,99.95277,290065
7420,williamdes,1,0.00034,289929,99.95311,290065
7421,william-lohan,1,0.00034,289930,99.95346,290065
7422,Willv19,1,0.00034,289931,99.95380,290065
7423,willyelm,1,0.00034,289932,99.95415,290065
7424,wilmol,1,0.00034,289933,99.95449,290065
7425,wilx,1,0.00034,289934,99.95484,290065
7426,wiml,1,0.00034,289935,99.95518,290065
7427,wizardnet972,1,0.00034,289936,99.95553,290065
7428,wizawu,1,0.00034,289937,99.95587,290065
7429,wizpig64,1,0.00034,289938,99.95622,290065
7430,wla80,1,0.00034,289939,99.95656,290065
7431,WLun001,1,0.00034,289940,99.95691,290065
7432,wojtekmaj,1,0.00034,289941,99.95725,290065
7433,woloski,1,0.00034,289942,99.95760,290065
7434,woodyhymns,1,0.00034,289943,99.95794,290065
7435,woppa684,1,0.00034,289944,99.95829,290065
7436,worldsense-tms,1,0.00034,289945,99.95863,290065
7437,WORMSS,1,0.00034,289946,99.95897,290065
7438,worthy7,1,0.00034,289947,99.95932,290065
7439,wotkuni,1,0.00034,289948,99.95966,290065
7440,WouterG,1,0.00034,289949,99.96001,290065
7441,woverton,1,0.00034,289950,99.96035,290065
7442,wrakky,1,0.00034,289951,99.96070,290065
7443,wtokuno,1,0.00034,289952,99.96104,290065
7444,wuwen5,1,0.00034,289953,99.96139,290065
7445,wwcline,1,0.00034,289954,99.96173,290065
7446,Wykks,1,0.00034,289955,99.96208,290065
7447,xdumaine,1,0.00034,289956,99.96242,290065
7448,XeCycle,1,0.00034,289957,99.96277,290065
7449,xelad1,1,0.00034,289958,99.96311,290065
7450,xfh,1,0.00034,289959,99.96346,290065
7451,xied75,1,0.00034,289960,99.96380,290065
7452,ximex,1,0.00034,289961,99.96415,290065
7453,xobotyi,1,0.00034,289962,99.96449,290065
7454,xoloki,1,0.00034,289963,99.96484,290065
7455,xoofx,1,0.00034,289964,99.96518,290065
7456,Xorlev,1,0.00034,289965,99.96552,290065
7457,xtoolkit,1,0.00034,289966,99.96587,290065
7458,Xuanwo,1,0.00034,289967,99.96621,290065
7459,XZ-X,1,0.00034,289968,99.96656,290065
7460,YairHalberstadt,1,0.00034,289969,99.96690,290065
7461,yang-xia,1,0.00034,289970,99.96725,290065
7462,yanick,1,0.00034,289971,99.96759,290065
7463,yankouskia,1,0.00034,289972,99.96794,290065
7464,yanxyz,1,0.00034,289973,99.96828,290065
7465,yaodingyd,1,0.00034,289974,99.96863,290065
7466,yasserzamani,1,0.00034,289975,99.96897,290065
7467,Yasumoto,1,0.00034,289976,99.96932,290065
7468,yavorski,1,0.00034,289977,99.96966,290065
7469,yaziza,1,0.00034,289978,99.97001,290065
7470,YChebotaev,1,0.00034,289979,99.97035,290065
7471,yehezkielbs,1,0.00034,289980,99.97070,290065
7472,yevgeniyredko,1,0.00034,289981,99.97104,290065
7473,ygatesoupe,1,0.00034,289982,99.97139,290065
7474,yhwang,1,0.00034,289983,99.97173,290065
7475,yitzchak,1,0.00034,289984,99.97208,290065
7476,yjcxy12,1,0.00034,289985,99.97242,290065
7477,ylylc,1,0.00034,289986,99.97276,290065
7478,yntelectual,1,0.00034,289987,99.97311,290065
7479,yoavmmn,1,0.00034,289988,99.97345,290065
7480,yochem,1,0.00034,289989,99.97380,290065
7481,yonjah,1,0.00034,289990,99.97414,290065
7482,yorkie,1,0.00034,289991,99.97449,290065
7483,yotamofek,1,0.00034,289992,99.97483,290065
7484,YoussefTaghlabi,1,0.00034,289993,99.97518,290065
7485,yrodiere,1,0.00034,289994,99.97552,290065
7486,ysdanielkim,1,0.00034,289995,99.97587,290065
7487,ysmoradi,1,0.00034,289996,99.97621,290065
7488,yTakkar,1,0.00034,289997,99.97656,290065
7489,ytan29,1,0.00034,289998,99.97690,290065
7490,ytfei,1,0.00034,289999,99.97725,290065
7491,ytRino,1,0.00034,290000,99.97759,290065
7492,yuanoook,1,0.00034,290001,99.97794,290065
7493,yuchi,1,0.00034,290002,99.97828,290065
7494,yuheiy,1,0.00034,290003,99.97863,290065
7495,yuj,1,0.00034,290004,99.97897,290065
7496,yuji0602,1,0.00034,290005,99.97931,290065
7497,yuji-k64613,1,0.00034,290006,99.97966,290065
7498,yujiorama,1,0.00034,290007,99.98000,290065
7499,yukiwongky,1,0.00034,290008,99.98035,290065
7500,yume-chan,1,0.00034,290009,99.98069,290065
7501,yunchancho,1,0.00034,290010,99.98104,290065
7502,yunspace,1,0.00034,290011,99.98138,290065
7503,Yurickh,1,0.00034,290012,99.98173,290065
7504,yuriyyakym,1,0.00034,290013,99.98207,290065
7505,yurrriq,1,0.00034,290014,99.98242,290065
7506,yury,1,0.00034,290015,99.98276,290065
7507,yvele,1,0.00034,290016,99.98311,290065
7508,ywarnier,1,0.00034,290017,99.98345,290065
7509,yxl,1,0.00034,290018,99.98380,290065
7510,yzarubin,1,0.00034,290019,99.98414,290065
7511,zacbraddy,1,0.00034,290020,99.98449,290065
7512,zackify,1,0.00034,290021,99.98483,290065
7513,zakhenry,1,0.00034,290022,99.98518,290065
7514,zakness,1,0.00034,290023,99.98552,290065
7515,zakrid,1,0.00034,290024,99.98587,290065
7516,zanona,1,0.00034,290025,99.98621,290065
7517,zappyzhao,1,0.00034,290026,99.98655,290065
7518,zbarnett,1,0.00034,290027,99.98690,290065
7519,zcwang,1,0.00034,290028,99.98724,290065
7520,zdroid,1,0.00034,290029,99.98759,290065
7521,zehua,1,0.00034,290030,99.98793,290065
7522,zeke,1,0.00034,290031,99.98828,290065
7523,ZenHarbinger,1,0.00034,290032,99.98862,290065
7524,zenozeng,1,0.00034,290033,99.98897,290065
7525,zerok,1,0.00034,290034,99.98931,290065
7526,zeusdeux,1,0.00034,290035,99.98966,290065
7527,zhangjg,1,0.00034,290036,99.99000,290065
7528,zhangweikop,1,0.00034,290037,99.99035,290065
7529,zhanhb,1,0.00034,290038,99.99069,290065
7530,zhantongz,1,0.00034,290039,99.99104,290065
7531,zhaosiyang,1,0.00034,290040,99.99138,290065
7532,zhengjunxin,1,0.00034,290041,99.99173,290065
7533,zheshishei,1,0.00034,290042,99.99207,290065
7534,zhiliangxu,1,0.00034,290043,99.99242,290065
7535,zhirzh,1,0.00034,290044,99.99276,290065
7536,ZhitongLei,1,0.00034,290045,99.99310,290065
7537,zhuscat,1,0.00034,290046,99.99345,290065
7538,ziyaddin,1,0.00034,290047,99.99379,290065
7539,ZizhengTai,1,0.00034,290048,99.99414,290065
7540,zkochan,1,0.00034,290049,99.99448,290065
7541,zlosch,1,0.00034,290050,99.99483,290065
7542,zoeysaurusrex,1,0.00034,290051,99.99517,290065
7543,zramaekers,1,0.00034,290052,99.99552,290065
7544,ZSkycat,1,0.00034,290053,99.99586,290065
7545,zsmb13,1,0.00034,290054,99.99621,290065
7546,zsxwing,1,0.00034,290055,99.99655,290065
7547,zubair1024,1,0.00034,290056,99.99690,290065
7548,zuohuadong,1,0.00034,290057,99.99724,290065
7549,zuvizudar,1,0.00034,290058,99.99759,290065
7550,zwread,1,0.00034,290059,99.99793,290065
7551,zxqfox,1,0.00034,290060,99.99828,290065
7552,zypA13510,1,0.00034,290061,99.99862,290065
7553,zyrolasting,1,0.00034,290062,99.99897,290065
7554,ZYSzys,1,0.00034,290063,99.99931,290065
7555,ZZITE,1,0.00034,290064,99.99966,290065
7556,zzx88991,1,0.00034,290065,100.00000,290065
