rank_number,actor,contributions,percent,cumulative_sum,cumulative_percent,all_contributions
1,rsoletob,41,0.39717,41,0.39717,10323
2,adrianlop,29,0.28093,70,0.67810,10323
3,RichardLindhout,27,0.26155,97,0.93965,10323
4,summerwind,24,0.23249,121,1.17214,10323
5,furuholm,23,0.22280,144,1.39494,10323
6,SongGithub,22,0.21312,166,1.60806,10323
7,candlerb,21,0.20343,187,1.81149,10323
8,scotthew1,21,0.20343,208,2.01492,10323
9,justin-slowik,20,0.19374,228,2.20866,10323
10,yawboateng,20,0.19374,248,2.40240,10323
11,xeonx,19,0.18406,267,2.58646,10323
12,zicklag,19,0.18406,286,2.77051,10323
13,paroque28,18,0.17437,304,2.94488,10323
14,TelanJ,17,0.16468,321,3.10956,10323
15,veily,17,0.16468,338,3.27424,10323
16,dpacierpnik,15,0.14531,353,3.41955,10323
17,fjbsantiago,15,0.14531,368,3.56486,10323
18,MarcDufresne,15,0.14531,383,3.71016,10323
19,mdbraber,15,0.14531,398,3.85547,10323
20,OwenTuz,15,0.14531,413,4.00077,10323
21,stongo,15,0.14531,428,4.14608,10323
22,meenakshi123,14,0.13562,442,4.28170,10323
23,tylercloke,14,0.13562,456,4.41732,10323
24,tanmaykm,13,0.12593,469,4.54325,10323
25,Teeed,13,0.12593,482,4.66919,10323
26,LanceH,12,0.11625,494,4.78543,10323
27,neumino,12,0.11625,506,4.90168,10323
28,snowzach,12,0.11625,518,5.01792,10323
29,cappyzawa,11,0.10656,529,5.12448,10323
30,givia,11,0.10656,540,5.23104,10323
31,mkontani,11,0.10656,551,5.33760,10323
32,rlagutinhub,11,0.10656,562,5.44415,10323
33,cpswan,10,0.09687,572,5.54102,10323
34,deric,10,0.09687,582,5.63790,10323
35,fishioon,10,0.09687,592,5.73477,10323
36,jmspring,10,0.09687,602,5.83164,10323
37,Joematpal,10,0.09687,612,5.92851,10323
38,momokatte,10,0.09687,622,6.02538,10323
39,mvdkleijn,10,0.09687,632,6.12225,10323
40,pbochynski,10,0.09687,642,6.21912,10323
41,tuwid,10,0.09687,652,6.31599,10323
42,AlbanSeurat,9,0.08718,661,6.40318,10323
43,babariviere,9,0.08718,670,6.49036,10323
44,gerson24,9,0.08718,679,6.57755,10323
45,likunbyl,9,0.08718,688,6.66473,10323
46,ppolicherla,9,0.08718,697,6.75191,10323
47,set321go,9,0.08718,706,6.83910,10323
48,zxdzxd,9,0.08718,715,6.92628,10323
49,hainesc,8,0.07750,723,7.00378,10323
50,jainh,8,0.07750,731,7.08127,10323
51,jenningsloy318,8,0.07750,739,7.15877,10323
52,jwmaag,8,0.07750,747,7.23627,10323
53,onatm,8,0.07750,755,7.31377,10323
54,roffe,8,0.07750,763,7.39126,10323
55,stevendanna,8,0.07750,771,7.46876,10323
56,ChienHuey,7,0.06781,778,7.53657,10323
57,jfrabaute,7,0.06781,785,7.60438,10323
58,kalinon,7,0.06781,792,7.67219,10323
59,ktravis,7,0.06781,799,7.74000,10323
60,maksd,7,0.06781,806,7.80781,10323
61,tkleczek,7,0.06781,813,7.87562,10323
62,totahuanocotl,7,0.06781,820,7.94343,10323
63,wyattanderson,7,0.06781,827,8.01124,10323
64,zihaoyu,7,0.06781,834,8.07905,10323
65,devonbarrett,6,0.05812,840,8.13717,10323
66,DusanKasan,6,0.05812,846,8.19529,10323
67,eohtake,6,0.05812,852,8.25341,10323
68,fanux,6,0.05812,858,8.31154,10323
69,gergo-nyiro-oi,6,0.05812,864,8.36966,10323
70,jhuntoo,6,0.05812,870,8.42778,10323
71,jimmythedog,6,0.05812,876,8.48591,10323
72,joshadambell,6,0.05812,882,8.54403,10323
73,jungziege,6,0.05812,888,8.60215,10323
74,Kydybets,6,0.05812,894,8.66027,10323
75,mabushey,6,0.05812,900,8.71840,10323
76,Martin-Weiss,6,0.05812,906,8.77652,10323
77,miguelcubillo,6,0.05812,912,8.83464,10323
78,mxey,6,0.05812,918,8.89276,10323
79,ozanichkovsky,6,0.05812,924,8.95089,10323
80,primeroz,6,0.05812,930,9.00901,10323
81,riupie,6,0.05812,936,9.06713,10323
82,sdollison,6,0.05812,942,9.12525,10323
83,tuyenpm9,6,0.05812,948,9.18338,10323
84,anthonator,5,0.04844,953,9.23181,10323
85,danieldaeschle,5,0.04844,958,9.28025,10323
86,eroji,5,0.04844,963,9.32868,10323
87,fforootd,5,0.04844,968,9.37712,10323
88,fmotrifork,5,0.04844,973,9.42555,10323
89,gmgreg,5,0.04844,978,9.47399,10323
90,janekolszak,5,0.04844,983,9.52243,10323
91,JerrySunWRS,5,0.04844,988,9.57086,10323
92,juanjovazquez,5,0.04844,993,9.61930,10323
93,lhotrifork,5,0.04844,998,9.66773,10323
94,maltevogl,5,0.04844,1003,9.71617,10323
95,micemuni,5,0.04844,1008,9.76460,10323
96,mvoelske,5,0.04844,1013,9.81304,10323
97,NickLavrov,5,0.04844,1018,9.86147,10323
98,PeopleRange,5,0.04844,1023,9.90991,10323
99,publicvirtualvoid,5,0.04844,1028,9.95835,10323
100,rudyzhou2,5,0.04844,1033,10.00678,10323
101,schizoid90,5,0.04844,1038,10.05522,10323
102,sercand,5,0.04844,1043,10.10365,10323
103,sockmister,5,0.04844,1048,10.15209,10323
104,teh,5,0.04844,1053,10.20052,10323
105,theobouwman,5,0.04844,1058,10.24896,10323
106,tpdownes,5,0.04844,1063,10.29739,10323
107,waterdudu,5,0.04844,1068,10.34583,10323
108,bhartiH15,4,0.03875,1072,10.38458,10323
109,bkleef,4,0.03875,1076,10.42333,10323
110,Brahmasmi,4,0.03875,1080,10.46207,10323
111,brondum,4,0.03875,1084,10.50082,10323
112,davidyum,4,0.03875,1088,10.53957,10323
113,dkess,4,0.03875,1092,10.57832,10323
114,dkuerner,4,0.03875,1096,10.61707,10323
115,ereOn,4,0.03875,1100,10.65582,10323
116,ffdybuster,4,0.03875,1104,10.69457,10323
117,flarno11,4,0.03875,1108,10.73331,10323
118,HankTheCrank,4,0.03875,1112,10.77206,10323
119,ingopansa,4,0.03875,1116,10.81081,10323
120,jiosec,4,0.03875,1120,10.84956,10323
121,jmwilkinson,4,0.03875,1124,10.88831,10323
122,jseadragon,4,0.03875,1128,10.92706,10323
123,kepkin,4,0.03875,1132,10.96580,10323
124,LEW21,4,0.03875,1136,11.00455,10323
125,lihkin213,4,0.03875,1140,11.04330,10323
126,marcosterland,4,0.03875,1144,11.08205,10323
127,melignus,4,0.03875,1148,11.12080,10323
128,nikolajbrinch,4,0.03875,1152,11.15955,10323
129,paul-theorem,4,0.03875,1156,11.19830,10323
130,phiremande,4,0.03875,1160,11.23704,10323
131,pwhittlesea,4,0.03875,1164,11.27579,10323
132,rezagh2,4,0.03875,1168,11.31454,10323
133,roguePanda,4,0.03875,1172,11.35329,10323
134,sdarwin,4,0.03875,1176,11.39204,10323
135,serhiimakogon,4,0.03875,1180,11.43079,10323
136,sujithvs74,4,0.03875,1184,11.46953,10323
137,tburko,4,0.03875,1188,11.50828,10323
138,wiliamsouza,4,0.03875,1192,11.54703,10323
139,Zakjholt,4,0.03875,1196,11.58578,10323
140,abdulsalama,3,0.02906,1199,11.61484,10323
141,adebisi-fa,3,0.02906,1202,11.64390,10323
142,akshatprakash,3,0.02906,1205,11.67296,10323
143,AlexanderMann,3,0.02906,1208,11.70202,10323
144,AlexandreRoba,3,0.02906,1211,11.73109,10323
145,anirvanr,3,0.02906,1214,11.76015,10323
146,aryzle,3,0.02906,1217,11.78921,10323
147,billgo,3,0.02906,1220,11.81827,10323
148,cgilling,3,0.02906,1223,11.84733,10323
149,chetnuy,3,0.02906,1226,11.87639,10323
150,cybrwshl,3,0.02906,1229,11.90545,10323
151,davedastrange,3,0.02906,1232,11.93452,10323
152,derekjwilliams,3,0.02906,1235,11.96358,10323
153,dskatz,3,0.02906,1238,11.99264,10323
154,evanluc,3,0.02906,1241,12.02170,10323
155,fajran,3,0.02906,1244,12.05076,10323
156,forsberg,3,0.02906,1247,12.07982,10323
157,FOTempel,3,0.02906,1250,12.10888,10323
158,framillien,3,0.02906,1253,12.13794,10323
159,freefood89,3,0.02906,1256,12.16701,10323
160,grailsweb,3,0.02906,1259,12.19607,10323
161,ibazulic,3,0.02906,1262,12.22513,10323
162,ibloat,3,0.02906,1265,12.25419,10323
163,jacopofar,3,0.02906,1268,12.28325,10323
164,jap1968,3,0.02906,1271,12.31231,10323
165,Kannan2020,3,0.02906,1274,12.34137,10323
166,kanor1306,3,0.02906,1277,12.37043,10323
167,Keerthana2496,3,0.02906,1280,12.39950,10323
168,l0n3r4n83r,3,0.02906,1283,12.42856,10323
169,lbvffvbl,3,0.02906,1286,12.45762,10323
170,manhdaovan,3,0.02906,1289,12.48668,10323
171,matthubb,3,0.02906,1292,12.51574,10323
172,melosalz,3,0.02906,1295,12.54480,10323
173,Morriz,3,0.02906,1298,12.57386,10323
174,oakad,3,0.02906,1301,12.60293,10323
175,panoti,3,0.02906,1304,12.63199,10323
176,piotrmsc,3,0.02906,1307,12.66105,10323
177,praveendhac,3,0.02906,1310,12.69011,10323
178,preston,3,0.02906,1313,12.71917,10323
179,reggie-k,3,0.02906,1316,12.74823,10323
180,richet,3,0.02906,1319,12.77729,10323
181,sdrozdkov,3,0.02906,1322,12.80635,10323
182,sgir,3,0.02906,1325,12.83542,10323
183,Sharma-Rajat,3,0.02906,1328,12.86448,10323
184,simonmacklin,3,0.02906,1331,12.89354,10323
185,tanushree-sharma-98,3,0.02906,1334,12.92260,10323
186,techknowlogick,3,0.02906,1337,12.95166,10323
187,thesuperzapper,3,0.02906,1340,12.98072,10323
188,triddell,3,0.02906,1343,13.00978,10323
189,Victoryship,3,0.02906,1346,13.03885,10323
190,vniche,3,0.02906,1349,13.06791,10323
191,voki,3,0.02906,1352,13.09697,10323
192,zyren88,3,0.02906,1355,13.12603,10323
193,acarsercan,2,0.01937,1357,13.14540,10323
194,accurics,2,0.01937,1359,13.16478,10323
195,alexismaior,2,0.01937,1361,13.18415,10323
196,AlexMorreale,2,0.01937,1363,13.20353,10323
197,AnianZ,2,0.01937,1365,13.22290,10323
198,antonionappi88,2,0.01937,1367,13.24227,10323
199,bhageena,2,0.01937,1369,13.26165,10323
200,blingwang,2,0.01937,1371,13.28102,10323
201,borisbuechel,2,0.01937,1373,13.30040,10323
202,boriska70,2,0.01937,1375,13.31977,10323
203,bsctl,2,0.01937,1377,13.33915,10323
204,buth,2,0.01937,1379,13.35852,10323
205,ChengYanJin,2,0.01937,1381,13.37789,10323
206,chrisdone,2,0.01937,1383,13.39727,10323
207,CodyKochmann,2,0.01937,1385,13.41664,10323
208,commixon,2,0.01937,1387,13.43602,10323
209,davidiamyou,2,0.01937,1389,13.45539,10323
210,d-grigorenko,2,0.01937,1391,13.47477,10323
211,djboris9,2,0.01937,1393,13.49414,10323
212,drywheat,2,0.01937,1395,13.51351,10323
213,dynamicwebpaige,2,0.01937,1397,13.53289,10323
214,enenum,2,0.01937,1399,13.55226,10323
215,favipcj,2,0.01937,1401,13.57164,10323
216,filiphaftek,2,0.01937,1403,13.59101,10323
217,gambtho,2,0.01937,1405,13.61038,10323
218,geruetzel,2,0.01937,1407,13.62976,10323
219,ghazninattarshah,2,0.01937,1409,13.64913,10323
220,hrzbrg,2,0.01937,1411,13.66851,10323
221,IliaGershenzon,2,0.01937,1413,13.68788,10323
222,iyee,2,0.01937,1415,13.70726,10323
223,jakkab,2,0.01937,1417,13.72663,10323
224,jecafarelli,2,0.01937,1419,13.74600,10323
225,jmheidly,2,0.01937,1421,13.76538,10323
226,jnflint,2,0.01937,1423,13.78475,10323
227,josh-ferrell,2,0.01937,1425,13.80413,10323
228,jpatters,2,0.01937,1427,13.82350,10323
229,jthabet,2,0.01937,1429,13.84288,10323
230,jvanderhoof,2,0.01937,1431,13.86225,10323
231,jwomble,2,0.01937,1433,13.88162,10323
232,k3a,2,0.01937,1435,13.90100,10323
233,kgoguevgoget,2,0.01937,1437,13.92037,10323
234,krylovsk,2,0.01937,1439,13.93975,10323
235,lgleim,2,0.01937,1441,13.95912,10323
236,life1347,2,0.01937,1443,13.97849,10323
237,linzhaoming,2,0.01937,1445,13.99787,10323
238,lokeshjain279,2,0.01937,1447,14.01724,10323
239,lunny,2,0.01937,1449,14.03662,10323
240,maryoush,2,0.01937,1451,14.05599,10323
241,milanshergill,2,0.01937,1453,14.07537,10323
242,msjostrom,2,0.01937,1455,14.09474,10323
243,munna-bhai,2,0.01937,1457,14.11411,10323
244,newbasks,2,0.01937,1459,14.13349,10323
245,nictrix,2,0.01937,1461,14.15286,10323
246,nvtsgit,2,0.01937,1463,14.17224,10323
247,pbar1,2,0.01937,1465,14.19161,10323
248,pgchamberlin,2,0.01937,1467,14.21099,10323
249,pjmichael,2,0.01937,1469,14.23036,10323
250,pmcgrath,2,0.01937,1471,14.24973,10323
251,prashanthc,2,0.01937,1473,14.26911,10323
252,ptzianos,2,0.01937,1475,14.28848,10323
253,quantonganh,2,0.01937,1477,14.30786,10323
254,qudenger,2,0.01937,1479,14.32723,10323
255,rikardev,2,0.01937,1481,14.34660,10323
256,SachinMaharana,2,0.01937,1483,14.36598,10323
257,se0wtf,2,0.01937,1485,14.38535,10323
258,seanlaff,2,0.01937,1487,14.40473,10323
259,ShramikGajlekar,2,0.01937,1489,14.42410,10323
260,simonbyrne,2,0.01937,1491,14.44348,10323
261,sir-rob,2,0.01937,1493,14.46285,10323
262,Skn0tt,2,0.01937,1495,14.48222,10323
263,sll552,2,0.01937,1497,14.50160,10323
264,stefano-m,2,0.01937,1499,14.52097,10323
265,svasan,2,0.01937,1501,14.54035,10323
266,tedstirm,2,0.01937,1503,14.55972,10323
267,Tsui89,2,0.01937,1505,14.57910,10323
268,tw3rp,2,0.01937,1507,14.59847,10323
269,venkat-kayo,2,0.01937,1509,14.61784,10323
270,vishal-swarankar-sdl,2,0.01937,1511,14.63722,10323
271,vovkanaz,2,0.01937,1513,14.65659,10323
272,wassan128,2,0.01937,1515,14.67597,10323
273,wkalt,2,0.01937,1517,14.69534,10323
274,xgenvn,2,0.01937,1519,14.71471,10323
275,yadzhang,2,0.01937,1521,14.73409,10323
276,zabykrinich,2,0.01937,1523,14.75346,10323
277,aarongreenlee,1,0.00969,1524,14.76315,10323
278,aijingyc,1,0.00969,1525,14.77284,10323
279,alazyer,1,0.00969,1526,14.78252,10323
280,Amorn-Kingthong,1,0.00969,1527,14.79221,10323
281,analytically,1,0.00969,1528,14.80190,10323
282,andrewwebber,1,0.00969,1529,14.81159,10323
283,Andriydang,1,0.00969,1530,14.82127,10323
284,andybrucenet,1,0.00969,1531,14.83096,10323
285,annapurnam,1,0.00969,1532,14.84065,10323
286,anuiq,1,0.00969,1533,14.85033,10323
287,ariz-kargo,1,0.00969,1534,14.86002,10323
288,arkachat,1,0.00969,1535,14.86971,10323
289,Asuforce,1,0.00969,1536,14.87940,10323
290,b2cbre,1,0.00969,1537,14.88908,10323
291,bajnokk,1,0.00969,1538,14.89877,10323
292,batatch,1,0.00969,1539,14.90846,10323
293,bgdnlp,1,0.00969,1540,14.91814,10323
294,bictorman,1,0.00969,1541,14.92783,10323
295,bloudman,1,0.00969,1542,14.93752,10323
296,brokenjacobs,1,0.00969,1543,14.94721,10323
297,bsr203,1,0.00969,1544,14.95689,10323
298,CamelCaseNotation,1,0.00969,1545,14.96658,10323
299,capripot,1,0.00969,1546,14.97627,10323
300,captncraig,1,0.00969,1547,14.98595,10323
301,carbin-gun,1,0.00969,1548,14.99564,10323
302,chainlink,1,0.00969,1549,15.00533,10323
303,chartono,1,0.00969,1550,15.01502,10323
304,choujimmy,1,0.00969,1551,15.02470,10323
305,ChristianSchlatter,1,0.00969,1552,15.03439,10323
306,cookie314,1,0.00969,1553,15.04408,10323
307,crashdump,1,0.00969,1554,15.05376,10323
308,creation-shin-chan,1,0.00969,1555,15.06345,10323
309,crytome1995,1,0.00969,1556,15.07314,10323
310,ctxnop,1,0.00969,1557,15.08282,10323
311,cyrilix,1,0.00969,1558,15.09251,10323
312,d4nyll,1,0.00969,1559,15.10220,10323
313,dafelipe130,1,0.00969,1560,15.11189,10323
314,danielpcox,1,0.00969,1561,15.12157,10323
315,danielsand,1,0.00969,1562,15.13126,10323
316,danilina-wsib,1,0.00969,1563,15.14095,10323
317,daroga0002,1,0.00969,1564,15.15063,10323
318,davecoates,1,0.00969,1565,15.16032,10323
319,dbkegley,1,0.00969,1566,15.17001,10323
320,dbyron0,1,0.00969,1567,15.17970,10323
321,ddadlani,1,0.00969,1568,15.18938,10323
322,DebugIT,1,0.00969,1569,15.19907,10323
323,devfd,1,0.00969,1570,15.20876,10323
324,dex-org-user,1,0.00969,1571,15.21844,10323
325,dfresh613,1,0.00969,1572,15.22813,10323
326,dinfer,1,0.00969,1573,15.23782,10323
327,dolanor,1,0.00969,1574,15.24751,10323
328,dpaks,1,0.00969,1575,15.25719,10323
329,drshade,1,0.00969,1576,15.26688,10323
330,dselyuzhitskiy,1,0.00969,1577,15.27657,10323
331,dungdm93,1,0.00969,1578,15.28625,10323
332,dverbeek84,1,0.00969,1579,15.29594,10323
333,echarlie,1,0.00969,1580,15.30563,10323
334,ekozan,1,0.00969,1581,15.31532,10323
335,elieser1101,1,0.00969,1582,15.32500,10323
336,empath,1,0.00969,1583,15.33469,10323
337,ericdai,1,0.00969,1584,15.34438,10323
338,euforic,1,0.00969,1585,15.35406,10323
339,fabsb,1,0.00969,1586,15.36375,10323
340,fbsb,1,0.00969,1587,15.37344,10323
341,felixfontein,1,0.00969,1588,15.38313,10323
342,ffd2subroutine,1,0.00969,1589,15.39281,10323
343,foreversunyao,1,0.00969,1590,15.40250,10323
344,freeseacher,1,0.00969,1591,15.41219,10323
345,gaord,1,0.00969,1592,15.42187,10323
346,gavinmcnair,1,0.00969,1593,15.43156,10323
347,gcavalcante8808,1,0.00969,1594,15.44125,10323
348,geofffranks,1,0.00969,1595,15.45093,10323
349,gezb,1,0.00969,1596,15.46062,10323
350,githubrotem,1,0.00969,1597,15.47031,10323
351,gitwangdi,1,0.00969,1598,15.48000,10323
352,gnadaban,1,0.00969,1599,15.48968,10323
353,goby,1,0.00969,1600,15.49937,10323
354,goyamamoto,1,0.00969,1601,15.50906,10323
355,gtorre,1,0.00969,1602,15.51874,10323
356,Guinness1759,1,0.00969,1603,15.52843,10323
357,h0me,1,0.00969,1604,15.53812,10323
358,hardbone12,1,0.00969,1605,15.54781,10323
359,hauntingEcho,1,0.00969,1606,15.55749,10323
360,Hedingber,1,0.00969,1607,15.56718,10323
361,HenryCook,1,0.00969,1608,15.57687,10323
362,iam-merlin,1,0.00969,1609,15.58655,10323
363,ian-axelrod,1,0.00969,1610,15.59624,10323
364,InAnimaTe,1,0.00969,1611,15.60593,10323
365,IngussNeilands,1,0.00969,1612,15.61562,10323
366,jans23,1,0.00969,1613,15.62530,10323
367,jasonrita,1,0.00969,1614,15.63499,10323
368,JAtula,1,0.00969,1615,15.64468,10323
369,jeffthompson1971,1,0.00969,1616,15.65436,10323
370,johanhenselmans,1,0.00969,1617,15.66405,10323
371,Jonwei,1,0.00969,1618,15.67374,10323
372,joshuaballoch,1,0.00969,1619,15.68343,10323
373,jostyee,1,0.00969,1620,15.69311,10323
374,juliantaylor,1,0.00969,1621,15.70280,10323
375,jvanzyl,1,0.00969,1622,15.71249,10323
376,jvburnes,1,0.00969,1623,15.72217,10323
377,kace714,1,0.00969,1624,15.73186,10323
378,kaman86,1,0.00969,1625,15.74155,10323
379,KangKyeongRo,1,0.00969,1626,15.75124,10323
380,karimhm,1,0.00969,1627,15.76092,10323
381,kgrieco,1,0.00969,1628,15.77061,10323
382,kishansagathiya,1,0.00969,1629,15.78030,10323
383,kostyrev,1,0.00969,1630,15.78998,10323
384,koushik82,1,0.00969,1631,15.79967,10323
385,kpschuck,1,0.00969,1632,15.80936,10323
386,laurelnaiad,1,0.00969,1633,15.81904,10323
387,lcacciagioni,1,0.00969,1634,15.82873,10323
388,lilwan,1,0.00969,1635,15.83842,10323
389,livio-a,1,0.00969,1636,15.84811,10323
390,liwei5,1,0.00969,1637,15.85779,10323
391,llchan,1,0.00969,1638,15.86748,10323
392,lrolaz,1,0.00969,1639,15.87717,10323
393,lzecca78,1,0.00969,1640,15.88685,10323
394,mackenzie-orange,1,0.00969,1641,15.89654,10323
395,maeb,1,0.00969,1642,15.90623,10323
396,MaksymBilenko,1,0.00969,1643,15.91592,10323
397,malikimprowised,1,0.00969,1644,15.92560,10323
398,manlme,1,0.00969,1645,15.93529,10323
399,mariopolo2805,1,0.00969,1646,15.94498,10323
400,markuslindenberg,1,0.00969,1647,15.95466,10323
401,marrataj,1,0.00969,1648,15.96435,10323
402,matt-coppola,1,0.00969,1649,15.97404,10323
403,matthiasklan,1,0.00969,1650,15.98373,10323
404,mdpradeep,1,0.00969,1651,15.99341,10323
405,mfmarche,1,0.00969,1652,16.00310,10323
406,mhaddon,1,0.00969,1653,16.01279,10323
407,michelaquino,1,0.00969,1654,16.02247,10323
408,mjbludwig,1,0.00969,1655,16.03216,10323
409,mlctrez,1,0.00969,1656,16.04185,10323
410,mmrath,1,0.00969,1657,16.05154,10323
411,moosilauke18,1,0.00969,1658,16.06122,10323
412,mounk,1,0.00969,1659,16.07091,10323
413,mreynolds,1,0.00969,1660,16.08060,10323
414,MrJacek,1,0.00969,1661,16.09028,10323
415,mtl-wgtwo,1,0.00969,1662,16.09997,10323
416,mvijftigschild,1,0.00969,1663,16.10966,10323
417,nadenf,1,0.00969,1664,16.11935,10323
418,nagarjunac,1,0.00969,1665,16.12903,10323
419,navulirs,1,0.00969,1666,16.13872,10323
420,nbyl,1,0.00969,1667,16.14841,10323
421,NexoMichael,1,0.00969,1668,16.15809,10323
422,niamhcahill,1,0.00969,1669,16.16778,10323
423,niespodd,1,0.00969,1670,16.17747,10323
424,nirosys,1,0.00969,1671,16.18715,10323
425,NobodysNightmare,1,0.00969,1672,16.19684,10323
426,nstielau,1,0.00969,1673,16.20653,10323
427,nwandj,1,0.00969,1674,16.21622,10323
428,omegas27,1,0.00969,1675,16.22590,10323
429,or1can,1,0.00969,1676,16.23559,10323
430,owelinux,1,0.00969,1677,16.24528,10323
431,perdurabo93,1,0.00969,1678,16.25496,10323
432,pheuter,1,0.00969,1679,16.26465,10323
433,philhug,1,0.00969,1680,16.27434,10323
434,phozzy,1,0.00969,1681,16.28403,10323
435,ping-localhost,1,0.00969,1682,16.29371,10323
436,pirate,1,0.00969,1683,16.30340,10323
437,pollosp,1,0.00969,1684,16.31309,10323
438,praveen0106,1,0.00969,1685,16.32277,10323
439,pree,1,0.00969,1686,16.33246,10323
440,pschaumburg,1,0.00969,1687,16.34215,10323
441,Pulankit-so,1,0.00969,1688,16.35184,10323
442,pverschuure,1,0.00969,1689,16.36152,10323
443,qube222pl,1,0.00969,1690,16.37121,10323
444,raasoft,1,0.00969,1691,16.38090,10323
445,RaphaelHerd,1,0.00969,1692,16.39058,10323
446,ravjeetsinghb,1,0.00969,1693,16.40027,10323
447,redbeard0x0a,1,0.00969,1694,16.40996,10323
448,rgazaryants,1,0.00969,1695,16.41965,10323
449,ringods,1,0.00969,1696,16.42933,10323
450,rosskusler,1,0.00969,1697,16.43902,10323
451,rouxcorp,1,0.00969,1698,16.44871,10323
452,rprieto,1,0.00969,1699,16.45839,10323
453,rudolfv,1,0.00969,1700,16.46808,10323
454,russellhaering,1,0.00969,1701,16.47777,10323
455,rvirdiz,1,0.00969,1702,16.48746,10323
456,samlesu,1,0.00969,1703,16.49714,10323
457,sandeepbangera,1,0.00969,1704,16.50683,10323
458,sandromello,1,0.00969,1705,16.51652,10323
459,sanjeevchopra,1,0.00969,1706,16.52620,10323
460,Sanyaorg,1,0.00969,1707,16.53589,10323
461,Saqibm128,1,0.00969,1708,16.54558,10323
462,shaunofneuron,1,0.00969,1709,16.55526,10323
463,sibu105636,1,0.00969,1710,16.56495,10323
464,sirianni,1,0.00969,1711,16.57464,10323
465,sprohaska,1,0.00969,1712,16.58433,10323
466,stang22,1,0.00969,1713,16.59401,10323
467,stanislavgeorgiev,1,0.00969,1714,16.60370,10323
468,steigr,1,0.00969,1715,16.61339,10323
469,svajiraya,1,0.00969,1716,16.62307,10323
470,Swetad90,1,0.00969,1717,16.63276,10323
471,teampoke,1,0.00969,1718,16.64245,10323
472,teozkr,1,0.00969,1719,16.65214,10323
473,tetrash,1,0.00969,1720,16.66182,10323
474,thomasem,1,0.00969,1721,16.67151,10323
475,Thoro,1,0.00969,1722,16.68120,10323
476,tiffanyzhou,1,0.00969,1723,16.69088,10323
477,TimothyYe,1,0.00969,1724,16.70057,10323
478,TJM,1,0.00969,1725,16.71026,10323
479,tolson-vkn,1,0.00969,1726,16.71995,10323
480,treilly1969,1,0.00969,1727,16.72963,10323
481,Treyone,1,0.00969,1728,16.73932,10323
482,varuntalus,1,0.00969,1729,16.74901,10323
483,VF-mbrauer,1,0.00969,1730,16.75869,10323
484,vymarkov,1,0.00969,1731,16.76838,10323
485,wanghong230,1,0.00969,1732,16.77807,10323
486,wedow,1,0.00969,1733,16.78776,10323
487,WilderPereira,1,0.00969,1734,16.79744,10323
488,Xide,1,0.00969,1735,16.80713,10323
489,y2kenny,1,0.00969,1736,16.81682,10323
490,YanshuoH,1,0.00969,1737,16.82650,10323
491,ytsando,1,0.00969,1738,16.83619,10323
492,zabbo,1,0.00969,1739,16.84588,10323
493,Zenlil,1,0.00969,1740,16.85557,10323
