rank_number,actor,commits,percent,cumulative_sum,cumulative_percent,all_commits
1,roboshopkeep,522,1.27501,522,1.27501,40941
2,FoxBoxsnet,326,0.79627,848,2.07127,40941
3,winebarrel,286,0.69857,1134,2.76984,40941
4,aayamauchi,270,0.65949,1404,3.42933,40941
5,mia-0032,172,0.42012,1576,3.84944,40941
6,toyokazu,159,0.38836,1735,4.23781,40941
7,pitr,153,0.37371,1888,4.61151,40941
8,thinkbotbot,110,0.26868,1998,4.88019,40941
9,chaitanyaphalak,108,0.26379,2106,5.14399,40941
10,coto,108,0.26379,2214,5.40778,40941
11,bungoume,103,0.25158,2317,5.65936,40941
12,rockb1017,103,0.25158,2420,5.91095,40941
13,mosuka,96,0.23448,2516,6.14543,40941
14,oleewere,92,0.22471,2608,6.37014,40941
15,codeout,86,0.21006,2694,6.58020,40941
16,joshughes,82,0.20029,2776,6.78049,40941
17,ixixi,80,0.19540,2856,6.97589,40941
18,HatsuneMiku3939,79,0.19296,2935,7.16885,40941
19,shinsaka,79,0.19296,3014,7.36181,40941
20,warmfusion,74,0.18075,3088,7.54256,40941
21,daichirata,73,0.17831,3161,7.72087,40941
22,sawanoboly,73,0.17831,3234,7.89917,40941
23,LiweiPeng,68,0.16609,3302,8.06526,40941
24,szilvesztersimicza,68,0.16609,3370,8.23136,40941
25,civitaspo,65,0.15877,3435,8.39012,40941
26,AlexGaspar,64,0.15632,3499,8.54644,40941
27,digivava,62,0.15144,3561,8.69788,40941
28,luckyj5,60,0.14655,3621,8.84443,40941
29,naoya,60,0.14655,3681,8.99099,40941
30,yanana,60,0.14655,3741,9.13754,40941
31,pyrocro,58,0.14167,3799,9.27921,40941
32,hakobera,55,0.13434,3854,9.41355,40941
33,kenhys,55,0.13434,3909,9.54789,40941
34,darkrat,54,0.13190,3963,9.67978,40941
35,darashi,53,0.12945,4016,9.80924,40941
36,cmrust,52,0.12701,4068,9.93625,40941
37,dtregonning,52,0.12701,4120,10.06326,40941
38,fernandosilvacornejo,52,0.12701,4172,10.19027,40941
39,simukappu,52,0.12701,4224,10.31729,40941
40,brint,51,0.12457,4275,10.44186,40941
41,orion46,51,0.12457,4326,10.56642,40941
42,sbonebrake,51,0.12457,4377,10.69099,40941
43,toyama-h,51,0.12457,4428,10.81556,40941
44,dgarros,50,0.12213,4478,10.93769,40941
45,imron,50,0.12213,4528,11.05982,40941
46,atomita,48,0.11724,4576,11.17706,40941
47,Bigel0w,47,0.11480,4623,11.29186,40941
48,cpedro,47,0.11480,4670,11.40666,40941
49,takumakanari,47,0.11480,4717,11.52146,40941
50,Knium,45,0.10991,4762,11.63137,40941
51,lunardial,45,0.10991,4807,11.74129,40941
52,brissenden,44,0.10747,4851,11.84876,40941
53,laramiel,44,0.10747,4895,11.95623,40941
54,lingz,44,0.10747,4939,12.06370,40941
55,lingzhang-lyon,44,0.10747,4983,12.17117,40941
56,mblaschke,44,0.10747,5027,12.27864,40941
57,komainu8,43,0.10503,5070,12.38367,40941
58,kawasakitoshiya,42,0.10259,5112,12.48626,40941
59,PakDLiu,42,0.10259,5154,12.58885,40941
60,soylent,42,0.10259,5196,12.69143,40941
61,tarokkk,42,0.10259,5238,12.79402,40941
62,gintau,41,0.10014,5279,12.89416,40941
63,mamewotoko,41,0.10014,5320,12.99431,40941
64,dhrupadb,40,0.09770,5360,13.09201,40941
65,gozzip2009,40,0.09770,5400,13.18971,40941
66,hirakiuc,40,0.09770,5440,13.28741,40941
67,hovu96,40,0.09770,5480,13.38512,40941
68,innossh,40,0.09770,5520,13.48282,40941
69,JonathanSerafini,40,0.09770,5560,13.58052,40941
70,nemonium,40,0.09770,5600,13.67822,40941
71,sebv,40,0.09770,5640,13.77592,40941
72,hasjenL,39,0.09526,5679,13.87118,40941
73,yantang-msft,39,0.09526,5718,13.96644,40941
74,inokappa,38,0.09282,5756,14.05926,40941
75,kumarappan-arumugam,38,0.09282,5794,14.15207,40941
76,katsyoshi,37,0.09037,5831,14.24245,40941
77,mdoi,37,0.09037,5868,14.33282,40941
78,ecwws,36,0.08793,5904,14.42075,40941
79,shunwen,36,0.08793,5940,14.50868,40941
80,t0ffel,36,0.08793,5976,14.59661,40941
81,takaishi,36,0.08793,6012,14.68455,40941
82,bin3377,35,0.08549,6047,14.77003,40941
83,cmeerbeek,35,0.08549,6082,14.85552,40941
84,toddysm,35,0.08549,6117,14.94101,40941
85,adamenger,34,0.08305,6151,15.02406,40941
86,chris-u,34,0.08305,6185,15.10711,40941
87,cw-kuoka,34,0.08305,6219,15.19015,40941
88,dsouzajude,34,0.08305,6253,15.27320,40941
89,yu-yamada,34,0.08305,6287,15.35624,40941
90,anthonymorrisjohnson,33,0.08060,6320,15.43685,40941
91,cmoad,33,0.08060,6353,15.51745,40941
92,matsuokah,33,0.08060,6386,15.59806,40941
93,reizist,33,0.08060,6419,15.67866,40941
94,williampratt,33,0.08060,6452,15.75926,40941
95,kimutansk,32,0.07816,6484,15.83742,40941
96,vigyanik,32,0.07816,6516,15.91559,40941
97,ansoni,31,0.07572,6547,15.99130,40941
98,kvitajakub,31,0.07572,6578,16.06702,40941
99,mmasashi,31,0.07572,6609,16.14274,40941
100,yaron-idan,31,0.07572,6640,16.21846,40941
101,andreasung,30,0.07328,6670,16.29174,40941
102,jeremysuriel,30,0.07328,6700,16.36501,40941
103,josefkarasek,30,0.07328,6730,16.43829,40941
104,takyoshi,30,0.07328,6760,16.51157,40941
105,tetuyosi,30,0.07328,6790,16.58484,40941
106,chaeyk,29,0.07083,6819,16.65568,40941
107,msysyamamoto,29,0.07083,6848,16.72651,40941
108,nozino,29,0.07083,6877,16.79734,40941
109,pli01,29,0.07083,6906,16.86818,40941
110,vijaykramesh,29,0.07083,6935,16.93901,40941
111,caseyvu,28,0.06839,6963,17.00740,40941
112,cooldaemon,28,0.06839,6991,17.07579,40941
113,gp510,28,0.06839,7019,17.14418,40941
114,imunew,28,0.06839,7047,17.21257,40941
115,roiravhon,28,0.06839,7075,17.28097,40941
116,salewski,28,0.06839,7103,17.34936,40941
117,mattheworiordan,27,0.06595,7130,17.41530,40941
118,moccos,27,0.06595,7157,17.48125,40941
119,s5o-c,27,0.06595,7184,17.54720,40941
120,brycied00d,26,0.06351,7210,17.61071,40941
121,kumaravel29,26,0.06351,7236,17.67421,40941
122,seanmdick,26,0.06351,7262,17.73772,40941
123,stackdriver-instrumentation-release,26,0.06351,7288,17.80123,40941
124,ttanimichi,26,0.06351,7314,17.86473,40941
125,dxdung,25,0.06106,7339,17.92580,40941
126,ewolinetz,25,0.06106,7364,17.98686,40941
127,gaddevijay,25,0.06106,7389,18.04792,40941
128,genkami,25,0.06106,7414,18.10899,40941
129,haruyama,25,0.06106,7439,18.17005,40941
130,junpei-yoshino,25,0.06106,7464,18.23111,40941
131,jvymazal,25,0.06106,7489,18.29218,40941
132,edwin-lai,24,0.05862,7513,18.35080,40941
133,elelement,24,0.05862,7537,18.40942,40941
134,h-michael,24,0.05862,7561,18.46804,40941
135,imnotjames,24,0.05862,7585,18.52666,40941
136,kikusu,24,0.05862,7609,18.58528,40941
137,kyleboyer-optum,24,0.05862,7633,18.64390,40941
138,ohsawa0515,24,0.05862,7657,18.70252,40941
139,stanaka,24,0.05862,7681,18.76114,40941
140,wolf31o2,24,0.05862,7705,18.81977,40941
141,yoshiso,24,0.05862,7729,18.87839,40941
142,bombela,23,0.05618,7752,18.93456,40941
143,davidbtucker,23,0.05618,7775,18.99074,40941
144,Ilanak,23,0.05618,7798,19.04692,40941
145,kaecyra,23,0.05618,7821,19.10310,40941
146,sesame,23,0.05618,7844,19.15928,40941
147,sugilog,23,0.05618,7867,19.21546,40941
148,uchann2,23,0.05618,7890,19.27163,40941
149,wesyao,23,0.05618,7913,19.32781,40941
150,yudai09,23,0.05618,7936,19.38399,40941
151,ajacquemot,22,0.05374,7958,19.43773,40941
152,arthurdarcet,22,0.05374,7980,19.49146,40941
153,a-venture,22,0.05374,8002,19.54520,40941
154,dobachi,22,0.05374,8024,19.59894,40941
155,gpolaert,22,0.05374,8046,19.65267,40941
156,haritamar,22,0.05374,8068,19.70641,40941
157,imaifactory,22,0.05374,8090,19.76014,40941
158,Neozaru,22,0.05374,8112,19.81388,40941
159,shojikai,22,0.05374,8134,19.86761,40941
160,SNakano,22,0.05374,8156,19.92135,40941
161,udzura,22,0.05374,8178,19.97509,40941
162,yifriday,22,0.05374,8200,20.02882,40941
163,a4t,21,0.05129,8221,20.08012,40941
164,aerickson,21,0.05129,8242,20.13141,40941
165,ArunMj,21,0.05129,8263,20.18270,40941
166,fpytloun,21,0.05129,8284,20.23400,40941
167,meetyg,21,0.05129,8305,20.28529,40941
168,muddydixon,21,0.05129,8326,20.33658,40941
169,nigels-com,21,0.05129,8347,20.38788,40941
170,reube,21,0.05129,8368,20.43917,40941
171,scheuk,21,0.05129,8389,20.49046,40941
172,t-umeno,21,0.05129,8410,20.54176,40941
173,utun001,21,0.05129,8431,20.59305,40941
174,chicofranchico,20,0.04885,8451,20.64190,40941
175,freedragon,20,0.04885,8471,20.69075,40941
176,gaogj,20,0.04885,8491,20.73960,40941
177,koooge,20,0.04885,8511,20.78845,40941
178,r4ravi2008,20,0.04885,8531,20.83730,40941
179,sgerrand,20,0.04885,8551,20.88615,40941
180,arewoonenco,19,0.04641,8570,20.93256,40941
181,gyamxxx,19,0.04641,8589,20.97897,40941
182,jovillas,19,0.04641,8608,21.02538,40941
183,kadzuya,19,0.04641,8627,21.07179,40941
184,marcy-terui,19,0.04641,8646,21.11819,40941
185,nataly87s,19,0.04641,8665,21.16460,40941
186,pushm0v,19,0.04641,8684,21.21101,40941
187,rw-hub,19,0.04641,8703,21.25742,40941
188,shirou,19,0.04641,8722,21.30383,40941
189,shun0102,19,0.04641,8741,21.35024,40941
190,wbchn,19,0.04641,8760,21.39664,40941
191,yuuna,19,0.04641,8779,21.44305,40941
192,alexlry,18,0.04397,8797,21.48702,40941
193,deepakarumugham,18,0.04397,8815,21.53098,40941
194,Gimi,18,0.04397,8833,21.57495,40941
195,gtrevg,18,0.04397,8851,21.61892,40941
196,hari9973,18,0.04397,8869,21.66288,40941
197,lukasmrtvy,18,0.04397,8887,21.70685,40941
198,studio3104,18,0.04397,8905,21.75081,40941
199,BlackNight95,17,0.04152,8922,21.79234,40941
200,cnorthwood,17,0.04152,8939,21.83386,40941
201,ctippur,17,0.04152,8956,21.87538,40941
202,deathowl,17,0.04152,8973,21.91690,40941
203,derjohn,17,0.04152,8990,21.95843,40941
204,gihad,17,0.04152,9007,21.99995,40941
205,hassaku,17,0.04152,9024,22.04147,40941
206,hiro-su,17,0.04152,9041,22.08300,40941
207,jkschulz,17,0.04152,9058,22.12452,40941
208,nchaugen,17,0.04152,9075,22.16604,40941
209,niyonmaruz,17,0.04152,9092,22.20757,40941
210,PettitWesley,17,0.04152,9109,22.24909,40941
211,samjsong,17,0.04152,9126,22.29061,40941
212,slk244,17,0.04152,9143,22.33214,40941
213,zhron4x,17,0.04152,9160,22.37366,40941
214,bai,16,0.03908,9176,22.41274,40941
215,bmcfeely,16,0.03908,9192,22.45182,40941
216,bolek,16,0.03908,9208,22.49090,40941
217,doron327,16,0.03908,9224,22.52998,40941
218,dpippenger,16,0.03908,9240,22.56906,40941
219,elaurendeau,16,0.03908,9256,22.60814,40941
220,ephemeralsnow,16,0.03908,9272,22.64722,40941
221,giosakti,16,0.03908,9288,22.68630,40941
222,godric,16,0.03908,9304,22.72539,40941
223,kenrota,16,0.03908,9320,22.76447,40941
224,kubihie,16,0.03908,9336,22.80355,40941
225,nishi13,16,0.03908,9352,22.84263,40941
226,NivLipetz,16,0.03908,9368,22.88171,40941
227,rzilleruelo,16,0.03908,9384,22.92079,40941
228,saicologic,16,0.03908,9400,22.95987,40941
229,silviupanaite,16,0.03908,9416,22.99895,40941
230,skuwa229,16,0.03908,9432,23.03803,40941
231,timstott,16,0.03908,9448,23.07711,40941
232,tsuyoshizawa,16,0.03908,9464,23.11619,40941
233,adorechic,15,0.03664,9479,23.15283,40941
234,dkowis,15,0.03664,9494,23.18947,40941
235,Fabian-K,15,0.03664,9509,23.22611,40941
236,inthemuse,15,0.03664,9524,23.26274,40941
237,jwestbrook,15,0.03664,9539,23.29938,40941
238,khetman,15,0.03664,9554,23.33602,40941
239,korya,15,0.03664,9569,23.37266,40941
240,larte,15,0.03664,9584,23.40930,40941
241,lxfontes,15,0.03664,9599,23.44593,40941
242,millar,15,0.03664,9614,23.48257,40941
243,nabil-bouillin,15,0.03664,9629,23.51921,40941
244,Songmu,15,0.03664,9644,23.55585,40941
245,vvm-broadsoft,15,0.03664,9659,23.59249,40941
246,willbarrett,15,0.03664,9674,23.62912,40941
247,wonderful60,15,0.03664,9689,23.66576,40941
248,binarylogic,14,0.03420,9703,23.69996,40941
249,dpgaspar,14,0.03420,9717,23.73415,40941
250,endhrk,14,0.03420,9731,23.76835,40941
251,ernestas-vinted,14,0.03420,9745,23.80255,40941
252,gonsuke,14,0.03420,9759,23.83674,40941
253,guilhermef,14,0.03420,9773,23.87094,40941
254,hiroakis,14,0.03420,9787,23.90513,40941
255,john-dodson,14,0.03420,9801,23.93933,40941
256,j-o-s-h,14,0.03420,9815,23.97352,40941
257,kaorimatz,14,0.03420,9829,24.00772,40941
258,kz0817,14,0.03420,9843,24.04191,40941
259,michaelgruber,14,0.03420,9857,24.07611,40941
260,psykhi,14,0.03420,9871,24.11031,40941
261,tarata,14,0.03420,9885,24.14450,40941
262,theasp,14,0.03420,9899,24.17870,40941
263,toshitanian,14,0.03420,9913,24.21289,40941
264,waniji,14,0.03420,9927,24.24709,40941
265,899,13,0.03175,9940,24.27884,40941
266,aensidhe,13,0.03175,9953,24.31059,40941
267,alhails,13,0.03175,9966,24.34235,40941
268,fabasoad,13,0.03175,9979,24.37410,40941
269,gcs-github,13,0.03175,9992,24.40585,40941
270,jordo1138,13,0.03175,10005,24.43761,40941
271,kaija,13,0.03175,10018,24.46936,40941
272,kei-q,13,0.03175,10031,24.50111,40941
273,kenatbasis,13,0.03175,10044,24.53286,40941
274,nantani,13,0.03175,10057,24.56462,40941
275,ogontaro,13,0.03175,10070,24.59637,40941
276,olicuzo,13,0.03175,10083,24.62812,40941
277,ppp0,13,0.03175,10096,24.65988,40941
278,redmcg,13,0.03175,10109,24.69163,40941
279,swalkowski,13,0.03175,10122,24.72338,40941
280,tanan,13,0.03175,10135,24.75514,40941
281,tdtds,13,0.03175,10148,24.78689,40941
282,tksmd,13,0.03175,10161,24.81864,40941
283,tomity,13,0.03175,10174,24.85039,40941
284,xiejiangzhi,13,0.03175,10187,24.88215,40941
285,yteraoka,13,0.03175,10200,24.91390,40941
286,adbl,12,0.02931,10212,24.94321,40941
287,alex-litvak,12,0.02931,10224,24.97252,40941
288,cclien,12,0.02931,10236,25.00183,40941
289,clarsen,12,0.02931,10248,25.03114,40941
290,dterror,12,0.02931,10260,25.06045,40941
291,FlorianVeaux,12,0.02931,10272,25.08976,40941
292,gregsymons,12,0.02931,10284,25.11907,40941
293,hc-chien,12,0.02931,10296,25.14838,40941
294,jespersoderlund,12,0.02931,10308,25.17769,40941
295,JiHyunSong,12,0.02931,10320,25.20701,40941
296,mabsimms,12,0.02931,10332,25.23632,40941
297,mozamimy,12,0.02931,10344,25.26563,40941
298,mtakemi,12,0.02931,10356,25.29494,40941
299,n0nick,12,0.02931,10368,25.32425,40941
300,nakc,12,0.02931,10380,25.35356,40941
301,ndevvy,12,0.02931,10392,25.38287,40941
302,nidcode,12,0.02931,10404,25.41218,40941
303,ogibayashi,12,0.02931,10416,25.44149,40941
304,photom,12,0.02931,10428,25.47080,40941
305,puneetpahuja,12,0.02931,10440,25.50011,40941
306,Ranger-X,12,0.02931,10452,25.52942,40941
307,rram,12,0.02931,10464,25.55873,40941
308,rubensmabueno,12,0.02931,10476,25.58804,40941
309,salekseev,12,0.02931,10488,25.61735,40941
310,se-m,12,0.02931,10500,25.64666,40941
311,south37,12,0.02931,10512,25.67597,40941
312,sowawa,12,0.02931,10524,25.70528,40941
313,sradco,12,0.02931,10536,25.73459,40941
314,takanabe,12,0.02931,10548,25.76390,40941
315,tomas-zemres,12,0.02931,10560,25.79321,40941
316,trekdemo,12,0.02931,10572,25.82253,40941
317,TrevorFoster,12,0.02931,10584,25.85184,40941
318,tzmfreedom,12,0.02931,10596,25.88115,40941
319,Verhaeg,12,0.02931,10608,25.91046,40941
320,westongcooper,12,0.02931,10620,25.93977,40941
321,ymurata,12,0.02931,10632,25.96908,40941
322,austenLacy,11,0.02687,10643,25.99595,40941
323,danmx,11,0.02687,10654,26.02281,40941
324,firegrass,11,0.02687,10665,26.04968,40941
325,gabrielduarte88,11,0.02687,10676,26.07655,40941
326,gunyarakun,11,0.02687,10687,26.10342,40941
327,imantung,11,0.02687,10698,26.13029,40941
328,INFINIDATA,11,0.02687,10709,26.15715,40941
329,jdoss,11,0.02687,10720,26.18402,40941
330,jordanfbrown,11,0.02687,10731,26.21089,40941
331,koshigoe,11,0.02687,10742,26.23776,40941
332,kyanagimoto,11,0.02687,10753,26.26462,40941
333,mocyuto,11,0.02687,10764,26.29149,40941
334,mohit-soral,11,0.02687,10775,26.31836,40941
335,myokoym,11,0.02687,10786,26.34523,40941
336,nysalor,11,0.02687,10797,26.37210,40941
337,sambaiz,11,0.02687,10808,26.39896,40941
338,shidokamo,11,0.02687,10819,26.42583,40941
339,stevezau,11,0.02687,10830,26.45270,40941
340,tarom,11,0.02687,10841,26.47957,40941
341,toebbel,11,0.02687,10852,26.50644,40941
342,tommarute,11,0.02687,10863,26.53330,40941
343,tonymeng,11,0.02687,10874,26.56017,40941
344,voloyev,11,0.02687,10885,26.58704,40941
345,wshihadeh,11,0.02687,10896,26.61391,40941
346,yoshida-mediba,11,0.02687,10907,26.64078,40941
347,yusukeyamatani,11,0.02687,10918,26.66764,40941
348,amattn,10,0.02443,10928,26.69207,40941
349,andreycizov,10,0.02443,10938,26.71649,40941
350,chaurwu,10,0.02443,10948,26.74092,40941
351,dainiusjocas,10,0.02443,10958,26.76535,40941
352,DocX,10,0.02443,10968,26.78977,40941
353,dongxiao1198,10,0.02443,10978,26.81420,40941
354,efueger,10,0.02443,10988,26.83862,40941
355,emacski,10,0.02443,10998,26.86305,40941
356,funkymonkeymonk,10,0.02443,11008,26.88747,40941
357,herohde,10,0.02443,11018,26.91190,40941
358,hikouki,10,0.02443,11028,26.93632,40941
359,h-michael-z,10,0.02443,11038,26.96075,40941
360,jmikula,10,0.02443,11048,26.98517,40941
361,josh-tepper,10,0.02443,11058,27.00960,40941
362,jrthrawny,10,0.02443,11068,27.03402,40941
363,julioct,10,0.02443,11078,27.05845,40941
364,k-hal,10,0.02443,11088,27.08288,40941
365,kosuke-hida,10,0.02443,11098,27.10730,40941
366,manicminer,10,0.02443,11108,27.13173,40941
367,nagachika,10,0.02443,11118,27.15615,40941
368,navstev0,10,0.02443,11128,27.18058,40941
369,nicksabol,10,0.02443,11138,27.20500,40941
370,nkiri,10,0.02443,11148,27.22943,40941
371,olafnorge,10,0.02443,11158,27.25385,40941
372,orfah,10,0.02443,11168,27.27828,40941
373,osamunmun,10,0.02443,11178,27.30270,40941
374,pavgup,10,0.02443,11188,27.32713,40941
375,sergei-utinski,10,0.02443,11198,27.35155,40941
376,shii-take,10,0.02443,11208,27.37598,40941
377,sohaibmaroof,10,0.02443,11218,27.40041,40941
378,ualtinok,10,0.02443,11228,27.42483,40941
379,wangyuehong,10,0.02443,11238,27.44926,40941
380,wejick,10,0.02443,11248,27.47368,40941
381,wlbhiro,10,0.02443,11258,27.49811,40941
382,adiazgalache,9,0.02198,11267,27.52009,40941
383,akomic,9,0.02198,11276,27.54207,40941
384,alexfridlyand,9,0.02198,11285,27.56406,40941
385,AlexSc,9,0.02198,11294,27.58604,40941
386,asteen-nexcess,9,0.02198,11303,27.60802,40941
387,beorc,9,0.02198,11312,27.63000,40941
388,bidmath-gsulymosi,9,0.02198,11321,27.65199,40941
389,bokowski,9,0.02198,11330,27.67397,40941
390,bryntruscott,9,0.02198,11339,27.69595,40941
391,craiggenner,9,0.02198,11348,27.71794,40941
392,dataviruset,9,0.02198,11357,27.73992,40941
393,dcheney-atlassian,9,0.02198,11366,27.76190,40941
394,dennis-tra,9,0.02198,11375,27.78388,40941
395,dotwilbert,9,0.02198,11384,27.80587,40941
396,eramuk,9,0.02198,11393,27.82785,40941
397,ernestas-poskus,9,0.02198,11402,27.84983,40941
398,ezean21,9,0.02198,11411,27.87182,40941
399,farmermel,9,0.02198,11420,27.89380,40941
400,griff,9,0.02198,11429,27.91578,40941
401,hkarasek,9,0.02198,11438,27.93776,40941
402,iaintshine,9,0.02198,11447,27.95975,40941
403,iyuuya,9,0.02198,11456,27.98173,40941
404,jankeirse,9,0.02198,11465,28.00371,40941
405,kam1sh,9,0.02198,11474,28.02570,40941
406,kohend,9,0.02198,11483,28.04768,40941
407,ksss,9,0.02198,11492,28.06966,40941
408,loz,9,0.02198,11501,28.09164,40941
409,MacoTasu,9,0.02198,11510,28.11363,40941
410,maoyuanh,9,0.02198,11519,28.13561,40941
411,maxwellzdm,9,0.02198,11528,28.15759,40941
412,mohitevishal,9,0.02198,11537,28.17958,40941
413,mothershipper,9,0.02198,11546,28.20156,40941
414,nori3tsu,9,0.02198,11555,28.22354,40941
415,onurbaran,9,0.02198,11564,28.24552,40941
416,openbsod,9,0.02198,11573,28.26751,40941
417,orasik,9,0.02198,11582,28.28949,40941
418,patant,9,0.02198,11591,28.31147,40941
419,pgrm,9,0.02198,11600,28.33346,40941
420,Ponyboy47,9,0.02198,11609,28.35544,40941
421,ryan-dyer-sp,9,0.02198,11618,28.37742,40941
422,sakuma,9,0.02198,11627,28.39940,40941
423,shingo78,9,0.02198,11636,28.42139,40941
424,s-wool,9,0.02198,11645,28.44337,40941
425,tmtk75,9,0.02198,11654,28.46535,40941
426,yvesbd,9,0.02198,11663,28.48734,40941
427,zarqman,9,0.02198,11672,28.50932,40941
428,zuk,9,0.02198,11681,28.53130,40941
429,adam-hart,8,0.01954,11689,28.55084,40941
430,afking,8,0.01954,11697,28.57038,40941
431,amread,8,0.01954,11705,28.58992,40941
432,AndrewChubatiuk,8,0.01954,11713,28.60946,40941
433,anphung,8,0.01954,11721,28.62900,40941
434,ben-scully,8,0.01954,11729,28.64854,40941
435,blarghmatey,8,0.01954,11737,28.66808,40941
436,carlos-montiers,8,0.01954,11745,28.68762,40941
437,danielward,8,0.01954,11753,28.70716,40941
438,desdic,8,0.01954,11761,28.72670,40941
439,dhalai,8,0.01954,11769,28.74624,40941
440,dogweather,8,0.01954,11777,28.76578,40941
441,dougneal,8,0.01954,11785,28.78533,40941
442,eadred,8,0.01954,11793,28.80487,40941
443,GAHila,8,0.01954,11801,28.82441,40941
444,galanoff,8,0.01954,11809,28.84395,40941
445,ggaall,8,0.01954,11817,28.86349,40941
446,gom,8,0.01954,11825,28.88303,40941
447,Indrius,8,0.01954,11833,28.90257,40941
448,jamesmmchugh,8,0.01954,11841,28.92211,40941
449,jcerjak,8,0.01954,11849,28.94165,40941
450,jesseolsen,8,0.01954,11857,28.96119,40941
451,Jitsusama,8,0.01954,11865,28.98073,40941
452,joshk0,8,0.01954,11873,29.00027,40941
453,kavu,8,0.01954,11881,29.01981,40941
454,komal-SkyNET,8,0.01954,11889,29.03935,40941
455,KrzysztofKowalczyk,8,0.01954,11897,29.05889,40941
456,Ma-Dan,8,0.01954,11905,29.07843,40941
457,MasahikoSawada,8,0.01954,11913,29.09797,40941
458,m-mizutani,8,0.01954,11921,29.11751,40941
459,paihu,8,0.01954,11929,29.13705,40941
460,patrikbeno,8,0.01954,11937,29.15659,40941
461,reireias,8,0.01954,11945,29.17613,40941
462,renaudboutet,8,0.01954,11953,29.19567,40941
463,robertfirek,8,0.01954,11961,29.21521,40941
464,seikai,8,0.01954,11969,29.23475,40941
465,static-max,8,0.01954,11977,29.25429,40941
466,terev,8,0.01954,11985,29.27383,40941
467,tkimura,8,0.01954,11993,29.29337,40941
468,tobio,8,0.01954,12001,29.31291,40941
469,t-osakada,8,0.01954,12009,29.33245,40941
470,toshihirock,8,0.01954,12017,29.35199,40941
471,VAveryanov8,8,0.01954,12025,29.37153,40941
472,xjz19901211,8,0.01954,12033,29.39107,40941
473,yuku-t,8,0.01954,12041,29.41062,40941
474,yuuzi41,8,0.01954,12049,29.43016,40941
475,zsoltf,8,0.01954,12057,29.44970,40941
476,adamchainz,7,0.01710,12064,29.46679,40941
477,akuchins,7,0.01710,12071,29.48389,40941
478,aperigault,7,0.01710,12078,29.50099,40941
479,bbruun,7,0.01710,12085,29.51809,40941
480,bchew,7,0.01710,12092,29.53518,40941
481,btucker,7,0.01710,12099,29.55228,40941
482,ccheek21,7,0.01710,12106,29.56938,40941
483,craibuc,7,0.01710,12113,29.58648,40941
484,ctbucha,7,0.01710,12120,29.60358,40941
485,dpatekar,7,0.01710,12127,29.62067,40941
486,dzavalkinolx,7,0.01710,12134,29.63777,40941
487,eadasiak,7,0.01710,12141,29.65487,40941
488,eisuke,7,0.01710,12148,29.67197,40941
489,gabrielvelo,7,0.01710,12155,29.68906,40941
490,gamunu,7,0.01710,12162,29.70616,40941
491,HackToHell,7,0.01710,12169,29.72326,40941
492,hajimeni,7,0.01710,12176,29.74036,40941
493,hiraro,7,0.01710,12183,29.75746,40941
494,ken1ma,7,0.01710,12190,29.77455,40941
495,ken39arg,7,0.01710,12197,29.79165,40941
496,kikumoto,7,0.01710,12204,29.80875,40941
497,knqyf263,7,0.01710,12211,29.82585,40941
498,logachev,7,0.01710,12218,29.84294,40941
499,MaheshKReddy,7,0.01710,12225,29.86004,40941
500,mattk42,7,0.01710,12232,29.87714,40941
501,mhrabovcin,7,0.01710,12239,29.89424,40941
502,moaikids,7,0.01710,12246,29.91134,40941
503,moog-stephen,7,0.01710,12253,29.92843,40941
504,neguse,7,0.01710,12260,29.94553,40941
505,nel215,7,0.01710,12267,29.96263,40941
506,ninadpage,7,0.01710,12274,29.97973,40941
507,notmaxx,7,0.01710,12281,29.99682,40941
508,petertornyi,7,0.01710,12288,30.01392,40941
509,PhilGrayson,7,0.01710,12295,30.03102,40941
510,phstudy,7,0.01710,12302,30.04812,40941
511,polidog,7,0.01710,12309,30.06522,40941
512,raihanhbh,7,0.01710,12316,30.08231,40941
513,randyh0329,7,0.01710,12323,30.09941,40941
514,rodvdka,7,0.01710,12330,30.11651,40941
515,saorio,7,0.01710,12337,30.13361,40941
516,schakrava,7,0.01710,12344,30.15070,40941
517,senthilkumar-kj,7,0.01710,12351,30.16780,40941
518,shyouhei,7,0.01710,12358,30.18490,40941
519,sredni,7,0.01710,12365,30.20200,40941
520,stephenkingsley,7,0.01710,12372,30.21910,40941
521,tatsu-yam,7,0.01710,12379,30.23619,40941
522,thinkerbot,7,0.01710,12386,30.25329,40941
523,tmatsuo,7,0.01710,12393,30.27039,40941
524,to30,7,0.01710,12400,30.28749,40941
525,tomohisaota,7,0.01710,12407,30.30458,40941
526,tsingakbar,7,0.01710,12414,30.32168,40941
527,turettn,7,0.01710,12421,30.33878,40941
528,urin,7,0.01710,12428,30.35588,40941
529,wmotti,7,0.01710,12435,30.37298,40941
530,yarinm,7,0.01710,12442,30.39007,40941
531,yiwork,7,0.01710,12449,30.40717,40941
532,Yuji-Yamamoto-Recruit,7,0.01710,12456,30.42427,40941
533,Zaki-XL,7,0.01710,12463,30.44137,40941
534,zmmille2,7,0.01710,12470,30.45846,40941
535,6pongi,6,0.01466,12476,30.47312,40941
536,ahaikal,6,0.01466,12482,30.48778,40941
537,airtoxin,6,0.01466,12488,30.50243,40941
538,alsmith,6,0.01466,12494,30.51709,40941
539,ara-ta3,6,0.01466,12500,30.53174,40941
540,armchairlinguist,6,0.01466,12506,30.54640,40941
541,atkinsj,6,0.01466,12512,30.56105,40941
542,bigwheel,6,0.01466,12518,30.57571,40941
543,black-roland,6,0.01466,12524,30.59036,40941
544,bohacekm,6,0.01466,12530,30.60502,40941
545,bpsizemore,6,0.01466,12536,30.61967,40941
546,CaDs,6,0.01466,12542,30.63433,40941
547,charlesnagy,6,0.01466,12548,30.64898,40941
548,cvuillemez,6,0.01466,12554,30.66364,40941
549,daijiro,6,0.01466,12560,30.67829,40941
550,detfis,6,0.01466,12566,30.69295,40941
551,dkuntz2,6,0.01466,12572,30.70760,40941
552,dsapala,6,0.01466,12578,30.72226,40941
553,ehsanmasdar,6,0.01466,12584,30.73691,40941
554,Engerim,6,0.01466,12590,30.75157,40941
555,Ewocker,6,0.01466,12596,30.76622,40941
556,faberge-eggs,6,0.01466,12602,30.78088,40941
557,fabregas4you,6,0.01466,12608,30.79554,40941
558,five-iron,6,0.01466,12614,30.81019,40941
559,fwojciak,6,0.01466,12620,30.82485,40941
560,geek876,6,0.01466,12626,30.83950,40941
561,genehand,6,0.01466,12632,30.85416,40941
562,georgegoh,6,0.01466,12638,30.86881,40941
563,gerhard-strauss,6,0.01466,12644,30.88347,40941
564,gszadkow,6,0.01466,12650,30.89812,40941
565,hawkblade124,6,0.01466,12656,30.91278,40941
566,hiloki0529,6,0.01466,12662,30.92743,40941
567,hokuts,6,0.01466,12668,30.94209,40941
568,hrix,6,0.01466,12674,30.95674,40941
569,iceone,6,0.01466,12680,30.97140,40941
570,idohalevi,6,0.01466,12686,30.98605,40941
571,Jackyjjc,6,0.01466,12692,31.00071,40941
572,jamessantos10,6,0.01466,12698,31.01536,40941
573,jbarreneche,6,0.01466,12704,31.03002,40941
574,jicong,6,0.01466,12710,31.04467,40941
575,JimiSmith,6,0.01466,12716,31.05933,40941
576,jleinfors,6,0.01466,12722,31.07398,40941
577,jmmgr,6,0.01466,12728,31.08864,40941
578,jpgonzalez1985,6,0.01466,12734,31.10329,40941
579,jseely,6,0.01466,12740,31.11795,40941
580,kaz,6,0.01466,12746,31.13261,40941
581,kazeichev,6,0.01466,12752,31.14726,40941
582,kazuki1213,6,0.01466,12758,31.16192,40941
583,kerinin,6,0.01466,12764,31.17657,40941
584,lenfree,6,0.01466,12770,31.19123,40941
585,lucasas,6,0.01466,12776,31.20588,40941
586,martin308,6,0.01466,12782,31.22054,40941
587,mjourard,6,0.01466,12788,31.23519,40941
588,my-dev,6,0.01466,12794,31.24985,40941
589,nanaal,6,0.01466,12800,31.26450,40941
590,ngocson2vn,6,0.01466,12806,31.27916,40941
591,opklnm102,6,0.01466,12812,31.29381,40941
592,paroga,6,0.01466,12818,31.30847,40941
593,pef-secure,6,0.01466,12824,31.32312,40941
594,phendryx,6,0.01466,12830,31.33778,40941
595,quick-sort,6,0.01466,12836,31.35243,40941
596,sangwook,6,0.01466,12842,31.36709,40941
597,sebryu,6,0.01466,12848,31.38174,40941
598,sett4,6,0.01466,12854,31.39640,40941
599,smallcreep,6,0.01466,12860,31.41105,40941
600,stevenjm,6,0.01466,12866,31.42571,40941
601,StevTheDev,6,0.01466,12872,31.44037,40941
602,szaharici,6,0.01466,12878,31.45502,40941
603,t4ku,6,0.01466,12884,31.46968,40941
604,tetsusat,6,0.01466,12890,31.48433,40941
605,thorikiri,6,0.01466,12896,31.49899,40941
606,tiagodeoliveira,6,0.01466,12902,31.51364,40941
607,tilfin,6,0.01466,12908,31.52830,40941
608,tschroeder-zendesk,6,0.01466,12914,31.54295,40941
609,ulandj,6,0.01466,12920,31.55761,40941
610,vatine,6,0.01466,12926,31.57226,40941
611,vitalvas,6,0.01466,12932,31.58692,40941
612,xarsh,6,0.01466,12938,31.60157,40941
613,yyamano,6,0.01466,12944,31.61623,40941
614,9teen90nine,5,0.01221,12949,31.62844,40941
615,adambom,5,0.01221,12954,31.64065,40941
616,adrianlzt,5,0.01221,12959,31.65287,40941
617,ahughes02,5,0.01221,12964,31.66508,40941
618,AKoetsier,5,0.01221,12969,31.67729,40941
619,amatellanes,5,0.01221,12974,31.68950,40941
620,andreaslangsays,5,0.01221,12979,31.70172,40941
621,arun057,5,0.01221,12984,31.71393,40941
622,astj,5,0.01221,12989,31.72614,40941
623,banyan,5,0.01221,12994,31.73836,40941
624,bernii,5,0.01221,12999,31.75057,40941
625,chriskirkland,5,0.01221,13004,31.76278,40941
626,colourmeamused,5,0.01221,13009,31.77499,40941
627,danielporfirio,5,0.01221,13014,31.78721,40941
628,davidglvn,5,0.01221,13019,31.79942,40941
629,echoby,5,0.01221,13024,31.81163,40941
630,edude03,5,0.01221,13029,31.82384,40941
631,ermitovski,5,0.01221,13034,31.83606,40941
632,ethanliou,5,0.01221,13039,31.84827,40941
633,EthanLiou,5,0.01221,13044,31.86048,40941
634,Fl0rianH,5,0.01221,13049,31.87269,40941
635,gabfl,5,0.01221,13054,31.88491,40941
636,gbagnoli,5,0.01221,13059,31.89712,40941
637,ghicks-rmn,5,0.01221,13064,31.90933,40941
638,henry0312,5,0.01221,13069,31.92155,40941
639,hmac,5,0.01221,13074,31.93376,40941
640,hoozecn,5,0.01221,13079,31.94597,40941
641,ikeda-yuko,5,0.01221,13084,31.95818,40941
642,iwasakims,5,0.01221,13089,31.97040,40941
643,jakshi,5,0.01221,13094,31.98261,40941
644,jitran,5,0.01221,13099,31.99482,40941
645,joakim,5,0.01221,13104,32.00703,40941
646,johnjmaguire,5,0.01221,13109,32.01925,40941
647,jonathanibers,5,0.01221,13114,32.03146,40941
648,jperkelens,5,0.01221,13119,32.04367,40941
649,k63207,5,0.01221,13124,32.05589,40941
650,kaakaa,5,0.01221,13129,32.06810,40941
651,kantica,5,0.01221,13134,32.08031,40941
652,keijiyoshida,5,0.01221,13139,32.09252,40941
653,keitap,5,0.01221,13144,32.10474,40941
654,kikuchi-d,5,0.01221,13149,32.11695,40941
655,kumudt,5,0.01221,13154,32.12916,40941
656,laurrentt,5,0.01221,13159,32.14137,40941
657,lobeck,5,0.01221,13164,32.15359,40941
658,lyiase,5,0.01221,13169,32.16580,40941
659,majwang,5,0.01221,13174,32.17801,40941
660,mananyuki,5,0.01221,13179,32.19022,40941
661,MariePMcGarry,5,0.01221,13184,32.20244,40941
662,maxkochubey,5,0.01221,13189,32.21465,40941
663,memorycraft,5,0.01221,13194,32.22686,40941
664,michi-covalent,5,0.01221,13199,32.23908,40941
665,mlohstroh,5,0.01221,13204,32.25129,40941
666,mobilesfinks,5,0.01221,13209,32.26350,40941
667,mookjp,5,0.01221,13214,32.27571,40941
668,mortenk,5,0.01221,13219,32.28793,40941
669,mrkurt,5,0.01221,13224,32.30014,40941
670,mthssdrbrg,5,0.01221,13229,32.31235,40941
671,murata100,5,0.01221,13234,32.32456,40941
672,naomichi-y,5,0.01221,13239,32.33678,40941
673,NorihisaNakai,5,0.01221,13244,32.34899,40941
674,onet-git,5,0.01221,13249,32.36120,40941
675,phiremande,5,0.01221,13254,32.37342,40941
676,pocke,5,0.01221,13259,32.38563,40941
677,poiati,5,0.01221,13264,32.39784,40941
678,PP700,5,0.01221,13269,32.41005,40941
679,pyinx,5,0.01221,13274,32.42227,40941
680,ramiayoub-priv,5,0.01221,13279,32.43448,40941
681,ramyala,5,0.01221,13284,32.44669,40941
682,richelam,5,0.01221,13289,32.45890,40941
683,RonnyLV,5,0.01221,13294,32.47112,40941
684,shkhisti,5,0.01221,13299,32.48333,40941
685,smithtopher,5,0.01221,13304,32.49554,40941
686,spacewander,5,0.01221,13309,32.50776,40941
687,spynode,5,0.01221,13314,32.51997,40941
688,tech-mocha,5,0.01221,13319,32.53218,40941
689,thepeak99,5,0.01221,13324,32.54439,40941
690,tomotake-koike,5,0.01221,13329,32.55661,40941
691,TrickyMonkey,5,0.01221,13334,32.56882,40941
692,trombik,5,0.01221,13339,32.58103,40941
693,upinetree,5,0.01221,13344,32.59324,40941
694,vvk,5,0.01221,13349,32.60546,40941
695,yawboateng,5,0.01221,13354,32.61767,40941
696,yui-knk,5,0.01221,13359,32.62988,40941
697,aboyett,4,0.00977,13363,32.63965,40941
698,ahsandar,4,0.00977,13367,32.64942,40941
699,akashagrawal,4,0.00977,13371,32.65919,40941
700,akihiro17,4,0.00977,13375,32.66896,40941
701,akira-kuriyama,4,0.00977,13379,32.67873,40941
702,analogrithems,4,0.00977,13383,32.68850,40941
703,andyzhuangyy,4,0.00977,13387,32.69827,40941
704,annaborja,4,0.00977,13391,32.70804,40941
705,arpit-singhal,4,0.00977,13395,32.71781,40941
706,authorNari,4,0.00977,13399,32.72758,40941
707,avikam,4,0.00977,13403,32.73735,40941
708,baconz,4,0.00977,13407,32.74712,40941
709,baronomasia,4,0.00977,13411,32.75689,40941
710,benschwarz,4,0.00977,13415,32.76666,40941
711,blaryjp,4,0.00977,13419,32.77643,40941
712,brava-vinh,4,0.00977,13423,32.78620,40941
713,calvinx408,4,0.00977,13427,32.79597,40941
714,caosiyang,4,0.00977,13431,32.80574,40941
715,cdwertmann,4,0.00977,13435,32.81552,40941
716,centurysys,4,0.00977,13439,32.82529,40941
717,cherrot,4,0.00977,13443,32.83506,40941
718,chrisleck,4,0.00977,13447,32.84483,40941
719,clamoriniere,4,0.00977,13451,32.85460,40941
720,codespill,4,0.00977,13455,32.86437,40941
721,croemmich,4,0.00977,13459,32.87414,40941
722,daniel-ciaglia,4,0.00977,13463,32.88391,40941
723,dave7373,4,0.00977,13467,32.89368,40941
724,davidwin93,4,0.00977,13471,32.90345,40941
725,dblN,4,0.00977,13475,32.91322,40941
726,deg84,4,0.00977,13479,32.92299,40941
727,dometec,4,0.00977,13483,32.93276,40941
728,edvakf,4,0.00977,13487,32.94253,40941
729,emalihin,4,0.00977,13491,32.95230,40941
730,ErebusBat,4,0.00977,13495,32.96207,40941
731,ermaker,4,0.00977,13499,32.97184,40941
732,farman1855,4,0.00977,13503,32.98161,40941
733,FearTheBadger,4,0.00977,13507,32.99138,40941
734,fetaro,4,0.00977,13511,33.00115,40941
735,foxtrot9,4,0.00977,13515,33.01092,40941
736,fragtom,4,0.00977,13519,33.02069,40941
737,ghostylee,4,0.00977,13523,33.03046,40941
738,gitrc,4,0.00977,13527,33.04023,40941
739,gmr,4,0.00977,13531,33.05000,40941
740,haru01,4,0.00977,13535,33.05977,40941
741,helli0n,4,0.00977,13539,33.06954,40941
742,heocoi,4,0.00977,13543,33.07931,40941
743,hjdr4,4,0.00977,13547,33.08908,40941
744,hombres95,4,0.00977,13551,33.09885,40941
745,ibrasec,4,0.00977,13555,33.10862,40941
746,iconeb,4,0.00977,13559,33.11839,40941
747,igal-stratoscale,4,0.00977,13563,33.12816,40941
748,ingvarm-gr,4,0.00977,13567,33.13793,40941
749,JackQuincy,4,0.00977,13571,33.14770,40941
750,japzio,4,0.00977,13575,33.15747,40941
751,jaygorrell,4,0.00977,13579,33.16724,40941
752,jdrydn,4,0.00977,13583,33.17701,40941
753,jeffsink,4,0.00977,13587,33.18678,40941
754,jefimm,4,0.00977,13591,33.19655,40941
755,jernyreverb,4,0.00977,13595,33.20632,40941
756,Jimflip,4,0.00977,13599,33.21609,40941
757,jnmly,4,0.00977,13603,33.22586,40941
758,joeyfromspace,4,0.00977,13607,33.23563,40941
759,johan-g,4,0.00977,13611,33.24540,40941
760,joycechangeorg,4,0.00977,13615,33.25517,40941
761,JustinHead,4,0.00977,13619,33.26494,40941
762,kaihar4,4,0.00977,13623,33.27471,40941
763,kazuya-igarashi,4,0.00977,13627,33.28448,40941
764,kmkswamy,4,0.00977,13631,33.29425,40941
765,kohey18,4,0.00977,13635,33.30402,40941
766,koid,4,0.00977,13639,33.31379,40941
767,leesa123,4,0.00977,13643,33.32356,40941
768,leesmith,4,0.00977,13647,33.33333,40941
769,m15o,4,0.00977,13651,33.34310,40941
770,ma2shita,4,0.00977,13655,33.35287,40941
771,manuel220x,4,0.00977,13659,33.36264,40941
772,maplebed,4,0.00977,13663,33.37241,40941
773,mariomarin,4,0.00977,13667,33.38218,40941
774,mariusgrigaitis,4,0.00977,13671,33.39195,40941
775,markgergely,4,0.00977,13675,33.40172,40941
776,martiyanov,4,0.00977,13679,33.41149,40941
777,mathpl,4,0.00977,13683,33.42126,40941
778,mcarbonneaux,4,0.00977,13687,33.43103,40941
779,megamk,4,0.00977,13691,33.44081,40941
780,metalfork,4,0.00977,13695,33.45058,40941
781,mmariani,4,0.00977,13699,33.46035,40941
782,moranmathias,4,0.00977,13703,33.47012,40941
783,mpergament,4,0.00977,13707,33.47989,40941
784,munangst,4,0.00977,13711,33.48966,40941
785,mwpeterson,4,0.00977,13715,33.49943,40941
786,nagas,4,0.00977,13719,33.50920,40941
787,NBParis,4,0.00977,13723,33.51897,40941
788,nemodija,4,0.00977,13727,33.52874,40941
789,ngotim,4,0.00977,13731,33.53851,40941
790,nkawa,4,0.00977,13735,33.54828,40941
791,nvanheuverzwijn,4,0.00977,13739,33.55805,40941
792,nyamairi,4,0.00977,13743,33.56782,40941
793,ofer-velich,4,0.00977,13747,33.57759,40941
794,ogis-uematsu,4,0.00977,13751,33.58736,40941
795,ota42y,4,0.00977,13755,33.59713,40941
796,paran01d,4,0.00977,13759,33.60690,40941
797,perrin4869,4,0.00977,13763,33.61667,40941
798,peter-moffatt,4,0.00977,13767,33.62644,40941
799,pivelpin,4,0.00977,13771,33.63621,40941
800,pokehanai,4,0.00977,13775,33.64598,40941
801,ramsateesh,4,0.00977,13779,33.65575,40941
802,robdiciuccio,4,0.00977,13783,33.66552,40941
803,ronhopper,4,0.00977,13787,33.67529,40941
804,rudolf-focuscura,4,0.00977,13791,33.68506,40941
805,ruseel,4,0.00977,13795,33.69483,40941
806,scalp42,4,0.00977,13799,33.70460,40941
807,seandilda,4,0.00977,13803,33.71437,40941
808,Shell32-Natsu,4,0.00977,13807,33.72414,40941
809,shellemech,4,0.00977,13811,33.73391,40941
810,shunsukeaihara,4,0.00977,13815,33.74368,40941
811,sjoerdmulder,4,0.00977,13819,33.75345,40941
812,skwp,4,0.00977,13823,33.76322,40941
813,soultemple,4,0.00977,13827,33.77299,40941
814,spackle0,4,0.00977,13831,33.78276,40941
815,stanhu,4,0.00977,13835,33.79253,40941
816,StanikLukasz,4,0.00977,13839,33.80230,40941
817,stayman,4,0.00977,13843,33.81207,40941
818,steynovich,4,0.00977,13847,33.82184,40941
819,sudabon,4,0.00977,13851,33.83161,40941
820,suprememoocow,4,0.00977,13855,33.84138,40941
821,takehito-kogure,4,0.00977,13859,33.85115,40941
822,talkraghu,4,0.00977,13863,33.86092,40941
823,tmshn,4,0.00977,13867,33.87069,40941
824,tmsrjs,4,0.00977,13871,33.88046,40941
825,travail,4,0.00977,13875,33.89023,40941
826,trevrosen,4,0.00977,13879,33.90000,40941
827,ttyz,4,0.00977,13883,33.90977,40941
828,valdas406,4,0.00977,13887,33.91954,40941
829,varun-tdt,4,0.00977,13891,33.92931,40941
830,vigasin,4,0.00977,13895,33.93908,40941
831,w821881341,4,0.00977,13899,33.94885,40941
832,wd,4,0.00977,13903,33.95862,40941
833,withsmilo,4,0.00977,13907,33.96839,40941
834,wkruse,4,0.00977,13911,33.97816,40941
835,woostundy,4,0.00977,13915,33.98793,40941
836,wydream,4,0.00977,13919,33.99770,40941
837,yamada-shinji,4,0.00977,13923,34.00747,40941
838,yanif,4,0.00977,13927,34.01724,40941
839,yichenghuang,4,0.00977,13931,34.02701,40941
840,ymotongpoo,4,0.00977,13935,34.03678,40941
841,youyo,4,0.00977,13939,34.04655,40941
842,yuya373,4,0.00977,13943,34.05632,40941
843,010akv,3,0.00733,13946,34.06365,40941
844,9diov,3,0.00733,13949,34.07098,40941
845,abhishekkr,3,0.00733,13952,34.07831,40941
846,a-elita,3,0.00733,13955,34.08564,40941
847,afshinm,3,0.00733,13958,34.09296,40941
848,aiharak,3,0.00733,13961,34.10029,40941
849,ainame,3,0.00733,13964,34.10762,40941
850,akhan4u,3,0.00733,13967,34.11495,40941
851,alexandreweiss,3,0.00733,13970,34.12227,40941
852,alice02,3,0.00733,13973,34.12960,40941
853,alikhil,3,0.00733,13976,34.13693,40941
854,allantin,3,0.00733,13979,34.14426,40941
855,andreaslang,3,0.00733,13982,34.15158,40941
856,antonshi,3,0.00733,13985,34.15891,40941
857,ap4y,3,0.00733,13988,34.16624,40941
858,archiebartleman,3,0.00733,13991,34.17357,40941
859,atskimura,3,0.00733,13994,34.18089,40941
860,awaage,3,0.00733,13997,34.18822,40941
861,azamara,3,0.00733,14000,34.19555,40941
862,barrytam20,3,0.00733,14003,34.20288,40941
863,blemale,3,0.00733,14006,34.21020,40941
864,bodik,3,0.00733,14009,34.21753,40941
865,bohyn,3,0.00733,14012,34.22486,40941
866,breath-co2,3,0.00733,14015,34.23219,40941
867,buom,3,0.00733,14018,34.23952,40941
868,cadyb,3,0.00733,14021,34.24684,40941
869,Caiyeon,3,0.00733,14024,34.25417,40941
870,canfikret,3,0.00733,14027,34.26150,40941
871,cazorla19,3,0.00733,14030,34.26883,40941
872,ch1aki,3,0.00733,14033,34.27615,40941
873,chen-anders,3,0.00733,14036,34.28348,40941
874,chentom88,3,0.00733,14039,34.29081,40941
875,cimframe,3,0.00733,14042,34.29814,40941
876,clear10,3,0.00733,14045,34.30546,40941
877,cmarodrigues,3,0.00733,14048,34.31279,40941
878,Coac,3,0.00733,14051,34.32012,40941
879,coreyt,3,0.00733,14054,34.32745,40941
880,cosmok,3,0.00733,14057,34.33477,40941
881,DaisukeHayata,3,0.00733,14060,34.34210,40941
882,dgc-wh,3,0.00733,14063,34.34943,40941
883,diegodf,3,0.00733,14066,34.35676,40941
884,disigma,3,0.00733,14069,34.36408,40941
885,dixentw,3,0.00733,14072,34.37141,40941
886,dmgcodevil,3,0.00733,14075,34.37874,40941
887,do-aki,3,0.00733,14078,34.38607,40941
888,dpmills,3,0.00733,14081,34.39340,40941
889,dtmistry,3,0.00733,14084,34.40072,40941
890,eastebry,3,0.00733,14087,34.40805,40941
891,eeddaann,3,0.00733,14090,34.41538,40941
892,ekimekim,3,0.00733,14093,34.42271,40941
893,ekosilitonga,3,0.00733,14096,34.43003,40941
894,elain,3,0.00733,14099,34.43736,40941
895,elvisgiv,3,0.00733,14102,34.44469,40941
896,everythings-gonna-be-alright,3,0.00733,14105,34.45202,40941
897,fangli,3,0.00733,14108,34.45934,40941
898,firemax,3,0.00733,14111,34.46667,40941
899,gaetan-deputier,3,0.00733,14114,34.47400,40941
900,gcaracuel,3,0.00733,14117,34.48133,40941
901,george-angel,3,0.00733,14120,34.48865,40941
902,geota,3,0.00733,14123,34.49598,40941
903,GerryLon,3,0.00733,14126,34.50331,40941
904,graysonc,3,0.00733,14129,34.51064,40941
905,groulot,3,0.00733,14132,34.51796,40941
906,gshively11,3,0.00733,14135,34.52529,40941
907,hao7860286,3,0.00733,14138,34.53262,40941
908,hlx98007,3,0.00733,14141,34.53995,40941
909,hmorgado,3,0.00733,14144,34.54728,40941
910,holysugar,3,0.00733,14147,34.55460,40941
911,huacnlee,3,0.00733,14150,34.56193,40941
912,huynq0911,3,0.00733,14153,34.56926,40941
913,iliecz,3,0.00733,14156,34.57659,40941
914,IppX,3,0.00733,14159,34.58391,40941
915,iwilltry42,3,0.00733,14162,34.59124,40941
916,janerikcarlsen,3,0.00733,14165,34.59857,40941
917,jasonzio,3,0.00733,14168,34.60590,40941
918,jayhding,3,0.00733,14171,34.61322,40941
919,jc89,3,0.00733,14174,34.62055,40941
920,jdevalk2,3,0.00733,14177,34.62788,40941
921,jdrago999,3,0.00733,14180,34.63521,40941
922,jenworthington,3,0.00733,14183,34.64253,40941
923,jgmchan,3,0.00733,14186,34.64986,40941
924,jhinklew,3,0.00733,14189,34.65719,40941
925,jlgoolsbee,3,0.00733,14192,34.66452,40941
926,jorgerod,3,0.00733,14195,34.67184,40941
927,jose-cieni-movile,3,0.00733,14198,34.67917,40941
928,jupitercl,3,0.00733,14201,34.68650,40941
929,kailashyogeshwar85,3,0.00733,14204,34.69383,40941
930,kamirendawkins,3,0.00733,14207,34.70116,40941
931,Kartik-28,3,0.00733,14210,34.70848,40941
932,karupanerura,3,0.00733,14213,34.71581,40941
933,katsew,3,0.00733,14216,34.72314,40941
934,kaznishi,3,0.00733,14219,34.73047,40941
935,kevinchiu,3,0.00733,14222,34.73779,40941
936,KobacDice,3,0.00733,14225,34.74512,40941
937,korprulu,3,0.00733,14228,34.75245,40941
938,kukai,3,0.00733,14231,34.75978,40941
939,kusakari,3,0.00733,14234,34.76710,40941
940,kyu999,3,0.00733,14237,34.77443,40941
941,LarryLo,3,0.00733,14240,34.78176,40941
942,leesmith110,3,0.00733,14243,34.78909,40941
943,lht,3,0.00733,14246,34.79641,40941
944,liaoyupeng,3,0.00733,14249,34.80374,40941
945,liviaerxin,3,0.00733,14252,34.81107,40941
946,lucas-aragno,3,0.00733,14255,34.81840,40941
947,lucasfernando,3,0.00733,14258,34.82572,40941
948,MasayukiKiyota,3,0.00733,14261,34.83305,40941
949,matsuzj,3,0.00733,14264,34.84038,40941
950,mazeika,3,0.00733,14267,34.84771,40941
951,mburns,3,0.00733,14270,34.85504,40941
952,mew109,3,0.00733,14273,34.86236,40941
953,mhowsden,3,0.00733,14276,34.86969,40941
954,michaelarick,3,0.00733,14279,34.87702,40941
955,mihaibuzgau,3,0.00733,14282,34.88435,40941
956,mihir2402,3,0.00733,14285,34.89167,40941
957,minamijoyo,3,0.00733,14288,34.89900,40941
958,mineblue,3,0.00733,14291,34.90633,40941
959,mitch-sge,3,0.00733,14294,34.91366,40941
960,miyaichi,3,0.00733,14297,34.92098,40941
961,mpas,3,0.00733,14300,34.92831,40941
962,msysh,3,0.00733,14303,34.93564,40941
963,mtaylor91,3,0.00733,14306,34.94297,40941
964,mwestber,3,0.00733,14309,34.95029,40941
965,NathanPower,3,0.00733,14312,34.95762,40941
966,nicgrayson,3,0.00733,14315,34.96495,40941
967,njam,3,0.00733,14318,34.97228,40941
968,nnovikov,3,0.00733,14321,34.97960,40941
969,oemdaro,3,0.00733,14324,34.98693,40941
970,ofirnn,3,0.00733,14327,34.99426,40941
971,okumin,3,0.00733,14330,35.00159,40941
972,ouziel-slama,3,0.00733,14333,35.00892,40941
973,pentium10,3,0.00733,14336,35.01624,40941
974,pradeep-mishra,3,0.00733,14339,35.02357,40941
975,ps7exp,3,0.00733,14342,35.03090,40941
976,pyama86,3,0.00733,14345,35.03823,40941
977,quaelin,3,0.00733,14348,35.04555,40941
978,Quarky9,3,0.00733,14351,35.05288,40941
979,r0stig,3,0.00733,14354,35.06021,40941
980,radenui,3,0.00733,14357,35.06754,40941
981,rakvat,3,0.00733,14360,35.07486,40941
982,replay,3,0.00733,14363,35.08219,40941
983,respectus,3,0.00733,14366,35.08952,40941
984,roche-d,3,0.00733,14369,35.09685,40941
985,ruiwen,3,0.00733,14372,35.10417,40941
986,rvmiller89,3,0.00733,14375,35.11150,40941
987,rywater,3,0.00733,14378,35.11883,40941
988,scrwr,3,0.00733,14381,35.12616,40941
989,sebastianmacarescu,3,0.00733,14384,35.13348,40941
990,sehanko,3,0.00733,14387,35.14081,40941
991,sei-jmattson,3,0.00733,14390,35.14814,40941
992,seratch,3,0.00733,14393,35.15547,40941
993,shagabutdinov,3,0.00733,14396,35.16280,40941
994,simonasr,3,0.00733,14399,35.17012,40941
995,soulhead1mg,3,0.00733,14402,35.17745,40941
996,spijet,3,0.00733,14405,35.18478,40941
997,splnkit,3,0.00733,14408,35.19211,40941
998,sprohaska,3,0.00733,14411,35.19943,40941
999,sqsw,3,0.00733,14414,35.20676,40941
1000,summerwind,3,0.00733,14417,35.21409,40941
1001,surfraz,3,0.00733,14420,35.22142,40941
1002,temoon,3,0.00733,14423,35.22874,40941
1003,Thanad,3,0.00733,14426,35.23607,40941
1004,tkob,3,0.00733,14429,35.24340,40941
1005,toddc-vmware,3,0.00733,14432,35.25073,40941
1006,torbjorn2000,3,0.00733,14435,35.25805,40941
1007,traxo-xx,3,0.00733,14438,35.26538,40941
1008,tredman,3,0.00733,14441,35.27271,40941
1009,trickyfck,3,0.00733,14444,35.28004,40941
1010,trungduyvu,3,0.00733,14447,35.28736,40941
1011,tuomasjjrasanen,3,0.00733,14450,35.29469,40941
1012,TYsewyn,3,0.00733,14453,35.30202,40941
1013,unquietwiki,3,0.00733,14456,35.30935,40941
1014,vitchester,3,0.00733,14459,35.31668,40941
1015,vladimirsavenkov,3,0.00733,14462,35.32400,40941
1016,vlvasilev,3,0.00733,14465,35.33133,40941
1017,w32-blaster,3,0.00733,14468,35.33866,40941
1018,wanderaBrno,3,0.00733,14471,35.34599,40941
1019,wujinhu,3,0.00733,14474,35.35331,40941
1020,wyTrivail,3,0.00733,14477,35.36064,40941
1021,yingw787,3,0.00733,14480,35.36797,40941
1022,ykf,3,0.00733,14483,35.37530,40941
1023,ymattw,3,0.00733,14486,35.38262,40941
1024,yoojioh,3,0.00733,14489,35.38995,40941
1025,yqguodataman,3,0.00733,14492,35.39728,40941
1026,zerosign,3,0.00733,14495,35.40461,40941
1027,zhaohangbo,3,0.00733,14498,35.41193,40941
1028,zot24,3,0.00733,14501,35.41926,40941
1029,zsasaki,3,0.00733,14504,35.42659,40941
1030,1bcrona,2,0.00489,14506,35.43147,40941
1031,2n3906,2,0.00489,14508,35.43636,40941
1032,4hiziri,2,0.00489,14510,35.44124,40941
1033,achntrl,2,0.00489,14512,35.44613,40941
1034,aeber,2,0.00489,14514,35.45101,40941
1035,airtank,2,0.00489,14516,35.45590,40941
1036,ajmulhollan1,2,0.00489,14518,35.46079,40941
1037,akiraimafuji,2,0.00489,14520,35.46567,40941
1038,alex-vmw,2,0.00489,14522,35.47056,40941
1039,alitoufighi,2,0.00489,14524,35.47544,40941
1040,alotofwe,2,0.00489,14526,35.48033,40941
1041,amohit1315,2,0.00489,14528,35.48521,40941
1042,andrea-spoldi,2,0.00489,14530,35.49010,40941
1043,andreydroid,2,0.00489,14532,35.49498,40941
1044,anton-kachurin,2,0.00489,14534,35.49987,40941
1045,apigirl,2,0.00489,14536,35.50475,40941
1046,arekt,2,0.00489,14538,35.50964,40941
1047,Arvintian,2,0.00489,14540,35.51452,40941
1048,ashwinikd,2,0.00489,14542,35.51941,40941
1049,ATeamSolutions,2,0.00489,14544,35.52429,40941
1050,atfujiwara,2,0.00489,14546,35.52918,40941
1051,aurrelhebert,2,0.00489,14548,35.53406,40941
1052,avikam-pagaya,2,0.00489,14550,35.53895,40941
1053,aziz-tux,2,0.00489,14552,35.54383,40941
1054,azrle,2,0.00489,14554,35.54872,40941
1055,bahchis,2,0.00489,14556,35.55360,40941
1056,baskaran-md,2,0.00489,14558,35.55849,40941
1057,bcicen,2,0.00489,14560,35.56337,40941
1058,Bekt,2,0.00489,14562,35.56826,40941
1059,berlincount,2,0.00489,14564,35.57314,40941
1060,betawaffle,2,0.00489,14566,35.57803,40941
1061,bhavsi,2,0.00489,14568,35.58291,40941
1062,bhbryant,2,0.00489,14570,35.58780,40941
1063,bnyu,2,0.00489,14572,35.59268,40941
1064,bowwowxx,2,0.00489,14574,35.59757,40941
1065,bsnisar,2,0.00489,14576,35.60245,40941
1066,byplayer,2,0.00489,14578,35.60734,40941
1067,candlerb,2,0.00489,14580,35.61222,40941
1068,catac,2,0.00489,14582,35.61711,40941
1069,catweisun,2,0.00489,14584,35.62199,40941
1070,caugustus,2,0.00489,14586,35.62688,40941
1071,cessien,2,0.00489,14588,35.63176,40941
1072,cgspeck,2,0.00489,14590,35.63665,40941
1073,chroche,2,0.00489,14592,35.64153,40941
1074,clauzewitz,2,0.00489,14594,35.64642,40941
1075,comozo,2,0.00489,14596,35.65130,40941
1076,cpfriend1721994,2,0.00489,14598,35.65619,40941
1077,cricci82,2,0.00489,14600,35.66107,40941
1078,cristiklein,2,0.00489,14602,35.66596,40941
1079,csdaraujo,2,0.00489,14604,35.67084,40941
1080,czerwingithub,2,0.00489,14606,35.67573,40941
1081,davidhybner,2,0.00489,14608,35.68061,40941
1082,DEGoodman,2,0.00489,14610,35.68550,40941
1083,derfred,2,0.00489,14612,35.69038,40941
1084,diclophis,2,0.00489,14614,35.69527,40941
1085,dmae3,2,0.00489,14616,35.70015,40941
1086,docebo,2,0.00489,14618,35.70504,40941
1087,dpjayasekara,2,0.00489,14620,35.70992,40941
1088,dresnick-sf,2,0.00489,14622,35.71481,40941
1089,dustinblackman,2,0.00489,14624,35.71969,40941
1090,dwoo4dwoo,2,0.00489,14626,35.72458,40941
1091,dylan-cooper,2,0.00489,14628,35.72946,40941
1092,echee2,2,0.00489,14630,35.73435,40941
1093,echelon,2,0.00489,14632,35.73923,40941
1094,ekarisky,2,0.00489,14634,35.74412,40941
1095,eKIK,2,0.00489,14636,35.74900,40941
1096,emate,2,0.00489,14638,35.75389,40941
1097,Erouan50,2,0.00489,14640,35.75877,40941
1098,esselius,2,0.00489,14642,35.76366,40941
1099,evenh,2,0.00489,14644,35.76854,40941
1100,eyalzek,2,0.00489,14646,35.77343,40941
1101,fadlinurhasan,2,0.00489,14648,35.77832,40941
1102,farchanjo,2,0.00489,14650,35.78320,40941
1103,fatum,2,0.00489,14652,35.78809,40941
1104,ferbar,2,0.00489,14654,35.79297,40941
1105,filippovdenis,2,0.00489,14656,35.79786,40941
1106,flare505,2,0.00489,14658,35.80274,40941
1107,flurreN,2,0.00489,14660,35.80763,40941
1108,frankyaorenjie,2,0.00489,14662,35.81251,40941
1109,freddiefujiwara,2,0.00489,14664,35.81740,40941
1110,frots,2,0.00489,14666,35.82228,40941
1111,fujibee,2,0.00489,14668,35.82717,40941
1112,Gabedlm,2,0.00489,14670,35.83205,40941
1113,gibsonje,2,0.00489,14672,35.83694,40941
1114,gildas,2,0.00489,14674,35.84182,40941
1115,gilllevy,2,0.00489,14676,35.84671,40941
1116,golgoth31,2,0.00489,14678,35.85159,40941
1117,gpolek,2,0.00489,14680,35.85648,40941
1118,grachevko,2,0.00489,14682,35.86136,40941
1119,grenzr,2,0.00489,14684,35.86625,40941
1120,gvillalta99,2,0.00489,14686,35.87113,40941
1121,hagaeru3sei,2,0.00489,14688,35.87602,40941
1122,hanazuki,2,0.00489,14690,35.88090,40941
1123,happysiro,2,0.00489,14692,35.88579,40941
1124,hatfarm,2,0.00489,14694,35.89067,40941
1125,heartrobotninja,2,0.00489,14696,35.89556,40941
1126,HeartSaVioR,2,0.00489,14698,35.90044,40941
1127,henteko,2,0.00489,14700,35.90533,40941
1128,hetile-ssense,2,0.00489,14702,35.91021,40941
1129,hexecute,2,0.00489,14704,35.91510,40941
1130,hideto0710,2,0.00489,14706,35.91998,40941
1131,hitochan777,2,0.00489,14708,35.92487,40941
1132,holidayworking,2,0.00489,14710,35.92975,40941
1133,homma-takamasa,2,0.00489,14712,35.93464,40941
1134,hongbosoftware,2,0.00489,14714,35.93952,40941
1135,hrl,2,0.00489,14716,35.94441,40941
1136,hugegreenbug,2,0.00489,14718,35.94929,40941
1137,hundt,2,0.00489,14720,35.95418,40941
1138,hychen,2,0.00489,14722,35.95906,40941
1139,hythloday,2,0.00489,14724,35.96395,40941
1140,iamnut,2,0.00489,14726,35.96883,40941
1141,ienliven,2,0.00489,14728,35.97372,40941
1142,iiwoai,2,0.00489,14730,35.97860,40941
1143,ilove8,2,0.00489,14732,35.98349,40941
1144,imre-kerr,2,0.00489,14734,35.98837,40941
1145,ivan-shaporov,2,0.00489,14736,35.99326,40941
1146,izaakschroeder,2,0.00489,14738,35.99814,40941
1147,jacekszubert,2,0.00489,14740,36.00303,40941
1148,JaeGeunBang,2,0.00489,14742,36.00791,40941
1149,jamesgoodhouse,2,0.00489,14744,36.01280,40941
1150,janosroden,2,0.00489,14746,36.01768,40941
1151,jardiacaj,2,0.00489,14748,36.02257,40941
1152,jaywayjayway,2,0.00489,14750,36.02745,40941
1153,jchannon,2,0.00489,14752,36.03234,40941
1154,jdeglopper,2,0.00489,14754,36.03722,40941
1155,jesk78,2,0.00489,14756,36.04211,40941
1156,jeunito,2,0.00489,14758,36.04699,40941
1157,jezeniel,2,0.00489,14760,36.05188,40941
1158,jgibson02,2,0.00489,14762,36.05676,40941
1159,jgrexa,2,0.00489,14764,36.06165,40941
1160,jiangfengbing,2,0.00489,14766,36.06653,40941
1161,jjanier,2,0.00489,14768,36.07142,40941
1162,jkupferer,2,0.00489,14770,36.07630,40941
1163,jmalobicky,2,0.00489,14772,36.08119,40941
1164,johnk-novu,2,0.00489,14774,36.08608,40941
1165,jonhadfield,2,0.00489,14776,36.09096,40941
1166,Jorge-Rodriguez,2,0.00489,14778,36.09585,40941
1167,jpdenford,2,0.00489,14780,36.10073,40941
1168,jp-gc,2,0.00489,14782,36.10562,40941
1169,JTabel,2,0.00489,14784,36.11050,40941
1170,jwyjoy,2,0.00489,14786,36.11539,40941
1171,jyuan,2,0.00489,14788,36.12027,40941
1172,k1w1,2,0.00489,14790,36.12516,40941
1173,k24d,2,0.00489,14792,36.13004,40941
1174,kalinin-k-a,2,0.00489,14794,36.13493,40941
1175,kamalama,2,0.00489,14796,36.13981,40941
1176,kazeburo,2,0.00489,14798,36.14470,40941
1177,kazsakai,2,0.00489,14800,36.14958,40941
1178,kelassar-zodis,2,0.00489,14802,36.15447,40941
1179,kevinkirkup,2,0.00489,14804,36.15935,40941
1180,khilman,2,0.00489,14806,36.16424,40941
1181,kilya11,2,0.00489,14808,36.16912,40941
1182,kjmrknsn,2,0.00489,14810,36.17401,40941
1183,k-kawa,2,0.00489,14812,36.17889,40941
1184,kmizu,2,0.00489,14814,36.18378,40941
1185,kouk,2,0.00489,14816,36.18866,40941
1186,ko-zu,2,0.00489,14818,36.19355,40941
1187,kozz,2,0.00489,14820,36.19843,40941
1188,kuy,2,0.00489,14822,36.20332,40941
1189,LamCiuLoeng,2,0.00489,14824,36.20820,40941
1190,lee2014,2,0.00489,14826,36.21309,40941
1191,lee-byeoksan,2,0.00489,14828,36.21797,40941
1192,limitusus,2,0.00489,14830,36.22286,40941
1193,lisajluo,2,0.00489,14832,36.22774,40941
1194,liutao6869,2,0.00489,14834,36.23263,40941
1195,liveaverage,2,0.00489,14836,36.23751,40941
1196,lorenmh,2,0.00489,14838,36.24240,40941
1197,Losakoa,2,0.00489,14840,36.24728,40941
1198,lsadehaan,2,0.00489,14842,36.25217,40941
1199,lstiebel,2,0.00489,14844,36.25705,40941
1200,lubinszARM,2,0.00489,14846,36.26194,40941
1201,lucky7id,2,0.00489,14848,36.26682,40941
1202,m27g,2,0.00489,14850,36.27171,40941
1203,mageddo,2,0.00489,14852,36.27659,40941
1204,maishiro,2,0.00489,14854,36.28148,40941
1205,manhnguyenduc,2,0.00489,14856,36.28636,40941
1206,mariozski,2,0.00489,14858,36.29125,40941
1207,markuman,2,0.00489,14860,36.29613,40941
1208,martin-ducar-gd,2,0.00489,14862,36.30102,40941
1209,mattbillenstein,2,0.00489,14864,36.30590,40941
1210,matthewhou3588,2,0.00489,14866,36.31079,40941
1211,matti,2,0.00489,14868,36.31567,40941
1212,matt-land,2,0.00489,14870,36.32056,40941
1213,mattpardee,2,0.00489,14872,36.32544,40941
1214,maxd,2,0.00489,14874,36.33033,40941
1215,mboxell,2,0.00489,14876,36.33521,40941
1216,mdimas,2,0.00489,14878,36.34010,40941
1217,Mengying-Li,2,0.00489,14880,36.34498,40941
1218,meoooh,2,0.00489,14882,36.34987,40941
1219,meotimdihia,2,0.00489,14884,36.35475,40941
1220,metal-hed,2,0.00489,14886,36.35964,40941
1221,metheglin,2,0.00489,14888,36.36452,40941
1222,mfowlewebs,2,0.00489,14890,36.36941,40941
1223,michae1ho11ey,2,0.00489,14892,36.37429,40941
1224,mightyguava,2,0.00489,14894,36.37918,40941
1225,mikeatlas,2,0.00489,14896,36.38406,40941
1226,mikehu,2,0.00489,14898,36.38895,40941
1227,minusbat,2,0.00489,14900,36.39384,40941
1228,mitsu-ko,2,0.00489,14902,36.39872,40941
1229,mkarlesky,2,0.00489,14904,36.40361,40941
1230,mogulla3,2,0.00489,14906,36.40849,40941
1231,moleskin-smile,2,0.00489,14908,36.41338,40941
1232,mpon,2,0.00489,14910,36.41826,40941
1233,mstinglin,2,0.00489,14912,36.42315,40941
1234,NAlexandrov,2,0.00489,14914,36.42803,40941
1235,nasunom,2,0.00489,14916,36.43292,40941
1236,nathanhruby,2,0.00489,14918,36.43780,40941
1237,nazo,2,0.00489,14920,36.44269,40941
1238,nc30,2,0.00489,14922,36.44757,40941
1239,neko-neko,2,0.00489,14924,36.45246,40941
1240,nerro,2,0.00489,14926,36.45734,40941
1241,nestegg,2,0.00489,14928,36.46223,40941
1242,Netbulae,2,0.00489,14930,36.46711,40941
1243,nevill,2,0.00489,14932,36.47200,40941
1244,newtoncorp,2,0.00489,14934,36.47688,40941
1245,nishanth-pinnapareddy,2,0.00489,14936,36.48177,40941
1246,NixM0nk3y,2,0.00489,14938,36.48665,40941
1247,njd5475,2,0.00489,14940,36.49154,40941
1248,nokk,2,0.00489,14942,36.49642,40941
1249,nparfait,2,0.00489,14944,36.50131,40941
1250,omame,2,0.00489,14946,36.50619,40941
1251,oogali,2,0.00489,14948,36.51108,40941
1252,OriHoch,2,0.00489,14950,36.51596,40941
1253,osamingo,2,0.00489,14952,36.52085,40941
1254,otokunaga2,2,0.00489,14954,36.52573,40941
1255,panaetov,2,0.00489,14956,36.53062,40941
1256,panage,2,0.00489,14958,36.53550,40941
1257,pandora2000,2,0.00489,14960,36.54039,40941
1258,panlilu,2,0.00489,14962,36.54527,40941
1259,parkhyeonghwa,2,0.00489,14964,36.55016,40941
1260,parolkar,2,0.00489,14966,36.55504,40941
1261,patsevanton,2,0.00489,14968,36.55993,40941
1262,Paul-Rupe-sp,2,0.00489,14970,36.56481,40941
1263,peet-j,2,0.00489,14972,36.56970,40941
1264,perchten,2,0.00489,14974,36.57458,40941
1265,petastream,2,0.00489,14976,36.57947,40941
1266,philalex,2,0.00489,14978,36.58435,40941
1267,phillipsinger,2,0.00489,14980,36.58924,40941
1268,phoefflin,2,0.00489,14982,36.59412,40941
1269,pingles,2,0.00489,14984,36.59901,40941
1270,pitan,2,0.00489,14986,36.60389,40941
1271,placydo,2,0.00489,14988,36.60878,40941
1272,plsmaop,2,0.00489,14990,36.61366,40941
1273,porkbeans,2,0.00489,14992,36.61855,40941
1274,potato2003,2,0.00489,14994,36.62343,40941
1275,precs-sasaki,2,0.00489,14996,36.62832,40941
1276,ptadas,2,0.00489,14998,36.63320,40941
1277,qu823110460,2,0.00489,15000,36.63809,40941
1278,RafaelSzefler,2,0.00489,15002,36.64297,40941
1279,rahul-splendre,2,0.00489,15004,36.64786,40941
1280,rakd,2,0.00489,15006,36.65274,40941
1281,rangken,2,0.00489,15008,36.65763,40941
1282,remeh,2,0.00489,15010,36.66251,40941
1283,rewiko,2,0.00489,15012,36.66740,40941
1284,rheaton,2,0.00489,15014,36.67228,40941
1285,ricardojover,2,0.00489,15016,36.67717,40941
1286,richardburakowski,2,0.00489,15018,36.68205,40941
1287,richarddevers,2,0.00489,15020,36.68694,40941
1288,robbwagoner,2,0.00489,15022,36.69182,40941
1289,roma42427,2,0.00489,15024,36.69671,40941
1290,romainbureau,2,0.00489,15026,36.70159,40941
1291,romainr,2,0.00489,15028,36.70648,40941
1292,rossaffandy,2,0.00489,15030,36.71137,40941
1293,rpgarcia,2,0.00489,15032,36.71625,40941
1294,rrichardson,2,0.00489,15034,36.72114,40941
1295,rscot231,2,0.00489,15036,36.72602,40941
1296,rstpv,2,0.00489,15038,36.73091,40941
1297,saldixon,2,0.00489,15040,36.73579,40941
1298,sasasin,2,0.00489,15042,36.74068,40941
1299,sbkg0002,2,0.00489,15044,36.74556,40941
1300,scottbessler,2,0.00489,15046,36.75045,40941
1301,seiffert,2,0.00489,15048,36.75533,40941
1302,seii-saintway,2,0.00489,15050,36.76022,40941
1303,Seitanas,2,0.00489,15052,36.76510,40941
1304,senate6268,2,0.00489,15054,36.76999,40941
1305,sensay-nelson,2,0.00489,15056,36.77487,40941
1306,sentinelcross,2,0.00489,15058,36.77976,40941
1307,sfrostick,2,0.00489,15060,36.78464,40941
1308,shibug,2,0.00489,15062,36.78953,40941
1309,shivaken,2,0.00489,15064,36.79441,40941
1310,shrikrishnaholla,2,0.00489,15066,36.79930,40941
1311,shutaked,2,0.00489,15068,36.80418,40941
1312,silverbp,2,0.00489,15070,36.80907,40941
1313,SilverDragon135,2,0.00489,15072,36.81395,40941
1314,sio2k,2,0.00489,15074,36.81884,40941
1315,slaunay,2,0.00489,15076,36.82372,40941
1316,splunk-oss-admin,2,0.00489,15078,36.82861,40941
1317,splushii,2,0.00489,15080,36.83349,40941
1318,Srynetix,2,0.00489,15082,36.83838,40941
1319,starmaker-dev,2,0.00489,15084,36.84326,40941
1320,stati0n,2,0.00489,15086,36.84815,40941
1321,stoshiya,2,0.00489,15088,36.85303,40941
1322,straight-shoota,2,0.00489,15090,36.85792,40941
1323,sugi,2,0.00489,15092,36.86280,40941
1324,superwangvip,2,0.00489,15094,36.86769,40941
1325,syohex,2,0.00489,15096,36.87257,40941
1326,sys-cat,2,0.00489,15098,36.87746,40941
1327,takamario,2,0.00489,15100,36.88234,40941
1328,takanamito,2,0.00489,15102,36.88723,40941
1329,TAKAyukiatkwsk,2,0.00489,15104,36.89211,40941
1330,takeshiyako2,2,0.00489,15106,36.89700,40941
1331,tamarr,2,0.00489,15108,36.90188,40941
1332,tamu222i,2,0.00489,15110,36.90677,40941
1333,taniokae,2,0.00489,15112,36.91165,40941
1334,tanner-bruce,2,0.00489,15114,36.91654,40941
1335,tebriel,2,0.00489,15116,36.92142,40941
1336,techthumb,2,0.00489,15118,36.92631,40941
1337,tetsurosaito,2,0.00489,15120,36.93119,40941
1338,ThorstenHans,2,0.00489,15122,36.93608,40941
1339,timesking,2,0.00489,15124,36.94096,40941
1340,tiwakawa,2,0.00489,15126,36.94585,40941
1341,tobiasmuehl,2,0.00489,15128,36.95073,40941
1342,tomfitzhenry,2,0.00489,15130,36.95562,40941
1343,trentzhou,2,0.00489,15132,36.96050,40941
1344,tscott1213,2,0.00489,15134,36.96539,40941
1345,ttk04,2,0.00489,15136,36.97027,40941
1346,ttwoosta,2,0.00489,15138,36.97516,40941
1347,tuki0918,2,0.00489,15140,36.98004,40941
1348,tux-00,2,0.00489,15142,36.98493,40941
1349,UberMouse,2,0.00489,15144,36.98981,40941
1350,ulfurinn,2,0.00489,15146,36.99470,40941
1351,urg,2,0.00489,15148,36.99958,40941
1352,uryyyyyyy,2,0.00489,15150,37.00447,40941
1353,vdm,2,0.00489,15152,37.00935,40941
1354,victorcoder,2,0.00489,15154,37.01424,40941
1355,vinzent,2,0.00489,15156,37.01913,40941
1356,vmironenko,2,0.00489,15158,37.02401,40941
1357,voidtcg,2,0.00489,15160,37.02890,40941
1358,wfelipe,2,0.00489,15162,37.03378,40941
1359,wimnat,2,0.00489,15164,37.03867,40941
1360,xanonid,2,0.00489,15166,37.04355,40941
1361,xmackex,2,0.00489,15168,37.04844,40941
1362,xv-jesus-g,2,0.00489,15170,37.05332,40941
1363,yahharo,2,0.00489,15172,37.05821,40941
1364,yasuoza,2,0.00489,15174,37.06309,40941
1365,yizumi,2,0.00489,15176,37.06798,40941
1366,ysgard,2,0.00489,15178,37.07286,40941
1367,YuzuruS,2,0.00489,15180,37.07775,40941
1368,ywchenbu,2,0.00489,15182,37.08263,40941
1369,zachabrahams,2,0.00489,15184,37.08752,40941
1370,zerdliu,2,0.00489,15186,37.09240,40941
1371,zgolus,2,0.00489,15188,37.09729,40941
1372,zgwmike,2,0.00489,15190,37.10217,40941
1373,znorm,2,0.00489,15192,37.10706,40941
1374,zozzz,2,0.00489,15194,37.11194,40941
1375,08euccs014,1,0.00244,15195,37.11438,40941
1376,328,1,0.00244,15196,37.11683,40941
1377,54xiaosu,1,0.00244,15197,37.11927,40941
1378,759803573,1,0.00244,15198,37.12171,40941
1379,aarnaud,1,0.00244,15199,37.12415,40941
1380,aavinashjha,1,0.00244,15200,37.12660,40941
1381,acgustafson,1,0.00244,15201,37.12904,40941
1382,achinchen,1,0.00244,15202,37.13148,40941
1383,ackintosh,1,0.00244,15203,37.13392,40941
1384,adrianchifor,1,0.00244,15204,37.13637,40941
1385,agerro,1,0.00244,15205,37.13881,40941
1386,ajcrowe,1,0.00244,15206,37.14125,40941
1387,ajthenewguy,1,0.00244,15207,37.14369,40941
1388,akatsukitsubomi,1,0.00244,15208,37.14614,40941
1389,alarsyo,1,0.00244,15209,37.14858,40941
1390,alexanderoot,1,0.00244,15210,37.15102,40941
1391,alexnguyen91,1,0.00244,15211,37.15346,40941
1392,AlexShemeshWix,1,0.00244,15212,37.15591,40941
1393,alicuche,1,0.00244,15213,37.15835,40941
1394,amartinunowhy,1,0.00244,15214,37.16079,40941
1395,amcastror,1,0.00244,15215,37.16323,40941
1396,ameir,1,0.00244,15216,37.16568,40941
1397,ameyrk18,1,0.00244,15217,37.16812,40941
1398,amitga-rnd,1,0.00244,15218,37.17056,40941
1399,amritb,1,0.00244,15219,37.17301,40941
1400,AndrewDryga,1,0.00244,15220,37.17545,40941
1401,andrewkrug,1,0.00244,15221,37.17789,40941
1402,aneal,1,0.00244,15222,37.18033,40941
1403,angel-manuel,1,0.00244,15223,37.18278,40941
1404,aniketoss,1,0.00244,15224,37.18522,40941
1405,antoninblanc,1,0.00244,15225,37.18766,40941
1406,aohta,1,0.00244,15226,37.19010,40941
1407,aptranj,1,0.00244,15227,37.19255,40941
1408,AqD,1,0.00244,15228,37.19499,40941
1409,arabustams,1,0.00244,15229,37.19743,40941
1410,AranVinkItility,1,0.00244,15230,37.19987,40941
1411,ardfard,1,0.00244,15231,37.20232,40941
1412,aredmond,1,0.00244,15232,37.20476,40941
1413,ariforu,1,0.00244,15233,37.20720,40941
1414,arjun921,1,0.00244,15234,37.20964,40941
1415,artysidorenko,1,0.00244,15235,37.21209,40941
1416,arvind-naidu,1,0.00244,15236,37.21453,40941
1417,asafpelegcodes,1,0.00244,15237,37.21697,40941
1418,asamasoma,1,0.00244,15238,37.21941,40941
1419,asplogic,1,0.00244,15239,37.22186,40941
1420,asserchiu,1,0.00244,15240,37.22430,40941
1421,astronaut1712,1,0.00244,15241,37.22674,40941
1422,asvinours,1,0.00244,15242,37.22918,40941
1423,athom,1,0.00244,15243,37.23163,40941
1424,atikhonov-avito,1,0.00244,15244,37.23407,40941
1425,azhi,1,0.00244,15245,37.23651,40941
1426,baileyjensen-wk,1,0.00244,15246,37.23895,40941
1427,BananaWanted,1,0.00244,15247,37.24140,40941
1428,BarthV,1,0.00244,15248,37.24384,40941
1429,bayaro,1,0.00244,15249,37.24628,40941
1430,bcchenbc,1,0.00244,15250,37.24872,40941
1431,bcollard,1,0.00244,15251,37.25117,40941
1432,bdentino,1,0.00244,15252,37.25361,40941
1433,benwh,1,0.00244,15253,37.25605,40941
1434,bjornin,1,0.00244,15254,37.25849,40941
1435,bmandrade,1,0.00244,15255,37.26094,40941
1436,bobasek,1,0.00244,15256,37.26338,40941
1437,bocytko,1,0.00244,15257,37.26582,40941
1438,boniaik,1,0.00244,15258,37.26826,40941
1439,bperel,1,0.00244,15259,37.27071,40941
1440,brad-alexander,1,0.00244,15260,37.27315,40941
1441,bradwilliams-nm,1,0.00244,15261,37.27559,40941
1442,bred86,1,0.00244,15262,37.27803,40941
1443,breinero,1,0.00244,15263,37.28048,40941
1444,briggleman,1,0.00244,15264,37.28292,40941
1445,btomasini,1,0.00244,15265,37.28536,40941
1446,burningalchemist,1,0.00244,15266,37.28780,40941
1447,butterkekstorte,1,0.00244,15267,37.29025,40941
1448,cajbecu,1,0.00244,15268,37.29269,40941
1449,caleb15,1,0.00244,15269,37.29513,40941
1450,carabasdaniel,1,0.00244,15270,37.29757,40941
1451,carl-peng,1,0.00244,15271,37.30002,40941
1452,castomer,1,0.00244,15272,37.30246,40941
1453,catlittlechen,1,0.00244,15273,37.30490,40941
1454,ccottam,1,0.00244,15274,37.30734,40941
1455,chaodhib,1,0.00244,15275,37.30979,40941
1456,chapmonkey,1,0.00244,15276,37.31223,40941
1457,Charles-WYC,1,0.00244,15277,37.31467,40941
1458,CH-DanReif,1,0.00244,15278,37.31711,40941
1459,chicken231,1,0.00244,15279,37.31956,40941
1460,chigichan24,1,0.00244,15280,37.32200,40941
1461,chocopowwwa,1,0.00244,15281,37.32444,40941
1462,chorny,1,0.00244,15282,37.32689,40941
1463,christhesoul,1,0.00244,15283,37.32933,40941
1464,chrisvaughn,1,0.00244,15284,37.33177,40941
1465,chris-x86-64,1,0.00244,15285,37.33421,40941
1466,cinhtau,1,0.00244,15286,37.33666,40941
1467,cityzendata,1,0.00244,15287,37.33910,40941
1468,cnosuke,1,0.00244,15288,37.34154,40941
1469,codenot,1,0.00244,15289,37.34398,40941
1470,ColDog,1,0.00244,15290,37.34643,40941
1471,comutt,1,0.00244,15291,37.34887,40941
1472,corselia,1,0.00244,15292,37.35131,40941
1473,cpoirier,1,0.00244,15293,37.35375,40941
1474,craig-miskell-fluxfederation,1,0.00244,15294,37.35620,40941
1475,CrazyUmka,1,0.00244,15295,37.35864,40941
1476,crysper,1,0.00244,15296,37.36108,40941
1477,ctohastek,1,0.00244,15297,37.36352,40941
1478,cusxio,1,0.00244,15298,37.36597,40941
1479,cyberroadie,1,0.00244,15299,37.36841,40941
1480,cynipe,1,0.00244,15300,37.37085,40941
1481,cz-moteki-takahiro,1,0.00244,15301,37.37329,40941
1482,daigoroz,1,0.00244,15302,37.37574,40941
1483,dale-oconnor,1,0.00244,15303,37.37818,40941
1484,dalizard,1,0.00244,15304,37.38062,40941
1485,damluji,1,0.00244,15305,37.38306,40941
1486,dana,1,0.00244,15306,37.38551,40941
1487,danielzepp,1,0.00244,15307,37.38795,40941
1488,Daoq,1,0.00244,15308,37.39039,40941
1489,darashenka,1,0.00244,15309,37.39283,40941
1490,darrylb-github,1,0.00244,15310,37.39528,40941
1491,dataich,1,0.00244,15311,37.39772,40941
1492,davelee0504,1,0.00244,15312,37.40016,40941
1493,dbeal-wiser,1,0.00244,15313,37.40260,40941
1494,deiv,1,0.00244,15314,37.40505,40941
1495,dekked,1,0.00244,15315,37.40749,40941
1496,dembaca,1,0.00244,15316,37.40993,40941
1497,derqurps,1,0.00244,15317,37.41237,40941
1498,devlinzed,1,0.00244,15318,37.41482,40941
1499,DianthuDia,1,0.00244,15319,37.41726,40941
1500,DieZ,1,0.00244,15320,37.41970,40941
1501,digikin,1,0.00244,15321,37.42214,40941
1502,dmatheron,1,0.00244,15322,37.42459,40941
1503,dminca,1,0.00244,15323,37.42703,40941
1504,dmurvihill,1,0.00244,15324,37.42947,40941
1505,dnajd,1,0.00244,15325,37.43191,40941
1506,dobashim,1,0.00244,15326,37.43436,40941
1507,dominicphillips,1,0.00244,15327,37.43680,40941
1508,Dom-R,1,0.00244,15328,37.43924,40941
1509,donkopotamus,1,0.00244,15329,37.44168,40941
1510,dotlambda,1,0.00244,15330,37.44413,40941
1511,dpovshed,1,0.00244,15331,37.44657,40941
1512,dsommerville-bbc,1,0.00244,15332,37.44901,40941
1513,dterei,1,0.00244,15333,37.45145,40941
1514,dtjm,1,0.00244,15334,37.45390,40941
1515,ducky-hong,1,0.00244,15335,37.45634,40941
1516,dukex,1,0.00244,15336,37.45878,40941
1517,DuratarskeyK,1,0.00244,15337,37.46122,40941
1518,dyson,1,0.00244,15338,37.46367,40941
1519,eastwook80,1,0.00244,15339,37.46611,40941
1520,ebirn,1,0.00244,15340,37.46855,40941
1521,ecristea,1,0.00244,15341,37.47099,40941
1522,eddgrant,1,0.00244,15342,37.47344,40941
1523,edskim,1,0.00244,15343,37.47588,40941
1524,edwardchuang,1,0.00244,15344,37.47832,40941
1525,eldondev,1,0.00244,15345,37.48077,40941
1526,elecay,1,0.00244,15346,37.48321,40941
1527,eliasnorrby,1,0.00244,15347,37.48565,40941
1528,elvis-cai,1,0.00244,15348,37.48809,40941
1529,elwlwlwk,1,0.00244,15349,37.49054,40941
1530,emilaasa,1,0.00244,15350,37.49298,40941
1531,enm10k,1,0.00244,15351,37.49542,40941
1532,enzirion,1,0.00244,15352,37.49786,40941
1533,ericyan,1,0.00244,15353,37.50031,40941
1534,essa,1,0.00244,15354,37.50275,40941
1535,essh,1,0.00244,15355,37.50519,40941
1536,Evan-S,1,0.00244,15356,37.50763,40941
1537,evgkrsk,1,0.00244,15357,37.51008,40941
1538,f355,1,0.00244,15358,37.51252,40941
1539,FabianFrank,1,0.00244,15359,37.51496,40941
1540,faizal15,1,0.00244,15360,37.51740,40941
1541,fakechris,1,0.00244,15361,37.51985,40941
1542,fatfatson,1,0.00244,15362,37.52229,40941
1543,faust64,1,0.00244,15363,37.52473,40941
1544,fearthecowboy,1,0.00244,15364,37.52717,40941
1545,felixkrohn,1,0.00244,15365,37.52962,40941
1546,fgken,1,0.00244,15366,37.53206,40941
1547,fgreinacher,1,0.00244,15367,37.53450,40941
1548,fieryvova,1,0.00244,15368,37.53694,40941
1549,fireboy1919,1,0.00244,15369,37.53939,40941
1550,fitz0017,1,0.00244,15370,37.54183,40941
1551,flaviotorres,1,0.00244,15371,37.54427,40941
1552,florimondmanca,1,0.00244,15372,37.54671,40941
1553,fpermana,1,0.00244,15373,37.54916,40941
1554,fprg,1,0.00244,15374,37.55160,40941
1555,francjohny,1,0.00244,15375,37.55404,40941
1556,frankkusters,1,0.00244,15376,37.55648,40941
1557,from-nibly,1,0.00244,15377,37.55893,40941
1558,fr-swap,1,0.00244,15378,37.56137,40941
1559,fukayatsu,1,0.00244,15379,37.56381,40941
1560,fvj,1,0.00244,15380,37.56625,40941
1561,gasmith-nutanix,1,0.00244,15381,37.56870,40941
1562,genya0407,1,0.00244,15382,37.57114,40941
1563,gerricchaplin,1,0.00244,15383,37.57358,40941
1564,giannello,1,0.00244,15384,37.57602,40941
1565,giraphme,1,0.00244,15385,37.57847,40941
1566,githubskipper,1,0.00244,15386,37.58091,40941
1567,gitvc,1,0.00244,15387,37.58335,40941
1568,gonzalorey,1,0.00244,15388,37.58579,40941
1569,goodard,1,0.00244,15389,37.58824,40941
1570,gorilych,1,0.00244,15390,37.59068,40941
1571,gregoryguillou,1,0.00244,15391,37.59312,40941
1572,Guent4,1,0.00244,15392,37.59556,40941
1573,guildencrantz,1,0.00244,15393,37.59801,40941
1574,gyant,1,0.00244,15394,37.60045,40941
1575,gzhukov,1,0.00244,15395,37.60289,40941
1576,HaiTo,1,0.00244,15396,37.60533,40941
1577,hanachin,1,0.00244,15397,37.60778,40941
1578,hana-da,1,0.00244,15398,37.61022,40941
1579,hansman,1,0.00244,15399,37.61266,40941
1580,hashbrowncipher,1,0.00244,15400,37.61510,40941
1581,hayamiz,1,0.00244,15401,37.61755,40941
1582,hbs,1,0.00244,15402,37.61999,40941
1583,Hearen,1,0.00244,15403,37.62243,40941
1584,heidemn,1,0.00244,15404,37.62487,40941
1585,helix,1,0.00244,15405,37.62732,40941
1586,henb,1,0.00244,15406,37.62976,40941
1587,hfm,1,0.00244,15407,37.63220,40941
1588,hidalgopl,1,0.00244,15408,37.63464,40941
1589,hidetaka-f-matsumoto,1,0.00244,15409,37.63709,40941
1590,higumachan,1,0.00244,15410,37.63953,40941
1591,Hi-king,1,0.00244,15411,37.64197,40941
1592,hirokikana,1,0.00244,15412,37.64442,40941
1593,hobbsh,1,0.00244,15413,37.64686,40941
1594,holajoyce,1,0.00244,15414,37.64930,40941
1595,huanggze,1,0.00244,15415,37.65174,40941
1596,huangyingting,1,0.00244,15416,37.65419,40941
1597,hughes,1,0.00244,15417,37.65663,40941
1598,Hugmeir,1,0.00244,15418,37.65907,40941
1599,ianjoneill,1,0.00244,15419,37.66151,40941
1600,icalvete,1,0.00244,15420,37.66396,40941
1601,icpenguins,1,0.00244,15421,37.66640,40941
1602,idanto,1,0.00244,15422,37.66884,40941
1603,iktakahiro,1,0.00244,15423,37.67128,40941
1604,ilikedata,1,0.00244,15424,37.67373,40941
1605,infertux,1,0.00244,15425,37.67617,40941
1606,ippei-fukamatsu,1,0.00244,15426,37.67861,40941
1607,irregulator,1,0.00244,15427,37.68105,40941
1608,iShiBin,1,0.00244,15428,37.68350,40941
1609,ishizaghi,1,0.00244,15429,37.68594,40941
1610,itchyny,1,0.00244,15430,37.68838,40941
1611,itkq,1,0.00244,15431,37.69082,40941
1612,itorres,1,0.00244,15432,37.69327,40941
1613,ivan-mjch,1,0.00244,15433,37.69571,40941
1614,j30ng,1,0.00244,15434,37.69815,40941
1615,jackpimbert,1,0.00244,15435,37.70059,40941
1616,JAGAxIMO,1,0.00244,15436,37.70304,40941
1617,jakeyr,1,0.00244,15437,37.70548,40941
1618,jan-warchol,1,0.00244,15438,37.70792,40941
1619,jasonsmithj,1,0.00244,15439,37.71036,40941
1620,jason-w,1,0.00244,15440,37.71281,40941
1621,jayslife,1,0.00244,15441,37.71525,40941
1622,JBury-rms,1,0.00244,15442,37.71769,40941
1623,jcotado,1,0.00244,15443,37.72013,40941
1624,jdirwin,1,0.00244,15444,37.72258,40941
1625,jdvasque,1,0.00244,15445,37.72502,40941
1626,jeffersfp,1,0.00244,15446,37.72746,40941
1627,jeffgeiger,1,0.00244,15447,37.72990,40941
1628,jegt,1,0.00244,15448,37.73235,40941
1629,jenseeberg,1,0.00244,15449,37.73479,40941
1630,jensenbox,1,0.00244,15450,37.73723,40941
1631,jeremylongo,1,0.00244,15451,37.73967,40941
1632,jessecollier,1,0.00244,15452,37.74212,40941
1633,jganoff,1,0.00244,15453,37.74456,40941
1634,jgehrcke,1,0.00244,15454,37.74700,40941
1635,jgunnink,1,0.00244,15455,37.74944,40941
1636,jinja2,1,0.00244,15456,37.75189,40941
1637,jo8937,1,0.00244,15457,37.75433,40941
1638,joerghall,1,0.00244,15458,37.75677,40941
1639,joestrouth1,1,0.00244,15459,37.75921,40941
1640,joeweoj,1,0.00244,15460,37.76166,40941
1641,johanavril,1,0.00244,15461,37.76410,40941
1642,JohannWeging,1,0.00244,15462,37.76654,40941
1643,johnpaulett,1,0.00244,15463,37.76898,40941
1644,johnrazeur,1,0.00244,15464,37.77143,40941
1645,JohnStarich,1,0.00244,15465,37.77387,40941
1646,jojand,1,0.00244,15466,37.77631,40941
1647,jokester,1,0.00244,15467,37.77875,40941
1648,jonahb,1,0.00244,15468,37.78120,40941
1649,jonathanjuursema,1,0.00244,15469,37.78364,40941
1650,jonmchan,1,0.00244,15470,37.78608,40941
1651,jonmoter,1,0.00244,15471,37.78852,40941
1652,joostcoelingh,1,0.00244,15472,37.79097,40941
1653,josefjanda,1,0.00244,15473,37.79341,40941
1654,joyzhang-dd,1,0.00244,15474,37.79585,40941
1655,jpaulodit,1,0.00244,15475,37.79830,40941
1656,jrottenberg,1,0.00244,15476,37.80074,40941
1657,juan-domenech,1,0.00244,15477,37.80318,40941
1658,juhaerk,1,0.00244,15478,37.80562,40941
1659,julienvincent,1,0.00244,15479,37.80807,40941
1660,jurelou,1,0.00244,15480,37.81051,40941
1661,justaskz,1,0.00244,15481,37.81295,40941
1662,kainage,1,0.00244,15482,37.81539,40941
1663,kaitlynmesa,1,0.00244,15483,37.81784,40941
1664,kakakakakku,1,0.00244,15484,37.82028,40941
1665,kartesliao,1,0.00244,15485,37.82272,40941
1666,katty0324,1,0.00244,15486,37.82516,40941
1667,katzchang,1,0.00244,15487,37.82761,40941
1668,kaxap,1,0.00244,15488,37.83005,40941
1669,kayawari,1,0.00244,15489,37.83249,40941
1670,keigohtr,1,0.00244,15490,37.83493,40941
1671,keihino,1,0.00244,15491,37.83738,40941
1672,KeiichiHirobe,1,0.00244,15492,37.83982,40941
1673,kelseymok,1,0.00244,15493,37.84226,40941
1674,kendi,1,0.00244,15494,37.84470,40941
1675,kensantou,1,0.00244,15495,37.84715,40941
1676,kentokento,1,0.00244,15496,37.84959,40941
1677,keperry,1,0.00244,15497,37.85203,40941
1678,kevinjom,1,0.00244,15498,37.85447,40941
1679,kevinscholz,1,0.00244,15499,37.85692,40941
1680,kimamula,1,0.00244,15500,37.85936,40941
1681,kimor79,1,0.00244,15501,37.86180,40941
1682,klaxa,1,0.00244,15502,37.86424,40941
1683,knonomura,1,0.00244,15503,37.86669,40941
1684,komeda-shinji,1,0.00244,15504,37.86913,40941
1685,kono,1,0.00244,15505,37.87157,40941
1686,konstantin-kornienko,1,0.00244,15506,37.87401,40941
1687,konstantin-kornienko-epam,1,0.00244,15507,37.87646,40941
1688,KoopaKing,1,0.00244,15508,37.87890,40941
1689,kota718,1,0.00244,15509,37.88134,40941
1690,krdlab,1,0.00244,15510,37.88378,40941
1691,krrrr38,1,0.00244,15511,37.88623,40941
1692,ksauzz,1,0.00244,15512,37.88867,40941
1693,kumagi,1,0.00244,15513,37.89111,40941
1694,kuniiskywalker,1,0.00244,15514,37.89355,40941
1695,kureikain,1,0.00244,15515,37.89600,40941
1696,Kwelity,1,0.00244,15516,37.89844,40941
1697,kyleroot,1,0.00244,15517,37.90088,40941
1698,lackita,1,0.00244,15518,37.90332,40941
1699,lang710,1,0.00244,15519,37.90577,40941
1700,larsf,1,0.00244,15520,37.90821,40941
1701,lberruti,1,0.00244,15521,37.91065,40941
1702,leoau123,1,0.00244,15522,37.91309,40941
1703,levidehaan,1,0.00244,15523,37.91554,40941
1704,Linuus,1,0.00244,15524,37.91798,40941
1705,linxuanwei,1,0.00244,15525,37.92042,40941
1706,linzhaoming,1,0.00244,15526,37.92286,40941
1707,liubin-cm,1,0.00244,15527,37.92531,40941
1708,lizdeika,1,0.00244,15528,37.92775,40941
1709,ljonsson,1,0.00244,15529,37.93019,40941
1710,llou,1,0.00244,15530,37.93263,40941
1711,lostman-github,1,0.00244,15531,37.93508,40941
1712,louism517,1,0.00244,15532,37.93752,40941
1713,lucasbasquerotto,1,0.00244,15533,37.93996,40941
1714,LYHuang,1,0.00244,15534,37.94240,40941
1715,maciekm,1,0.00244,15535,37.94485,40941
1716,madamkiwi,1,0.00244,15536,37.94729,40941
1717,madfist,1,0.00244,15537,37.94973,40941
1718,madiedinro,1,0.00244,15538,37.95218,40941
1719,mafuyuk,1,0.00244,15539,37.95462,40941
1720,maimaisie,1,0.00244,15540,37.95706,40941
1721,makccr,1,0.00244,15541,37.95950,40941
1722,manhg,1,0.00244,15542,37.96195,40941
1723,manuelfelipe,1,0.00244,15543,37.96439,40941
1724,Marcel-Hillmann,1,0.00244,15544,37.96683,40941
1725,markgewurz,1,0.00244,15545,37.96927,40941
1726,markosiira-arm,1,0.00244,15546,37.97172,40941
1727,Markusaa77,1,0.00244,15547,37.97416,40941
1728,maromaro0013,1,0.00244,15548,37.97660,40941
1729,marshally,1,0.00244,15549,37.97904,40941
1730,masayamaeda,1,0.00244,15550,37.98149,40941
1731,MasslessParticle,1,0.00244,15551,37.98393,40941
1732,masutaka,1,0.00244,15552,37.98637,40941
1733,matt-march,1,0.00244,15553,37.98881,40941
1734,maxgutman,1,0.00244,15554,37.99126,40941
1735,mbenabda,1,0.00244,15555,37.99370,40941
1736,mcanaves,1,0.00244,15556,37.99614,40941
1737,mcarriere-seedbox,1,0.00244,15557,37.99858,40941
1738,mcastilho,1,0.00244,15558,38.00103,40941
1739,mcdoker18,1,0.00244,15559,38.00347,40941
1740,mcmar,1,0.00244,15560,38.00591,40941
1741,mdalley,1,0.00244,15561,38.00835,40941
1742,mdasilva,1,0.00244,15562,38.01080,40941
1743,mduncan26,1,0.00244,15563,38.01324,40941
1744,meggarr,1,0.00244,15564,38.01568,40941
1745,Mehonoshin,1,0.00244,15565,38.01812,40941
1746,meishao,1,0.00244,15566,38.02057,40941
1747,melnik13,1,0.00244,15567,38.02301,40941
1748,meltsufin,1,0.00244,15568,38.02545,40941
1749,melya,1,0.00244,15569,38.02789,40941
1750,mercuriev,1,0.00244,15570,38.03034,40941
1751,mgartner,1,0.00244,15571,38.03278,40941
1752,mhb8436,1,0.00244,15572,38.03522,40941
1753,mhoshino,1,0.00244,15573,38.03766,40941
1754,michi-nakaya,1,0.00244,15574,38.04011,40941
1755,MihoYamato,1,0.00244,15575,38.04255,40941
1756,mijime,1,0.00244,15576,38.04499,40941
1757,mikelaws,1,0.00244,15577,38.04743,40941
1758,mikemar10,1,0.00244,15578,38.04988,40941
1759,mikowitz,1,0.00244,15579,38.05232,40941
1760,milanbrahmbhatt,1,0.00244,15580,38.05476,40941
1761,MilesDickChen,1,0.00244,15581,38.05720,40941
1762,milesich,1,0.00244,15582,38.05965,40941
1763,misoobu,1,0.00244,15583,38.06209,40941
1764,mk811,1,0.00244,15584,38.06453,40941
1765,mmlb,1,0.00244,15585,38.06697,40941
1766,mnibecker,1,0.00244,15586,38.06942,40941
1767,mnogu,1,0.00244,15587,38.07186,40941
1768,mogman1,1,0.00244,15588,38.07430,40941
1769,mojoTX,1,0.00244,15589,38.07674,40941
1770,mokemokechicken,1,0.00244,15590,38.07919,40941
1771,mopinion,1,0.00244,15591,38.08163,40941
1772,motemen,1,0.00244,15592,38.08407,40941
1773,mredivo,1,0.00244,15593,38.08651,40941
1774,MrMarshall,1,0.00244,15594,38.08896,40941
1775,mrnonz,1,0.00244,15595,38.09140,40941
1776,mshibuya,1,0.00244,15596,38.09384,40941
1777,msulland,1,0.00244,15597,38.09628,40941
1778,muramasa64,1,0.00244,15598,38.09873,40941
1779,Mvpanswer7,1,0.00244,15599,38.10117,40941
1780,myspotontheweb,1,0.00244,15600,38.10361,40941
1781,mysticmcj,1,0.00244,15601,38.10606,40941
1782,nabe,1,0.00244,15602,38.10850,40941
1783,naiduarvind,1,0.00244,15603,38.11094,40941
1784,nakamegu,1,0.00244,15604,38.11338,40941
1785,nakechi,1,0.00244,15605,38.11583,40941
1786,namrata-ibm,1,0.00244,15606,38.11827,40941
1787,naoki-iwami,1,0.00244,15607,38.12071,40941
1788,natlibfi-arlehiko,1,0.00244,15608,38.12315,40941
1789,naumanrana,1,0.00244,15609,38.12560,40941
1790,nbertram,1,0.00244,15610,38.12804,40941
1791,ndemoor,1,0.00244,15611,38.13048,40941
1792,Nebulis,1,0.00244,15612,38.13292,40941
1793,nekenk1,1,0.00244,15613,38.13537,40941
1794,Nevon,1,0.00244,15614,38.13781,40941
1795,ngiallelis,1,0.00244,15615,38.14025,40941
1796,nglinh,1,0.00244,15616,38.14269,40941
1797,nhosoi,1,0.00244,15617,38.14514,40941
1798,NickMortimer,1,0.00244,15618,38.14758,40941
1799,nicofff,1,0.00244,15619,38.15002,40941
1800,niku,1,0.00244,15620,38.15246,40941
1801,nipe0324,1,0.00244,15621,38.15491,40941
1802,nnao45,1,0.00244,15622,38.15735,40941
1803,nobutus,1,0.00244,15623,38.15979,40941
1804,nobuyukioishi,1,0.00244,15624,38.16223,40941
1805,nolith,1,0.00244,15625,38.16468,40941
1806,nraddy,1,0.00244,15626,38.16712,40941
1807,nroypf,1,0.00244,15627,38.16956,40941
1808,numidiasoft,1,0.00244,15628,38.17200,40941
1809,nuno-andre,1,0.00244,15629,38.17445,40941
1810,nunofernandes,1,0.00244,15630,38.17689,40941
1811,nurxbot,1,0.00244,15631,38.17933,40941
1812,oeegor,1,0.00244,15632,38.18177,40941
1813,omer-akhter,1,0.00244,15633,38.18422,40941
1814,onzaro,1,0.00244,15634,38.18666,40941
1815,ops-dev-sh,1,0.00244,15635,38.18910,40941
1816,orion0616,1,0.00244,15636,38.19154,40941
1817,orlangure,1,0.00244,15637,38.19399,40941
1818,Os-carsun,1,0.00244,15638,38.19643,40941
1819,osela,1,0.00244,15639,38.19887,40941
1820,osimmasgard,1,0.00244,15640,38.20131,40941
1821,ostkrok,1,0.00244,15641,38.20376,40941
1822,ottimo,1,0.00244,15642,38.20620,40941
1823,owen,1,0.00244,15643,38.20864,40941
1824,pallan,1,0.00244,15644,38.21108,40941
1825,palloc,1,0.00244,15645,38.21353,40941
1826,pankajmt,1,0.00244,15646,38.21597,40941
1827,PaoPao20170417,1,0.00244,15647,38.21841,40941
1828,particledecay,1,0.00244,15648,38.22085,40941
1829,paulasmuth,1,0.00244,15649,38.22330,40941
1830,pawangonnakuti,1,0.00244,15650,38.22574,40941
1831,pbenefice,1,0.00244,15651,38.22818,40941
1832,peanig,1,0.00244,15652,38.23062,40941
1833,peterjanovsky,1,0.00244,15653,38.23307,40941
1834,peter-lotts-tombola,1,0.00244,15654,38.23551,40941
1835,peter-slovak,1,0.00244,15655,38.23795,40941
1836,pfalgowski,1,0.00244,15656,38.24039,40941
1837,pfremm,1,0.00244,15657,38.24284,40941
1838,pfriel-bcs,1,0.00244,15658,38.24528,40941
1839,pgieniec5tar,1,0.00244,15659,38.24772,40941
1840,pigri,1,0.00244,15660,38.25016,40941
1841,plicease,1,0.00244,15661,38.25261,40941
1842,pluralistix,1,0.00244,15662,38.25505,40941
1843,pocket7878,1,0.00244,15663,38.25749,40941
1844,podilra,1,0.00244,15664,38.25994,40941
1845,pratikmoo,1,0.00244,15665,38.26238,40941
1846,protomonk,1,0.00244,15666,38.26482,40941
1847,puruslotion,1,0.00244,15667,38.26726,40941
1848,qrtt1,1,0.00244,15668,38.26971,40941
1849,quasipedia,1,0.00244,15669,38.27215,40941
1850,qwiggy,1,0.00244,15670,38.27459,40941
1851,rail44,1,0.00244,15671,38.27703,40941
1852,ramynasr,1,0.00244,15672,38.27948,40941
1853,rbolkey,1,0.00244,15673,38.28192,40941
1854,ReadmeCritic,1,0.00244,15674,38.28436,40941
1855,recunius,1,0.00244,15675,38.28680,40941
1856,reflectivedevelopment,1,0.00244,15676,38.28925,40941
1857,Reifier,1,0.00244,15677,38.29169,40941
1858,residualdata,1,0.00244,15678,38.29413,40941
1859,ReSTARTR,1,0.00244,15679,38.29657,40941
1860,rfitzhugh,1,0.00244,15680,38.29902,40941
1861,rholzhause,1,0.00244,15681,38.30146,40941
1862,rmacian,1,0.00244,15682,38.30390,40941
1863,rogeriobastos,1,0.00244,15683,38.30634,40941
1864,rohitnick,1,0.00244,15684,38.30879,40941
1865,ronnyle,1,0.00244,15685,38.31123,40941
1866,rpahli,1,0.00244,15686,38.31367,40941
1867,rrudduck,1,0.00244,15687,38.31611,40941
1868,Rudolph-Miller,1,0.00244,15688,38.31856,40941
1869,runningstream,1,0.00244,15689,38.32100,40941
1870,RX14,1,0.00244,15690,38.32344,40941
1871,rykov,1,0.00244,15691,38.32588,40941
1872,ryutaroy,1,0.00244,15692,38.32833,40941
1873,sachaos,1,0.00244,15693,38.33077,40941
1874,saint1991,1,0.00244,15694,38.33321,40941
1875,SamLiu79,1,0.00244,15695,38.33565,40941
1876,samstokes,1,0.00244,15696,38.33810,40941
1877,sandats,1,0.00244,15697,38.34054,40941
1878,sanjitsaluja,1,0.00244,15698,38.34298,40941
1879,sboagibm,1,0.00244,15699,38.34542,40941
1880,sbrandtb,1,0.00244,15700,38.34787,40941
1881,sbusso,1,0.00244,15701,38.35031,40941
1882,scamfield,1,0.00244,15702,38.35275,40941
1883,scanlonjts,1,0.00244,15703,38.35519,40941
1884,schainks,1,0.00244,15704,38.35764,40941
1885,schneidmaster,1,0.00244,15705,38.36008,40941
1886,ScottyFillups,1,0.00244,15706,38.36252,40941
1887,seancurran157,1,0.00244,15707,38.36496,40941
1888,sebastiendarocha,1,0.00244,15708,38.36741,40941
1889,seiyeah78,1,0.00244,15709,38.36985,40941
1890,sergeyfedotov,1,0.00244,15710,38.37229,40941
1891,shadjiiski,1,0.00244,15711,38.37473,40941
1892,shai32,1,0.00244,15712,38.37718,40941
1893,shao1555,1,0.00244,15713,38.37962,40941
1894,shcherbak,1,0.00244,15714,38.38206,40941
1895,shinebayar-g,1,0.00244,15715,38.38450,40941
1896,shinjiikeda,1,0.00244,15716,38.38695,40941
1897,ShivakumarSwamy,1,0.00244,15717,38.38939,40941
1898,shivpathak,1,0.00244,15718,38.39183,40941
1899,shock-pewtoo,1,0.00244,15719,38.39427,40941
1900,shogo82148,1,0.00244,15720,38.39672,40941
1901,shonansurvivors,1,0.00244,15721,38.39916,40941
1902,shou10152208,1,0.00244,15722,38.40160,40941
1903,shoutakenaka,1,0.00244,15723,38.40404,40941
1904,shunyy,1,0.00244,15724,38.40649,40941
1905,si-rob,1,0.00244,15725,38.40893,40941
1906,skobaken7,1,0.00244,15726,38.41137,40941
1907,sleongkoan,1,0.00244,15727,38.41382,40941
1908,smilefish1987,1,0.00244,15728,38.41626,40941
1909,solatch,1,0.00244,15729,38.41870,40941
1910,SongGithub,1,0.00244,15730,38.42114,40941
1911,sonofachamp,1,0.00244,15731,38.42359,40941
1912,sovioletta,1,0.00244,15732,38.42603,40941
1913,spacediver,1,0.00244,15733,38.42847,40941
1914,Spazzy757,1,0.00244,15734,38.43091,40941
1915,SpringMT,1,0.00244,15735,38.43336,40941
1916,sqtran,1,0.00244,15736,38.43580,40941
1917,srikanthbirada,1,0.00244,15737,38.43824,40941
1918,ssmiller25,1,0.00244,15738,38.44068,40941
1919,stachdude,1,0.00244,15739,38.44313,40941
1920,stankud,1,0.00244,15740,38.44557,40941
1921,stanleyxc,1,0.00244,15741,38.44801,40941
1922,stefannilsson,1,0.00244,15742,38.45045,40941
1923,stuh84,1,0.00244,15743,38.45290,40941
1924,subodh100,1,0.00244,15744,38.45534,40941
1925,sueken5,1,0.00244,15745,38.45778,40941
1926,sullerandras,1,0.00244,15746,38.46022,40941
1927,sunhao-java,1,0.00244,15747,38.46267,40941
1928,superguillen,1,0.00244,15748,38.46511,40941
1929,surajsunrays,1,0.00244,15749,38.46755,40941
1930,sutetotanuki,1,0.00244,15750,38.46999,40941
1931,suxiaobai,1,0.00244,15751,38.47244,40941
1932,swfortier,1,0.00244,15752,38.47488,40941
1933,syucream,1,0.00244,15753,38.47732,40941
1934,tachiba,1,0.00244,15754,38.47976,40941
1935,tachyon29,1,0.00244,15755,38.48221,40941
1936,TaikiKawamura,1,0.00244,15756,38.48465,40941
1937,takai,1,0.00244,15757,38.48709,40941
1938,takashikami,1,0.00244,15758,38.48953,40941
1939,takei-yuya,1,0.00244,15759,38.49198,40941
1940,takeru,1,0.00244,15760,38.49442,40941
1941,tako63,1,0.00244,15761,38.49686,40941
1942,taku333,1,0.00244,15762,38.49930,40941
1943,talawahtech,1,0.00244,15763,38.50175,40941
1944,tamtam180,1,0.00244,15764,38.50419,40941
1945,taneli76,1,0.00244,15765,38.50663,40941
1946,tanjunchen,1,0.00244,15766,38.50907,40941
1947,tantra35,1,0.00244,15767,38.51152,40941
1948,tarabaskara,1,0.00244,15768,38.51396,40941
1949,taras2358,1,0.00244,15769,38.51640,40941
1950,tatsuyafw,1,0.00244,15770,38.51884,40941
1951,tchelovilar,1,0.00244,15771,38.52129,40941
1952,TerryYeo,1,0.00244,15772,38.52373,40941
1953,tesh11,1,0.00244,15773,38.52617,40941
1954,thadamski,1,0.00244,15774,38.52861,40941
1955,themadprofessor,1,0.00244,15775,38.53106,40941
1956,thoriqsatriya,1,0.00244,15776,38.53350,40941
1957,Thoro,1,0.00244,15777,38.53594,40941
1958,thr3a,1,0.00244,15778,38.53838,40941
1959,threewordphrase,1,0.00244,15779,38.54083,40941
1960,tily,1,0.00244,15780,38.54327,40941
1961,tjamet,1,0.00244,15781,38.54571,40941
1962,tjstansell,1,0.00244,15782,38.54815,40941
1963,tkporter,1,0.00244,15783,38.55060,40941
1964,tmeinlschmidt,1,0.00244,15784,38.55304,40941
1965,toddlamb,1,0.00244,15785,38.55548,40941
1966,todesking,1,0.00244,15786,38.55792,40941
1967,tomasdubec,1,0.00244,15787,38.56037,40941
1968,tomaszulgis,1,0.00244,15788,38.56281,40941
1969,tomykaira,1,0.00244,15789,38.56525,40941
1970,ton31337,1,0.00244,15790,38.56769,40941
1971,toritori0318,1,0.00244,15791,38.57014,40941
1972,torus,1,0.00244,15792,38.57258,40941
1973,traviswdev,1,0.00244,15793,38.57502,40941
1974,turbotankist,1,0.00244,15794,38.57747,40941
1975,twalla,1,0.00244,15795,38.57991,40941
1976,t-yamo,1,0.00244,15796,38.58235,40941
1977,tyronedougherty,1,0.00244,15797,38.58479,40941
1978,ugifractal,1,0.00244,15798,38.58724,40941
1979,ujun,1,0.00244,15799,38.58968,40941
1980,ultinous-lawliet,1,0.00244,15800,38.59212,40941
1981,unetto,1,0.00244,15801,38.59456,40941
1982,ValFadeev,1,0.00244,15802,38.59701,40941
1983,valkolaci,1,0.00244,15803,38.59945,40941
1984,vandot,1,0.00244,15804,38.60189,40941
1985,vaseeharan,1,0.00244,15805,38.60433,40941
1986,veryluckyguy,1,0.00244,15806,38.60678,40941
1987,via-justa,1,0.00244,15807,38.60922,40941
1988,vigohe,1,0.00244,15808,38.61166,40941
1989,vilar-rivendel,1,0.00244,15809,38.61410,40941
1990,viljaste,1,0.00244,15810,38.61655,40941
1991,vitclone,1,0.00244,15811,38.61899,40941
1992,vittee,1,0.00244,15812,38.62143,40941
1993,w1mvy,1,0.00244,15813,38.62387,40941
1994,w256,1,0.00244,15814,38.62632,40941
1995,w5750584,1,0.00244,15815,38.62876,40941
1996,w8193277,1,0.00244,15816,38.63120,40941
1997,walktall,1,0.00244,15817,38.63364,40941
1998,wapa5pow,1,0.00244,15818,38.63609,40941
1999,wata-gh,1,0.00244,15819,38.63853,40941
2000,wataru420,1,0.00244,15820,38.64097,40941
2001,wcarlsen,1,0.00244,15821,38.64341,40941
2002,wgzhao,1,0.00244,15822,38.64586,40941
2003,wiktor2200,1,0.00244,15823,38.64830,40941
2004,winstonwp,1,0.00244,15824,38.65074,40941
2005,wkf,1,0.00244,15825,38.65318,40941
2006,worldchanger,1,0.00244,15826,38.65563,40941
2007,wst-casd,1,0.00244,15827,38.65807,40941
2008,xavi-,1,0.00244,15828,38.66051,40941
2009,xeno010,1,0.00244,15829,38.66295,40941
2010,xh9,1,0.00244,15830,38.66540,40941
2011,xitation,1,0.00244,15831,38.66784,40941
2012,xitkov,1,0.00244,15832,38.67028,40941
2013,yamotonalds,1,0.00244,15833,38.67272,40941
2014,Yanson,1,0.00244,15834,38.67517,40941
2015,yhara,1,0.00244,15835,38.67761,40941
2016,yk-twww,1,0.00244,15836,38.68005,40941
2017,ymitsos,1,0.00244,15837,38.68249,40941
2018,ymmtmsys,1,0.00244,15838,38.68494,40941
2019,yohei1126,1,0.00244,15839,38.68738,40941
2020,yoshida564,1,0.00244,15840,38.68982,40941
2021,youske,1,0.00244,15841,38.69226,40941
2022,ysd002,1,0.00244,15842,38.69471,40941
2023,ysksn,1,0.00244,15843,38.69715,40941
2024,y-t,1,0.00244,15844,38.69959,40941
2025,yudppp,1,0.00244,15845,38.70203,40941
2026,yuxiaobo96,1,0.00244,15846,38.70448,40941
2027,zagvym,1,0.00244,15847,38.70692,40941
2028,zeiler,1,0.00244,15848,38.70936,40941
2029,zensoftdevops,1,0.00244,15849,38.71180,40941
2030,zexi,1,0.00244,15850,38.71425,40941
2031,zhangyunjian-qiniu,1,0.00244,15851,38.71669,40941
2032,zhelyan,1,0.00244,15852,38.71913,40941
2033,ZiggyMaes,1,0.00244,15853,38.72157,40941
2034,ziguzagu,1,0.00244,15854,38.72402,40941
2035,znz,1,0.00244,15855,38.72646,40941
2036,zonywhoop,1,0.00244,15856,38.72890,40941
2037,zopanix,1,0.00244,15857,38.73135,40941
2038,zrochler,1,0.00244,15858,38.73379,40941
2039,zskulcsar,1,0.00244,15859,38.73623,40941
2040,zvickery,1,0.00244,15860,38.73867,40941
