rank_number,actor,commits,percent,cumulative_sum,cumulative_percent,all_commits
1,mhevery,23009,8.41009,23009,8.41009,273588
2,IgorMinar,12727,4.65189,35736,13.06198,273588
3,AndrewKushnir,9580,3.50162,45316,16.56359,273588
4,levitte,9229,3.37332,54545,19.93691,273588
5,stephentoub,8754,3.19970,63299,23.13661,273588
6,vicb,8029,2.93470,71328,26.07132,273588
7,matsko,6940,2.53666,78268,28.60798,273588
8,XhmikosR,6283,2.29652,84551,30.90450,273588
9,alxhub,5324,1.94599,89875,32.85049,273588
10,petebacondarwin,5219,1.90761,95094,34.75810,273588
11,cowtowncoder,4817,1.76068,99911,36.51878,273588
12,kara,4680,1.71060,104591,38.22938,273588
13,alexeagle,4614,1.68648,109205,39.91586,273588
14,dougwilson,4309,1.57500,113514,41.49085,273588
15,jdalton,3757,1.37323,117271,42.86409,273588
16,mdo,3450,1.26102,120721,44.12511,273588
17,jasonaden,3267,1.19413,123988,45.31924,273588
18,chuckjaz,2611,0.95435,126599,46.27359,273588
19,gkalpak,2556,0.93425,129155,47.20785,273588
20,tbosch,2179,0.79645,131334,48.00430,273588
21,gaearon,2163,0.79060,133497,48.79490,273588
22,Johann-S,2026,0.74053,135523,49.53543,273588
23,zloirock,2021,0.73870,137544,50.27413,273588
24,mattcaswell,1998,0.73030,139542,51.00443,273588
25,vsavkin,1687,0.61662,141229,51.62105,273588
26,richsalz,1622,0.59286,142851,52.21391,273588
27,crisbeto,1525,0.55741,144376,52.77132,273588
28,cvrebert,1466,0.53584,145842,53.30716,273588
29,MartijnCuppens,1383,0.50550,147225,53.81267,273588
30,epoberezkin,1343,0.49088,148568,54.30355,273588
31,bgrainger,1333,0.48723,149901,54.79078,273588
32,danmosemsft,1309,0.47846,151210,55.26924,273588
33,cpovirk,1272,0.46493,152482,55.73417,273588
34,vikerman,1268,0.46347,153750,56.19764,273588
35,pkozlowski-opensource,1236,0.45177,154986,56.64941,273588
36,cgdecker,1233,0.45068,156219,57.10009,273588
37,lrytz,1212,0.44300,157431,57.54309,273588
38,Narretz,1197,0.43752,158628,57.98061,273588
39,safern,1126,0.41157,159754,58.39218,273588
40,atscott,1102,0.40280,160856,58.79498,273588
41,hansl,1070,0.39110,161926,59.18608,273588
42,CharliePoole,993,0.36295,162919,59.54903,273588
43,jkotas,968,0.35382,163887,59.90285,273588
44,zpao,963,0.35199,164850,60.25484,273588
45,ViktorHofer,941,0.34395,165791,60.59878,273588
46,adriaanm,925,0.33810,166716,60.93688,273588
47,rprouse,895,0.32713,167611,61.26402,273588
48,retronym,886,0.32384,168497,61.58786,273588
49,JamesNK,865,0.31617,169362,61.90403,273588
50,bcoe,849,0.31032,170211,62.21435,273588
51,timdorr,844,0.30849,171055,62.52284,273588
52,weshaggard,772,0.28218,171827,62.80502,273588
53,patrickhlauke,765,0.27962,172592,63.08464,273588
54,christopherthielen,746,0.27267,173338,63.35731,273588
55,jeffbcross,726,0.26536,174064,63.62267,273588
56,ceki,725,0.26500,174789,63.88767,273588
57,patrickkettner,722,0.26390,175511,64.15157,273588
58,ericstj,698,0.25513,176209,64.40670,273588
59,xzyfer,692,0.25294,176901,64.65963,273588
60,spicyj,674,0.24636,177575,64.90599,273588
61,SethTisue,664,0.24270,178239,65.14869,273588
62,sindresorhus,664,0.24270,178903,65.39139,273588
63,sophiebits,627,0.22918,179530,65.62057,273588
64,bvaughn,626,0.22881,180156,65.84938,273588
65,bartonjs,614,0.22443,180770,66.07380,273588
66,jnm2,612,0.22369,181382,66.29750,273588
67,garydgregory,567,0.20725,181949,66.50474,273588
68,aearly,550,0.20103,182499,66.70578,273588
69,davidsh,538,0.19665,183037,66.90242,273588
70,acdlite,535,0.19555,183572,67.09797,273588
71,mellinoe,517,0.18897,184089,67.28694,273588
72,mprobst,508,0.18568,184597,67.47262,273588
73,petkaantonov,487,0.17800,185084,67.65063,273588
74,rkirov,483,0.17654,185567,67.82717,273588
75,jelbourn,471,0.17216,186038,67.99933,273588
76,mjackson,471,0.17216,186509,68.17148,273588
77,ahsonkhan,461,0.16850,186970,68.33999,273588
78,ariya,447,0.16338,187417,68.50337,273588
79,indexzero,429,0.15681,187846,68.66018,273588
80,mgol,424,0.15498,188270,68.81515,273588
81,kennethreitz,419,0.15315,188689,68.96830,273588
82,VSadov,408,0.14913,189097,69.11743,273588
83,filipesilva,404,0.14767,189501,69.26510,273588
84,maxokorokov,401,0.14657,189902,69.41167,273588
85,ellismg,397,0.14511,190299,69.55678,273588
86,joperezr,397,0.14511,190696,69.70189,273588
87,tarekgh,397,0.14511,191093,69.84700,273588
88,isaacs,396,0.14474,191489,69.99174,273588
89,sebmarkbage,381,0.13926,191870,70.13100,273588
90,megawac,379,0.13853,192249,70.26953,273588
91,PascalSchumacher,372,0.13597,192621,70.40550,273588
92,ocombe,371,0.13561,192992,70.54111,273588
93,knalli,363,0.13268,193355,70.67379,273588
94,rzwitserloot,358,0.13085,193713,70.80464,273588
95,JeremyKuhne,355,0.12976,194068,70.93440,273588
96,karelz,339,0.12391,194407,71.05831,273588
97,kyliau,332,0.12135,194739,71.17966,273588
98,wtgodbe,331,0.12098,195070,71.30064,273588
99,ianhays,325,0.11879,195395,71.41943,273588
100,Priya91,319,0.11660,195714,71.53603,273588
101,davegandy,316,0.11550,196030,71.65153,273588
102,hueniverse,315,0.11514,196345,71.76667,273588
103,mzgol,307,0.11221,196652,71.87888,273588
104,timmywil,307,0.11221,196959,71.99110,273588
105,yjbanov,294,0.10746,197253,72.09856,273588
106,Anipik,293,0.10710,197546,72.20565,273588
107,Lukasa,287,0.10490,197833,72.31055,273588
108,nhunzaker,285,0.10417,198118,72.41473,273588
109,calvinmetcalf,282,0.10307,198400,72.51780,273588
110,JiaLiPassion,282,0.10307,198682,72.62088,273588
111,ok2c,282,0.10307,198964,72.72395,273588
112,szeiger,279,0.10198,199243,72.82593,273588
113,rejas,275,0.10052,199518,72.92644,273588
114,jbogarthyde,272,0.09942,199790,73.02586,273588
115,scottgonzalez,271,0.09905,200061,73.12492,273588
116,juliemr,270,0.09869,200331,73.22361,273588
117,trueadm,268,0.09796,200599,73.32156,273588
118,kegluneq,267,0.09759,200866,73.41916,273588
119,lgalfaso,263,0.09613,201129,73.51529,273588
120,andresgalante,257,0.09394,201386,73.60922,273588
121,krwq,252,0.09211,201638,73.70133,273588
122,ljharb,247,0.09028,201885,73.79161,273588
123,markerikson,246,0.08992,202131,73.88153,273588
124,gregmagolan,232,0.08480,202363,73.96633,273588
125,kapunahelewong,229,0.08370,202592,74.05003,273588
126,mmitche,228,0.08334,202820,74.13337,273588
127,jonschlinkert,227,0.08297,203047,74.21634,273588
128,rspilker,227,0.08297,203274,74.29931,273588
129,josephperrott,220,0.08041,203494,74.37972,273588
130,broofa,219,0.08005,203713,74.45977,273588
131,ekasper,219,0.08005,203932,74.53982,273588
132,tannergooding,218,0.07968,204150,74.61950,273588
133,britter,217,0.07932,204367,74.69882,273588
134,chcosta,217,0.07932,204584,74.77813,273588
135,mde,216,0.07895,204800,74.85708,273588
136,mmalerba,216,0.07895,205016,74.93604,273588
137,wfurt,214,0.07822,205230,75.01426,273588
138,alan-agius4,209,0.07639,205439,75.09065,273588
139,jbedard,206,0.07530,205645,75.16594,273588
140,GrabYourPitchforks,205,0.07493,205850,75.24087,273588
141,nguerrera,202,0.07383,206052,75.31471,273588
142,coliff,201,0.07347,206253,75.38817,273588
143,aweary,195,0.07128,206448,75.45945,273588
144,bartdesmet,193,0.07054,206641,75.52999,273588
145,shmao,193,0.07054,206834,75.60054,273588
146,steveharter,193,0.07054,207027,75.67108,273588
147,lowasser,190,0.06945,207217,75.74053,273588
148,bardiharborow,188,0.06872,207405,75.80925,273588
149,chenkie,187,0.06835,207592,75.87760,273588
150,saurabh500,182,0.06652,207774,75.94412,273588
151,MattGal,180,0.06579,207954,76.00991,273588
152,sebbASF,179,0.06543,208133,76.07534,273588
153,benjamingr,171,0.06250,208304,76.13784,273588
154,andrewseguin,167,0.06104,208471,76.19888,273588
155,JoostK,167,0.06104,208638,76.25992,273588
156,mcollina,167,0.06104,208805,76.32096,273588
157,DataTables,164,0.05994,208969,76.38091,273588
158,sameb,162,0.05921,209131,76.44012,273588
159,bep,161,0.05885,209292,76.49897,273588
160,TimothyGu,161,0.05885,209453,76.55782,273588
161,marwahaha,158,0.05775,209611,76.61557,273588
162,maryamariyan,157,0.05739,209768,76.67295,273588
163,Foxandxss,156,0.05702,209924,76.72997,273588
164,kluever,153,0.05592,210077,76.78590,273588
165,tmat,153,0.05592,210230,76.84182,273588
166,flarnie,151,0.05519,210381,76.89701,273588
167,jonathantneal,151,0.05519,210532,76.95221,273588
168,ronshapiro,151,0.05519,210683,77.00740,273588
169,xuwei-k,151,0.05519,210834,77.06259,273588
170,tagliala,150,0.05483,210984,77.11742,273588
171,caitp,147,0.05373,211131,77.17115,273588
172,davidfowl,147,0.05373,211278,77.22488,273588
173,markelog,144,0.05263,211422,77.27751,273588
174,joshfree,141,0.05154,211563,77.32905,273588
175,Qix-,141,0.05154,211704,77.38059,273588
176,feross,138,0.05044,211842,77.43103,273588
177,kaduk,138,0.05044,211980,77.48147,273588
178,corivera,135,0.04934,212115,77.53081,273588
179,eiriktsarpalis,134,0.04898,212249,77.57979,273588
180,gibson042,133,0.04861,212382,77.62840,273588
181,eerhardt,132,0.04825,212514,77.67665,273588
182,chirayuk,131,0.04788,212645,77.72453,273588
183,Bezier89,130,0.04752,212775,77.77205,273588
184,marijnh,130,0.04752,212905,77.81957,273588
185,mikkelbu,128,0.04679,213033,77.86635,273588
186,diesalbla,127,0.04642,213160,77.91277,273588
187,mikeal,123,0.04496,213283,77.95773,273588
188,ryanflorence,123,0.04496,213406,78.00269,273588
189,am11,120,0.04386,213526,78.04655,273588
190,benaadams,120,0.04386,213646,78.09041,273588
191,nschonni,120,0.04386,213766,78.13427,273588
192,vancem,119,0.04350,213885,78.17777,273588
193,dwijnand,117,0.04277,214002,78.22054,273588
194,phated,117,0.04277,214119,78.26330,273588
195,dagood,116,0.04240,214235,78.30570,273588
196,slontis,113,0.04130,214348,78.34700,273588
197,tmshort,111,0.04057,214459,78.38758,273588
198,naomiblack,109,0.03984,214568,78.42742,273588
199,captbaritone,108,0.03948,214676,78.46689,273588
200,geoffkizer,108,0.03948,214784,78.50637,273588
201,vjeux,108,0.03948,214892,78.54584,273588
202,robertmesserle,106,0.03874,214998,78.58459,273588
203,sigmavirus24,106,0.03874,215104,78.62333,273588
204,tmds,104,0.03801,215208,78.66134,273588
205,ericeil,103,0.03765,215311,78.69899,273588
206,kouvel,103,0.03765,215414,78.73664,273588
207,jzaefferer,102,0.03728,215516,78.77392,273588
208,necolas,102,0.03728,215618,78.81121,273588
209,ayazhafiz,100,0.03655,215718,78.84776,273588
210,filipnavara,100,0.03655,215818,78.88431,273588
211,netomi,100,0.03655,215918,78.92086,273588
212,pjanotti,100,0.03655,216018,78.95741,273588
213,talbs,97,0.03545,216115,78.99287,273588
214,jashkenas,96,0.03509,216211,79.02795,273588
215,julienrf,96,0.03509,216307,79.06304,273588
216,ryanseddon,92,0.03363,216399,79.09667,273588
217,ziluvatar,92,0.03363,216491,79.13030,273588
218,analog-nico,91,0.03326,216582,79.16356,273588
219,dmethvin,91,0.03326,216673,79.19682,273588
220,huanwu,91,0.03326,216764,79.23008,273588
221,jridgewell,90,0.03290,216854,79.26298,273588
222,maxrimue,90,0.03290,216944,79.29588,273588
223,nexdrew,90,0.03290,217034,79.32877,273588
224,swankjesse,90,0.03290,217124,79.36167,273588
225,wesleycho,90,0.03290,217214,79.39456,273588
226,CIPop,89,0.03253,217303,79.42709,273588
227,mj1856,89,0.03253,217392,79.45963,273588
228,benouat,88,0.03217,217480,79.49179,273588
229,brandonroberts,88,0.03217,217568,79.52396,273588
230,JedWatson,87,0.03180,217655,79.55576,273588
231,que-etc,87,0.03180,217742,79.58756,273588
232,jfromaniello,86,0.03143,217828,79.61899,273588
233,MichalStrehovsky,86,0.03143,217914,79.65042,273588
234,davidben,85,0.03107,217999,79.68149,273588
235,pallavit,85,0.03107,218084,79.71256,273588
236,khdang,84,0.03070,218168,79.74326,273588
237,nateabele,84,0.03070,218252,79.77397,273588
238,tinayuangao,83,0.03034,218335,79.80430,273588
239,jaredhanson,82,0.02997,218417,79.83428,273588
240,maxbeatty,82,0.02997,218499,79.86425,273588
241,stash-sfdc,82,0.02997,218581,79.89422,273588
242,gunnarmorling,80,0.02924,218661,79.92346,273588
243,shadowspawn,80,0.02924,218741,79.95270,273588
244,gsmet,79,0.02888,218820,79.98158,273588
245,PatrickJS,78,0.02851,218898,80.01009,273588
246,AlexGhiondea,77,0.02814,218975,80.03823,273588
247,ashtuchkin,77,0.02814,219052,80.06638,273588
248,caleblloyd,77,0.02814,219129,80.09452,273588
249,rmkerr,76,0.02778,219205,80.12230,273588
250,alexperovich,75,0.02741,219280,80.14971,273588
251,janvorli,75,0.02741,219355,80.17713,273588
252,juliangruber,75,0.02741,219430,80.20454,273588
253,kevinb9n,75,0.02741,219505,80.23195,273588
254,ellenaua,74,0.02705,219579,80.25900,273588
255,koba04,74,0.02705,219653,80.28605,273588
256,Aweary,73,0.02668,219726,80.31273,273588
257,robmadole,73,0.02668,219799,80.33942,273588
258,pgavlin,72,0.02632,219871,80.36573,273588
259,romen,71,0.02595,219942,80.39168,273588
260,lukesandberg,70,0.02559,220012,80.41727,273588
261,gkhanna79,69,0.02522,220081,80.44249,273588
262,jhendrixMSFT,69,0.02522,220150,80.46771,273588
263,kkirsche,68,0.02485,220218,80.49257,273588
264,supergibbs,68,0.02485,220286,80.51742,273588
265,lmolkova,67,0.02449,220353,80.54191,273588
266,mgechev,67,0.02449,220420,80.56640,273588
267,blakeembrey,66,0.02412,220486,80.59052,273588
268,gdi2290,66,0.02412,220552,80.61465,273588
269,Lausselloic,66,0.02412,220618,80.63877,273588
270,thorn0,66,0.02412,220684,80.66289,273588
271,nlf,65,0.02376,220749,80.68665,273588
272,hargasinski,64,0.02339,220813,80.71005,273588
273,satazor,61,0.02230,220874,80.73234,273588
274,JakeWharton,60,0.02193,220934,80.75427,273588
275,t8m,60,0.02193,220994,80.77620,273588
276,arb,59,0.02157,221053,80.79777,273588
277,akre54,57,0.02083,221110,80.81860,273588
278,arekinath,56,0.02047,221166,80.83907,273588
279,p-steuer,56,0.02047,221222,80.85954,273588
280,chtompki,55,0.02010,221277,80.87964,273588
281,edevil,55,0.02010,221332,80.89975,273588
282,KrzysztofCwalina,55,0.02010,221387,80.91985,273588
283,stevemao,55,0.02010,221442,80.93995,273588
284,buyaa-n,54,0.01974,221496,80.95969,273588
285,brianrob,53,0.01937,221549,80.97906,273588
286,jquense,53,0.01937,221602,80.99844,273588
287,layomia,53,0.01937,221655,81.01781,273588
288,michaelficarra,53,0.01937,221708,81.03718,273588
289,Petermarcu,53,0.01937,221761,81.05655,273588
290,realityking,52,0.01901,221813,81.07556,273588
291,smile21prc,52,0.01901,221865,81.09457,273588
292,stash,52,0.01901,221917,81.11357,273588
293,dwmw2,51,0.01864,221968,81.13221,273588
294,kinow,51,0.01864,222019,81.15085,273588
295,zhiyelee,51,0.01864,222070,81.16950,273588
296,leo,50,0.01828,222120,81.18777,273588
297,OmarTawfik,50,0.01828,222170,81.20605,273588
298,qmfrederik,50,0.01828,222220,81.22432,273588
299,sdmaclea,50,0.01828,222270,81.24260,273588
300,vanesyan,50,0.01828,222320,81.26087,273588
301,krosenvold,49,0.01791,222369,81.27878,273588
302,akoeplinger,48,0.01754,222417,81.29633,273588
303,emilyemorehouse,48,0.01754,222465,81.31387,273588
304,JohnTortugo,48,0.01754,222513,81.33142,273588
305,pieroxy,48,0.01754,222561,81.34896,273588
306,Arkni,46,0.01681,222607,81.36578,273588
307,astrahov,46,0.01681,222653,81.38259,273588
308,chonton,46,0.01681,222699,81.39940,273588
309,jrtom,46,0.01681,222745,81.41622,273588
310,dcousens,45,0.01645,222790,81.43267,273588
311,dimo414,44,0.01608,222834,81.44875,273588
312,frederikprijck,44,0.01608,222878,81.46483,273588
313,mathiasbynens,44,0.01608,222922,81.48091,273588
314,terrajobst,44,0.01608,222966,81.49700,273588
315,cpojer,42,0.01535,223008,81.51235,273588
316,maggiepint,42,0.01535,223050,81.52770,273588
317,mureinik,42,0.01535,223092,81.54305,273588
318,kapilash,41,0.01499,223133,81.55804,273588
319,motdotla,41,0.01499,223174,81.57302,273588
320,tijoytom,41,0.01499,223215,81.58801,273588
321,karajas,40,0.01462,223255,81.60263,273588
322,sywhang,40,0.01462,223295,81.61725,273588
323,pakrym,39,0.01426,223334,81.63150,273588
324,fbasso,38,0.01389,223372,81.64539,273588
325,ScottSWu,38,0.01389,223410,81.65928,273588
326,nymanjens,37,0.01352,223447,81.67281,273588
327,OverZealous,37,0.01352,223484,81.68633,273588
328,AaronRobinsonMSFT,36,0.01316,223520,81.69949,273588
329,cston,36,0.01316,223556,81.71265,273588
330,fiigii,36,0.01316,223592,81.72581,273588
331,jkoritzinsky,36,0.01316,223628,81.73897,273588
332,lacker,36,0.01316,223664,81.75212,273588
333,mafintosh,36,0.01316,223700,81.76528,273588
334,maririos,36,0.01316,223736,81.77844,273588
335,pvorb,36,0.01316,223772,81.79160,273588
336,twsouthwick,36,0.01316,223808,81.80476,273588
337,adrianheine,35,0.01279,223843,81.81755,273588
338,venkat-raman251,35,0.01279,223878,81.83034,273588
339,dsgouda,34,0.01243,223912,81.84277,273588
340,geleems,34,0.01243,223946,81.85520,273588
341,nickuraltsev,34,0.01243,223980,81.86763,273588
342,RJPercival,34,0.01243,224014,81.88005,273588
343,bendrucker,33,0.01206,224047,81.89212,273588
344,cushon,33,0.01206,224080,81.90418,273588
345,icfantv,33,0.01206,224113,81.91624,273588
346,JohnRGee,33,0.01206,224146,81.92830,273588
347,seanstrom,33,0.01206,224179,81.94036,273588
348,SimenB,33,0.01206,224212,81.95242,273588
349,crummel,32,0.01170,224244,81.96412,273588
350,gkossakowski,32,0.01170,224276,81.97582,273588
351,glebm,32,0.01170,224308,81.98751,273588
352,pose,32,0.01170,224340,81.99921,273588
353,VladUreche,32,0.01170,224372,82.01091,273588
354,adamsitnik,31,0.01133,224403,82.02224,273588
355,ashsearle,31,0.01133,224434,82.03357,273588
356,Marusyk,31,0.01133,224465,82.04490,273588
357,hramos,30,0.01097,224495,82.05587,273588
358,pra85,30,0.01097,224525,82.06683,273588
359,swseverance,30,0.01097,224555,82.07780,273588
360,divdavem,29,0.01060,224584,82.08840,273588
361,felipewmartins,29,0.01060,224613,82.09900,273588
362,luqunl,29,0.01060,224642,82.10960,273588
363,netdpb,29,0.01060,224671,82.12020,273588
364,nglorioso,29,0.01060,224700,82.13080,273588
365,pgovind,29,0.01060,224729,82.14140,273588
366,davglass,28,0.01023,224757,82.15163,273588
367,fnagel,28,0.01023,224785,82.16186,273588
368,morganbr,28,0.01023,224813,82.17210,273588
369,omajid,28,0.01023,224841,82.18233,273588
370,rjamet,28,0.01023,224869,82.19257,273588
371,smarter,28,0.01023,224897,82.20280,273588
372,Tratcher,28,0.01023,224925,82.21304,273588
373,ahasall,27,0.00987,224952,82.22290,273588
374,joecritch,27,0.00987,224979,82.23277,273588
375,jon-oracle,27,0.00987,225006,82.24264,273588
376,SedarG,27,0.00987,225033,82.25251,273588
377,vojtajina,27,0.00987,225060,82.26238,273588
378,AArnott,26,0.00950,225086,82.27188,273588
379,dariajung,26,0.00950,225112,82.28139,273588
380,jakemac53,26,0.00950,225138,82.29089,273588
381,jcrugzz,26,0.00950,225164,82.30039,273588
382,Marsup,26,0.00950,225190,82.30990,273588
383,mattbishop,26,0.00950,225216,82.31940,273588
384,ChrisAlderson,25,0.00914,225241,82.32854,273588
385,davidjb,25,0.00914,225266,82.33768,273588
386,dicko2,25,0.00914,225291,82.34681,273588
387,FredKSchott,25,0.00914,225316,82.35595,273588
388,goderbauer,25,0.00914,225341,82.36509,273588
389,Khaledgarbaya,25,0.00914,225366,82.37423,273588
390,stevemoser,25,0.00914,225391,82.38336,273588
391,DanielRuf,24,0.00877,225415,82.39214,273588
392,mikem8361,24,0.00877,225439,82.40091,273588
393,NE-SmallTown,24,0.00877,225463,82.40968,273588
394,peterblazejewicz,24,0.00877,225487,82.41845,273588
395,rahku,24,0.00877,225511,82.42723,273588
396,scalablecory,24,0.00877,225535,82.43600,273588
397,contra,23,0.00841,225558,82.44441,273588
398,DDvO,23,0.00841,225581,82.45281,273588
399,kentcdodds,23,0.00841,225604,82.46122,273588
400,qizhanMS,23,0.00841,225627,82.46963,273588
401,reconbot,23,0.00841,225650,82.47803,273588
402,richlander,23,0.00841,225673,82.48644,273588
403,TrySound,23,0.00841,225696,82.49485,273588
404,chkal,22,0.00804,225718,82.50289,273588
405,JohnPostlethwait,22,0.00804,225740,82.51093,273588
406,mconnew,22,0.00804,225762,82.51897,273588
407,stevenbrix,22,0.00804,225784,82.52701,273588
408,alex,21,0.00768,225805,82.53469,273588
409,baulig,21,0.00768,225826,82.54236,273588
410,jcagme,21,0.00768,225847,82.55004,273588
411,SamVerschueren,21,0.00768,225868,82.55771,273588
412,spericas,21,0.00768,225889,82.56539,273588
413,TheSavior,21,0.00768,225910,82.57307,273588
414,dariobraun,20,0.00731,225930,82.58038,273588
415,hqueue,20,0.00731,225950,82.58769,273588
416,shrutigarg,20,0.00731,225970,82.59500,273588
417,supercodepoet,20,0.00731,225990,82.60231,273588
418,thomas-mcdonald,20,0.00731,226010,82.60962,273588
419,typicaljoe,20,0.00731,226030,82.61693,273588
420,jsoref,19,0.00694,226049,82.62387,273588
421,jyoungyun,19,0.00694,226068,82.63082,273588
422,MitMaro,19,0.00694,226087,82.63776,273588
423,niksy,19,0.00694,226106,82.64471,273588
424,SomeKittens,19,0.00694,226125,82.65165,273588
425,substack,19,0.00694,226144,82.65860,273588
426,tomocchino,19,0.00694,226163,82.66554,273588
427,TrevorKarjanis,19,0.00694,226182,82.67249,273588
428,troygoode,19,0.00694,226201,82.67943,273588
429,ahmadnassri,18,0.00658,226219,82.68601,273588
430,chlowell,18,0.00658,226237,82.69259,273588
431,graingert,18,0.00658,226255,82.69917,273588
432,kevva,18,0.00658,226273,82.70575,273588
433,robrich,18,0.00658,226291,82.71233,273588
434,amilajack,17,0.00621,226308,82.71854,273588
435,Andarist,17,0.00621,226325,82.72475,273588
436,AntonLapounov,17,0.00621,226342,82.73097,273588
437,doowb,17,0.00621,226359,82.73718,273588
438,jarrodyellets,17,0.00621,226376,82.74340,273588
439,jbnicolai,17,0.00621,226393,82.74961,273588
440,jorive,17,0.00621,226410,82.75582,273588
441,loganfsmyth,17,0.00621,226427,82.76204,273588
442,SGuyGe,17,0.00621,226444,82.76825,273588
443,vijaykota,17,0.00621,226461,82.77446,273588
444,vszakats,17,0.00621,226478,82.78068,273588
445,wesleytodd,17,0.00621,226495,82.78689,273588
446,damieng,16,0.00585,226511,82.79274,273588
447,dragos,16,0.00585,226527,82.79859,273588
448,erikvanderpoel,16,0.00585,226543,82.80444,273588
449,kenneth-reitz,16,0.00585,226559,82.81028,273588
450,macjohnny,16,0.00585,226575,82.81613,273588
451,mmikowski,16,0.00585,226591,82.82198,273588
452,othiym23,16,0.00585,226607,82.82783,273588
453,pgilad,16,0.00585,226623,82.83368,273588
454,rvagg,16,0.00585,226639,82.83953,273588
455,YingP99,16,0.00585,226655,82.84537,273588
456,battaglr,15,0.00548,226670,82.85086,273588
457,billyjanitsch,15,0.00548,226685,82.85634,273588
458,cshung,15,0.00548,226700,82.86182,273588
459,devongovett,15,0.00548,226715,82.86730,273588
460,hseok-oh,15,0.00548,226730,82.87279,273588
461,JustinBeckwith,15,0.00548,226745,82.87827,273588
462,kanongil,15,0.00548,226760,82.88375,273588
463,naamunds,15,0.00548,226775,82.88923,273588
464,Simek,15,0.00548,226790,82.89472,273588
465,tomato42,15,0.00548,226805,82.90020,273588
466,zertosh,15,0.00548,226820,82.90568,273588
467,Daniel15,14,0.00512,226834,82.91080,273588
468,defunctzombie,14,0.00512,226848,82.91592,273588
469,DrewScoggins,14,0.00512,226862,82.92103,273588
470,gourlaysama,14,0.00512,226876,82.92615,273588
471,mapleeit,14,0.00512,226890,82.93127,273588
472,mschoudry,14,0.00512,226904,82.93639,273588
473,ramarag,14,0.00512,226918,82.94150,273588
474,ruippeixotog,14,0.00512,226932,82.94662,273588
475,andreialecu,13,0.00475,226945,82.95137,273588
476,aswaterman,13,0.00475,226958,82.95612,273588
477,davidwrighton,13,0.00475,226971,82.96088,273588
478,evocateur,13,0.00475,226984,82.96563,273588
479,gbalykov,13,0.00475,226997,82.97038,273588
480,grimreaper,13,0.00475,227010,82.97513,273588
481,Krinkle,13,0.00475,227023,82.97988,273588
482,kstanger,13,0.00475,227036,82.98463,273588
483,michael-o,13,0.00475,227049,82.98939,273588
484,notrab,13,0.00475,227062,82.99414,273588
485,agrandi,12,0.00439,227074,82.99852,273588
486,butterflyhug,12,0.00439,227086,83.00291,273588
487,cgruber,12,0.00439,227098,83.00730,273588
488,clemmy,12,0.00439,227110,83.01168,273588
489,davidmakepeace,12,0.00439,227122,83.01607,273588
490,dorireuv,12,0.00439,227134,83.02045,273588
491,eamonnmcmanus,12,0.00439,227146,83.02484,273588
492,Haroenv,12,0.00439,227158,83.02923,273588
493,nicolo-ribaudo,12,0.00439,227170,83.03361,273588
494,nslottow,12,0.00439,227182,83.03800,273588
495,rajansingh10,12,0.00439,227194,83.04238,273588
496,StephenBonikowsky,12,0.00439,227206,83.04677,273588
497,tiran,12,0.00439,227218,83.05116,273588
498,ChALkeR,11,0.00402,227229,83.05518,273588
499,danez,11,0.00402,227240,83.05920,273588
500,davepacheco,11,0.00402,227251,83.06322,273588
501,Diego-Perez-Botero,11,0.00402,227262,83.06724,273588
502,echesakovMSFT,11,0.00402,227273,83.07126,273588
503,escodel,11,0.00402,227284,83.07528,273588
504,gitter-badger,11,0.00402,227295,83.07930,273588
505,gregw,11,0.00402,227306,83.08332,273588
506,josalem,11,0.00402,227317,83.08734,273588
507,joshwand,11,0.00402,227328,83.09136,273588
508,Jozkee,11,0.00402,227339,83.09538,273588
509,kkurni,11,0.00402,227350,83.09940,273588
510,LucasSloan,11,0.00402,227361,83.10343,273588
511,raja-ashok,11,0.00402,227372,83.10745,273588
512,stuartwdouglas,11,0.00402,227383,83.11147,273588
513,tbodt,11,0.00402,227394,83.11549,273588
514,YourDeveloperFriend,11,0.00402,227405,83.11951,273588
515,AlekseyTs,10,0.00366,227415,83.12316,273588
516,amZotti,10,0.00366,227425,83.12682,273588
517,davkean,10,0.00366,227435,83.13047,273588
518,EdwardBetts,10,0.00366,227445,83.13413,273588
519,KKhurin,10,0.00366,227455,83.13778,273588
520,nikolas,10,0.00366,227465,83.14144,273588
521,PavelKopyl,10,0.00366,227475,83.14509,273588
522,riarenas,10,0.00366,227485,83.14875,273588
523,srawlins,10,0.00366,227495,83.15240,273588
524,sumitbhagwani,10,0.00366,227505,83.15606,273588
525,tunniclm,10,0.00366,227515,83.15971,273588
526,vanessanschmitt,10,0.00366,227525,83.16337,273588
527,AmazingJaze,9,0.00329,227534,83.16666,273588
528,Ana06,9,0.00329,227543,83.16995,273588
529,Atry,9,0.00329,227552,83.17324,273588
530,dseefeld,9,0.00329,227561,83.17653,273588
531,evqna,9,0.00329,227570,83.17982,273588
532,felixonmars,9,0.00329,227579,83.18311,273588
533,hann013,9,0.00329,227588,83.18640,273588
534,jamesgeorge007,9,0.00329,227597,83.18969,273588
535,JimboWei,9,0.00329,227606,83.19298,273588
536,jochenw,9,0.00329,227615,83.19627,273588
537,josephsavona,9,0.00329,227624,83.19956,273588
538,josguil,9,0.00329,227633,83.20285,273588
539,jwilk,9,0.00329,227642,83.20613,273588
540,KuraFire,9,0.00329,227651,83.20942,273588
541,LokeshN,9,0.00329,227660,83.21271,273588
542,ravimeda,9,0.00329,227669,83.21600,273588
543,wateret,9,0.00329,227678,83.21929,273588
544,yorickhenning,9,0.00329,227687,83.22258,273588
545,adiaaida,8,0.00292,227695,83.22551,273588
546,bjjones,8,0.00292,227703,83.22843,273588
547,cheenamalhotra,8,0.00292,227711,83.23136,273588
548,davmason,8,0.00292,227719,83.23428,273588
549,DnlHarvey,8,0.00292,227727,83.23720,273588
550,dsblv,8,0.00292,227735,83.24013,273588
551,erozenfeld,8,0.00292,227743,83.24305,273588
552,github-cygwin,8,0.00292,227751,83.24598,273588
553,gkdn,8,0.00292,227759,83.24890,273588
554,ipuustin,8,0.00292,227767,83.25182,273588
555,JiangJi,8,0.00292,227775,83.25475,273588
556,mairaw,8,0.00292,227783,83.25767,273588
557,markt-asf,8,0.00292,227791,83.26060,273588
558,monkey-mas,8,0.00292,227799,83.26352,273588
559,swgillespie,8,0.00292,227807,83.26644,273588
560,adityamandaleeka,7,0.00256,227814,83.26900,273588
561,agocke,7,0.00256,227821,83.27156,273588
562,benelliott,7,0.00256,227828,83.27412,273588
563,BrennanConroy,7,0.00256,227835,83.27668,273588
564,edmorley,7,0.00256,227842,83.27924,273588
565,elharo,7,0.00256,227849,83.28180,273588
566,felixbuenemann,7,0.00256,227856,83.28435,273588
567,imcarolwang,7,0.00256,227863,83.28691,273588
568,jeffschwMSFT,7,0.00256,227870,83.28947,273588
569,kasiabulat,7,0.00256,227877,83.29203,273588
570,kunalspathak,7,0.00256,227884,83.29459,273588
571,mrpre,7,0.00256,227891,83.29715,273588
572,noahfalk,7,0.00256,227898,83.29971,273588
573,ofrobots,7,0.00256,227905,83.30226,273588
574,PeterDaveHello,7,0.00256,227912,83.30482,273588
575,pharring,7,0.00256,227919,83.30738,273588
576,ppham27,7,0.00256,227926,83.30994,273588
577,rikles,7,0.00256,227933,83.31250,273588
578,simonua,7,0.00256,227940,83.31506,273588
579,stone-li,7,0.00256,227947,83.31762,273588
580,tintoy,7,0.00256,227954,83.32017,273588
581,vladak,7,0.00256,227961,83.32273,273588
582,wolfgangGoedel,7,0.00256,227968,83.32529,273588
583,aheckmann,6,0.00219,227974,83.32749,273588
584,awaterma,6,0.00219,227980,83.32968,273588
585,chentsulin,6,0.00219,227986,83.33187,273588
586,chunseoklee,6,0.00219,227992,83.33406,273588
587,ciz,6,0.00219,227998,83.33626,273588
588,ebourg,6,0.00219,228004,83.33845,273588
589,fredsa,6,0.00219,228010,83.34064,273588
590,gperrow-SAP,6,0.00219,228016,83.34284,273588
591,HongGit,6,0.00219,228022,83.34503,273588
592,Jakuje,6,0.00219,228028,83.34722,273588
593,jimcarley,6,0.00219,228034,83.34942,273588
594,kgoldman,6,0.00219,228040,83.35161,273588
595,leecow,6,0.00219,228046,83.35380,273588
596,lyip1992,6,0.00219,228052,83.35600,273588
597,mbrukman,6,0.00219,228058,83.35819,273588
598,meenie,6,0.00219,228064,83.36038,273588
599,meteorcloudy,6,0.00219,228070,83.36257,273588
600,monkindey,6,0.00219,228076,83.36477,273588
601,NothingEverHappens,6,0.00219,228082,83.36696,273588
602,omeid,6,0.00219,228088,83.36915,273588
603,robphoenix,6,0.00219,228094,83.37135,273588
604,ronaldtse,6,0.00219,228100,83.37354,273588
605,sharwell,6,0.00219,228106,83.37573,273588
606,simo5,6,0.00219,228112,83.37793,273588
607,sjsinju,6,0.00219,228118,83.38012,273588
608,Sridhar-MS,6,0.00219,228124,83.38231,273588
609,stain,6,0.00219,228130,83.38451,273588
610,swaroop-sridhar,6,0.00219,228136,83.38670,273588
611,tatsuhiro-t,6,0.00219,228142,83.38889,273588
612,vitek-karas,6,0.00219,228148,83.39108,273588
613,watson,6,0.00219,228154,83.39328,273588
614,A-And,5,0.00183,228159,83.39511,273588
615,AndyAyersMS,5,0.00183,228164,83.39693,273588
616,artem-smotrakov,5,0.00183,228169,83.39876,273588
617,b0ri5,5,0.00183,228174,83.40059,273588
618,bmeurer,5,0.00183,228179,83.40242,273588
619,BruceForstall,5,0.00183,228184,83.40424,273588
620,client9,5,0.00183,228189,83.40607,273588
621,demohi,5,0.00183,228194,83.40790,273588
622,Dmitri-Botcharnikov,5,0.00183,228199,83.40973,273588
623,epeli,5,0.00183,228204,83.41155,273588
624,gk5885,5,0.00183,228209,83.41338,273588
625,haxorz,5,0.00183,228214,83.41521,273588
626,jaredpar,5,0.00183,228219,83.41704,273588
627,jlavallee,5,0.00183,228224,83.41886,273588
628,kevinburke,5,0.00183,228229,83.42069,273588
629,leemgs,5,0.00183,228234,83.42252,273588
630,marob,5,0.00183,228239,83.42435,273588
631,MichaelSimons,5,0.00183,228244,83.42617,273588
632,msmeissn,5,0.00183,228249,83.42800,273588
633,msmorgan,5,0.00183,228254,83.42983,273588
634,noscripter,5,0.00183,228259,83.43166,273588
635,orta,5,0.00183,228264,83.43348,273588
636,raboof,5,0.00183,228269,83.43531,273588
637,reaperhulk,5,0.00183,228274,83.43714,273588
638,RReverser,5,0.00183,228279,83.43897,273588
639,sam-github,5,0.00183,228284,83.44079,273588
640,sebastienros,5,0.00183,228289,83.44262,273588
641,shrah,5,0.00183,228294,83.44445,273588
642,skfd,5,0.00183,228299,83.44628,273588
643,tarikulsabbir,5,0.00183,228304,83.44810,273588
644,tquerec,5,0.00183,228309,83.44993,273588
645,zbjornson,5,0.00183,228314,83.45176,273588
646,15characterlimi,4,0.00146,228318,83.45322,273588
647,acr31,4,0.00146,228322,83.45468,273588
648,adob,4,0.00146,228326,83.45615,273588
649,adrian-crum,4,0.00146,228330,83.45761,273588
650,agl,4,0.00146,228334,83.45907,273588
651,AlfredoMS,4,0.00146,228338,83.46053,273588
652,carltonf,4,0.00146,228342,83.46199,273588
653,ChadNedzlek,4,0.00146,228346,83.46346,273588
654,cjihrig,4,0.00146,228350,83.46492,273588
655,CoffeeFlux,4,0.00146,228354,83.46638,273588
656,daztucker,4,0.00146,228358,83.46784,273588
657,dimvar,4,0.00146,228362,83.46930,273588
658,dnozay,4,0.00146,228366,83.47077,273588
659,dreddy-work,4,0.00146,228370,83.47223,273588
660,elgalu,4,0.00146,228374,83.47369,273588
661,ericelliott,4,0.00146,228378,83.47515,273588
662,feloy,4,0.00146,228382,83.47661,273588
663,jayaram-intel,4,0.00146,228386,83.47808,273588
664,just-boris,4,0.00146,228390,83.47954,273588
665,karinazhou,4,0.00146,228394,83.48100,273588
666,Kingwl,4,0.00146,228398,83.48246,273588
667,lajones,4,0.00146,228402,83.48392,273588
668,Lekensteyn,4,0.00146,228406,83.48539,273588
669,LoicMahieu,4,0.00146,228410,83.48685,273588
670,lucenticus,4,0.00146,228414,83.48831,273588
671,lvarayut,4,0.00146,228418,83.48977,273588
672,marceljuenemann,4,0.00146,228422,83.49123,273588
673,mattlewis92,4,0.00146,228426,83.49270,273588
674,mebigfatguy,4,0.00146,228430,83.49416,273588
675,mitchellwills,4,0.00146,228434,83.49562,273588
676,moozzyk,4,0.00146,228438,83.49708,273588
677,motiz88,4,0.00146,228442,83.49855,273588
678,nateq314,4,0.00146,228446,83.50001,273588
679,noackjr,4,0.00146,228450,83.50147,273588
680,Parent5446,4,0.00146,228454,83.50293,273588
681,paulmon,4,0.00146,228458,83.50439,273588
682,rahulkotecha,4,0.00146,228462,83.50586,273588
683,ryysud,4,0.00146,228466,83.50732,273588
684,sajeetharan,4,0.00146,228470,83.50878,273588
685,tealtail,4,0.00146,228474,83.51024,273588
686,tonybaroneee,4,0.00146,228478,83.51170,273588
687,Urigo,4,0.00146,228482,83.51317,273588
688,v-yanbgu,4,0.00146,228486,83.51463,273588
689,zarenner,4,0.00146,228490,83.51609,273588
690,adispring,3,0.00110,228493,83.51719,273588
691,alphonsekurian,3,0.00110,228496,83.51828,273588
692,anpete,3,0.00110,228499,83.51938,273588
693,Artazor,3,0.00110,228502,83.52048,273588
694,bdelacretaz,3,0.00110,228505,83.52157,273588
695,bjori,3,0.00110,228508,83.52267,273588
696,blowdart,3,0.00110,228511,83.52377,273588
697,brad4d,3,0.00110,228514,83.52486,273588
698,brendanashworth,3,0.00110,228517,83.52596,273588
699,BridgeAR,3,0.00110,228520,83.52706,273588
700,chr-g,3,0.00110,228523,83.52815,273588
701,chrishiestand,3,0.00110,228526,83.52925,273588
702,cndpzc,3,0.00110,228529,83.53034,273588
703,DanLipsitt,3,0.00110,228532,83.53144,273588
704,davidkarlsen,3,0.00110,228535,83.53254,273588
705,davidstanke,3,0.00110,228538,83.53363,273588
706,daxtens,3,0.00110,228541,83.53473,273588
707,dcwuser,3,0.00110,228544,83.53583,273588
708,dead-horse,3,0.00110,228547,83.53692,273588
709,dongjoon-hyun,3,0.00110,228550,83.53802,273588
710,egor-n,3,0.00110,228553,83.53912,273588
711,ExFlo,3,0.00110,228556,83.54021,273588
712,frozencemetery,3,0.00110,228559,83.54131,273588
713,gabrielschulhof,3,0.00110,228562,83.54241,273588
714,gsans,3,0.00110,228565,83.54350,273588
715,hzamani,3,0.00110,228568,83.54460,273588
716,iamjasonp,3,0.00110,228571,83.54570,273588
717,iemejia,3,0.00110,228574,83.54679,273588
718,invalid-email-address,3,0.00110,228577,83.54789,273588
719,jerryzz0,3,0.00110,228580,83.54899,273588
720,jhmanson,3,0.00110,228583,83.55008,273588
721,jiangzeng01,3,0.00110,228586,83.55118,273588
722,johngmyers,3,0.00110,228589,83.55228,273588
723,kaycebasques,3,0.00110,228592,83.55337,273588
724,kolodny,3,0.00110,228595,83.55447,273588
725,leebyron,3,0.00110,228598,83.55557,273588
726,markusicu,3,0.00110,228601,83.55666,273588
727,martinheidegger,3,0.00110,228604,83.55776,273588
728,mausch,3,0.00110,228607,83.55885,273588
729,michajlo,3,0.00110,228610,83.55995,273588
730,moonchanyong,3,0.00110,228613,83.56105,273588
731,mpeylo,3,0.00110,228616,83.56214,273588
732,msprotz,3,0.00110,228619,83.56324,273588
733,mverver-google,3,0.00110,228622,83.56434,273588
734,nfelt,3,0.00110,228625,83.56543,273588
735,ojhad,3,0.00110,228628,83.56653,273588
736,paulcreates,3,0.00110,228631,83.56763,273588
737,pprindeville,3,0.00110,228634,83.56872,273588
738,PunKeel,3,0.00110,228637,83.56982,273588
739,rainersigwald,3,0.00110,228640,83.57092,273588
740,rictic,3,0.00110,228643,83.57201,273588
741,RobertKielty,3,0.00110,228646,83.57311,273588
742,roncain,3,0.00110,228649,83.57421,273588
743,ruiaraujo,3,0.00110,228652,83.57530,273588
744,sethpollack,3,0.00110,228655,83.57640,273588
745,sfackler,3,0.00110,228658,83.57750,273588
746,shimingsg,3,0.00110,228661,83.57859,273588
747,ShivanKaul,3,0.00110,228664,83.57969,273588
748,silentroach,3,0.00110,228667,83.58079,273588
749,Stavrus,3,0.00110,228670,83.58188,273588
750,stevelinsell,3,0.00110,228673,83.58298,273588
751,taylorwood,3,0.00110,228676,83.58408,273588
752,tbroadley,3,0.00110,228679,83.58517,273588
753,thomaspink,3,0.00110,228682,83.58627,273588
754,tIGO,3,0.00110,228685,83.58736,273588
755,timofeyb,3,0.00110,228688,83.58846,273588
756,trevorlinton,3,0.00110,228691,83.58956,273588
757,vapier,3,0.00110,228694,83.59065,273588
758,vinayvishal,3,0.00110,228697,83.59175,273588
759,vkvenkat,3,0.00110,228700,83.59285,273588
760,wincent,3,0.00110,228703,83.59394,273588
761,wub,3,0.00110,228706,83.59504,273588
762,Yeti-or,3,0.00110,228709,83.59614,273588
763,yiuyuho,3,0.00110,228712,83.59723,273588
764,zorrorffm,3,0.00110,228715,83.59833,273588
765,333fred,2,0.00073,228717,83.59906,273588
766,AdamWill,2,0.00073,228719,83.59979,273588
767,ademuri,2,0.00073,228721,83.60052,273588
768,aeijdenberg,2,0.00073,228723,83.60125,273588
769,aherbert,2,0.00073,228725,83.60199,273588
770,Akretsch,2,0.00073,228727,83.60272,273588
771,alokmenghrajani,2,0.00073,228729,83.60345,273588
772,andyfleming,2,0.00073,228731,83.60418,273588
773,andy-ms,2,0.00073,228733,83.60491,273588
774,ankon,2,0.00073,228735,83.60564,273588
775,antonblanchard,2,0.00073,228737,83.60637,273588
776,antonio-cortes-perez,2,0.00073,228739,83.60710,273588
777,apaatsio,2,0.00073,228741,83.60783,273588
778,arianf,2,0.00073,228743,83.60856,273588
779,arliang,2,0.00073,228745,83.60930,273588
780,armujahid,2,0.00073,228747,83.61003,273588
781,arvinio,2,0.00073,228749,83.61076,273588
782,askhalil,2,0.00073,228751,83.61149,273588
783,asoldano,2,0.00073,228753,83.61222,273588
784,asottile,2,0.00073,228755,83.61295,273588
785,billwert,2,0.00073,228757,83.61368,273588
786,bolu,2,0.00073,228759,83.61441,273588
787,calebmer,2,0.00073,228761,83.61514,273588
788,CatTail,2,0.00073,228763,83.61587,273588
789,cjshawMIT,2,0.00073,228765,83.61661,273588
790,cminyard,2,0.00073,228767,83.61734,273588
791,cneijenhuis,2,0.00073,228769,83.61807,273588
792,colus001,2,0.00073,228771,83.61880,273588
793,coreybutler,2,0.00073,228773,83.61953,273588
794,csutherl,2,0.00073,228775,83.62026,273588
795,cwe1ss,2,0.00073,228777,83.62099,273588
796,dancasey,2,0.00073,228779,83.62172,273588
797,danielmbarlow,2,0.00073,228781,83.62245,273588
798,DanielMSchmidt,2,0.00073,228783,83.62319,273588
799,daxian-dbw,2,0.00073,228785,83.62392,273588
800,deki,2,0.00073,228787,83.62465,273588
801,delmyers,2,0.00073,228789,83.62538,273588
802,dmandelin,2,0.00073,228791,83.62611,273588
803,DmitryKakurin,2,0.00073,228793,83.62684,273588
804,donaldchai,2,0.00073,228795,83.62757,273588
805,DQNEO,2,0.00073,228797,83.62830,273588
806,dsplaisted,2,0.00073,228799,83.62903,273588
807,duxinxiao,2,0.00073,228801,83.62976,273588
808,dveeden,2,0.00073,228803,83.63050,273588
809,dvorak42,2,0.00073,228805,83.63123,273588
810,eaftan,2,0.00073,228807,83.63196,273588
811,eatnumber1,2,0.00073,228809,83.63269,273588
812,Eddman,2,0.00073,228811,83.63342,273588
813,ericcurtin,2,0.00073,228813,83.63415,273588
814,ericwb,2,0.00073,228815,83.63488,273588
815,eubnara,2,0.00073,228817,83.63561,273588
816,fh1ch,2,0.00073,228819,83.63634,273588
817,frosas,2,0.00073,228821,83.63707,273588
818,fson,2,0.00073,228823,83.63781,273588
819,GabrielNicolasAvellaneda,2,0.00073,228825,83.63854,273588
820,gnomeontherun,2,0.00073,228827,83.63927,273588
821,graememorgan,2,0.00073,228829,83.64000,273588
822,grant,2,0.00073,228831,83.64073,273588
823,gregg-miskelly,2,0.00073,228833,83.64146,273588
824,Gregoirevda,2,0.00073,228835,83.64219,273588
825,gregturn,2,0.00073,228837,83.64292,273588
826,hairyhenderson,2,0.00073,228839,83.64365,273588
827,halkeye,2,0.00073,228841,83.64438,273588
828,Havner,2,0.00073,228843,83.64512,273588
829,hboutemy,2,0.00073,228845,83.64585,273588
830,heshamMassoud,2,0.00073,228847,83.64658,273588
831,honkentuber,2,0.00073,228849,83.64731,273588
832,hotpxl,2,0.00073,228851,83.64804,273588
833,icholy,2,0.00073,228853,83.64877,273588
834,ide,2,0.00073,228855,83.64950,273588
835,infrastation,2,0.00073,228857,83.65023,273588
836,isyun,2,0.00073,228859,83.65096,273588
837,J5,2,0.00073,228861,83.65170,273588
838,jacobwgillespie,2,0.00073,228863,83.65243,273588
839,JacquesPerrault,2,0.00073,228865,83.65316,273588
840,jakkdu,2,0.00073,228867,83.65389,273588
841,jamacku,2,0.00073,228869,83.65462,273588
842,jamesward,2,0.00073,228871,83.65535,273588
843,jansupol,2,0.00073,228873,83.65608,273588
844,jashook,2,0.00073,228875,83.65681,273588
845,jeremycline,2,0.00073,228877,83.65754,273588
846,jermowery,2,0.00073,228879,83.65827,273588
847,jgiles,2,0.00073,228881,83.65901,273588
848,johnjbarton,2,0.00073,228883,83.65974,273588
849,jonasfj,2,0.00073,228885,83.66047,273588
850,jonyonson,2,0.00073,228887,83.66120,273588
851,joshuagl,2,0.00073,228889,83.66193,273588
852,juergw,2,0.00073,228891,83.66266,273588
853,jurca,2,0.00073,228893,83.66339,273588
854,kevinsimper,2,0.00073,228895,83.66412,273588
855,keyan,2,0.00073,228897,83.66485,273588
856,kpaxqin,2,0.00073,228899,83.66558,273588
857,KraigWalker,2,0.00073,228901,83.66632,273588
858,Kuroky360,2,0.00073,228903,83.66705,273588
859,KyleAMathews,2,0.00073,228905,83.66778,273588
860,leimaohui,2,0.00073,228907,83.66851,273588
861,ligurio,2,0.00073,228909,83.66924,273588
862,localheinz,2,0.00073,228911,83.66997,273588
863,Lxiamail,2,0.00073,228913,83.67070,273588
864,magnolia-k,2,0.00073,228915,83.67143,273588
865,marciopuga,2,0.00073,228917,83.67216,273588
866,mariusschulz,2,0.00073,228919,83.67290,273588
867,mayani,2,0.00073,228921,83.67363,273588
868,mertdeg2,2,0.00073,228923,83.67436,273588
869,mgalgs,2,0.00073,228925,83.67509,273588
870,mgravell,2,0.00073,228927,83.67582,273588
871,mhbseal,2,0.00073,228929,83.67655,273588
872,michael-k,2,0.00073,228931,83.67728,273588
873,mixed,2,0.00073,228933,83.67801,273588
874,mjrousos,2,0.00073,228935,83.67874,273588
875,mkbehr,2,0.00073,228937,83.67947,273588
876,MLoughry,2,0.00073,228939,83.68021,273588
877,mrmlnc,2,0.00073,228941,83.68094,273588
878,NatMack,2,0.00073,228943,83.68167,273588
879,northtyphoon,2,0.00073,228945,83.68240,273588
880,npmccallum,2,0.00073,228947,83.68313,273588
881,okkez,2,0.00073,228949,83.68386,273588
882,olegsu,2,0.00073,228951,83.68459,273588
883,pavlin99th,2,0.00073,228953,83.68532,273588
884,pdxJayhawk,2,0.00073,228955,83.68605,273588
885,pevik,2,0.00073,228957,83.68678,273588
886,PierreFritsch,2,0.00073,228959,83.68752,273588
887,PiotrSikora,2,0.00073,228961,83.68825,273588
888,pjfanning,2,0.00073,228963,83.68898,273588
889,pmarks-net,2,0.00073,228965,83.68971,273588
890,Pothulapati,2,0.00073,228967,83.69044,273588
891,randing89,2,0.00073,228969,83.69117,273588
892,RashmicaG,2,0.00073,228971,83.69190,273588
893,rdrgmnzs,2,0.00073,228973,83.69263,273588
894,reda-alaoui,2,0.00073,228975,83.69336,273588
895,rgbkrk,2,0.00073,228977,83.69409,273588
896,ringw,2,0.00073,228979,83.69483,273588
897,s1monw,2,0.00073,228981,83.69556,273588
898,samwgoldman,2,0.00073,228983,83.69629,273588
899,seanshpark,2,0.00073,228985,83.69702,273588
900,shicks,2,0.00073,228987,83.69775,273588
901,silasb,2,0.00073,228989,83.69848,273588
902,sjanuary,2,0.00073,228991,83.69921,273588
903,snakefoot,2,0.00073,228993,83.69994,273588
904,soulgalore,2,0.00073,228995,83.70067,273588
905,srcLurker,2,0.00073,228997,83.70141,273588
906,startswithaj,2,0.00073,228999,83.70214,273588
907,stevewhims,2,0.00073,229001,83.70287,273588
908,stkelley,2,0.00073,229003,83.70360,273588
909,StuartHarris,2,0.00073,229005,83.70433,273588
910,stuartpb,2,0.00073,229007,83.70506,273588
911,superlaziness,2,0.00073,229009,83.70579,273588
912,t-8ch,2,0.00073,229011,83.70652,273588
913,tamird,2,0.00073,229013,83.70725,273588
914,teresy,2,0.00073,229015,83.70798,273588
915,thebeebs,2,0.00073,229017,83.70872,273588
916,Todd-Davies,2,0.00073,229019,83.70945,273588
917,trappar,2,0.00073,229021,83.71018,273588
918,tweksteen,2,0.00073,229023,83.71091,273588
919,vickychijwani,2,0.00073,229025,83.71164,273588
920,vladmos,2,0.00073,229027,83.71237,273588
921,wadahiro,2,0.00073,229029,83.71310,273588
922,wikier,2,0.00073,229031,83.71383,273588
923,wongmjane,2,0.00073,229033,83.71456,273588
924,wonseop,2,0.00073,229035,83.71529,273588
925,YongseopKim,2,0.00073,229037,83.71603,273588
926,yoshuawuyts,2,0.00073,229039,83.71676,273588
927,ystarlongzi,2,0.00073,229041,83.71749,273588
928,zdw,2,0.00073,229043,83.71822,273588
929,zhangsu,2,0.00073,229045,83.71895,273588
930,zhjwpku,2,0.00073,229047,83.71968,273588
931,ZitaNemeckova,2,0.00073,229049,83.72041,273588
932,0emily0,1,0.00037,229050,83.72078,273588
933,0x0539,1,0.00037,229051,83.72114,273588
934,acdvorak,1,0.00037,229052,83.72151,273588
935,adam-26,1,0.00037,229053,83.72187,273588
936,AdrianPal,1,0.00037,229054,83.72224,273588
937,agwells,1,0.00037,229055,83.72260,273588
938,aizatsky-at-google,1,0.00037,229056,83.72297,273588
939,Ajido,1,0.00037,229057,83.72334,273588
940,akx,1,0.00037,229058,83.72370,273588
941,alanrussian,1,0.00037,229059,83.72407,273588
942,alexander-bolshakov,1,0.00037,229060,83.72443,273588
943,AlexanderGH,1,0.00037,229061,83.72480,273588
944,Alexendoo,1,0.00037,229062,83.72516,273588
945,alistair23,1,0.00037,229063,83.72553,273588
946,al-k21,1,0.00037,229064,83.72589,273588
947,allanchau,1,0.00037,229065,83.72626,273588
948,AloisMahdal,1,0.00037,229066,83.72663,273588
949,alpencolt,1,0.00037,229067,83.72699,273588
950,amalloy,1,0.00037,229068,83.72736,273588
951,anandkumarpatel,1,0.00037,229069,83.72772,273588
952,andschwa,1,0.00037,229070,83.72809,273588
953,arnaudruffin,1,0.00037,229071,83.72845,273588
954,arthurschreiber,1,0.00037,229072,83.72882,273588
955,asilvas,1,0.00037,229073,83.72918,273588
956,Awk34,1,0.00037,229074,83.72955,273588
957,awturner,1,0.00037,229075,83.72992,273588
958,awused,1,0.00037,229076,83.73028,273588
959,bbarenblat,1,0.00037,229077,83.73065,273588
960,bcorso,1,0.00037,229078,83.73101,273588
961,benjamminj,1,0.00037,229079,83.73138,273588
962,benmccann,1,0.00037,229080,83.73174,273588
963,benmoss,1,0.00037,229081,83.73211,273588
964,billytrend,1,0.00037,229082,83.73247,273588
965,blia,1,0.00037,229083,83.73284,273588
966,bloodyowl,1,0.00037,229084,83.73320,273588
967,blueknob,1,0.00037,229085,83.73357,273588
968,bobintornado,1,0.00037,229086,83.73394,273588
969,bodewig,1,0.00037,229087,83.73430,273588
970,bouk,1,0.00037,229088,83.73467,273588
971,brahmnes,1,0.00037,229089,83.73503,273588
972,brendankenny,1,0.00037,229090,83.73540,273588
973,briansmith,1,0.00037,229091,83.73576,273588
974,brianwyantora,1,0.00037,229092,83.73613,273588
975,brycecr,1,0.00037,229093,83.73649,273588
976,bshannon,1,0.00037,229094,83.73686,273588
977,bulach,1,0.00037,229095,83.73723,273588
978,buzden,1,0.00037,229096,83.73759,273588
979,bz2,1,0.00037,229097,83.73796,273588
980,cakine,1,0.00037,229098,83.73832,273588
981,camrdale,1,0.00037,229099,83.73869,273588
982,captain5050,1,0.00037,229100,83.73905,273588
983,carl-mastrangelo,1,0.00037,229101,83.73942,273588
984,cesarandreu,1,0.00037,229102,83.73978,273588
985,chardch,1,0.00037,229103,83.74015,273588
986,Chrisboh,1,0.00037,229104,83.74051,273588
987,chriskuehl,1,0.00037,229105,83.74088,273588
988,christophetd,1,0.00037,229106,83.74125,273588
989,ckross01,1,0.00037,229107,83.74161,273588
990,clawr,1,0.00037,229108,83.74198,273588
991,clucey,1,0.00037,229109,83.74234,273588
992,cnwhy,1,0.00037,229110,83.74271,273588
993,codewiz,1,0.00037,229111,83.74307,273588
994,CodingFabian,1,0.00037,229112,83.74344,273588
995,codito,1,0.00037,229113,83.74380,273588
996,cortopy,1,0.00037,229114,83.74417,273588
997,csvn,1,0.00037,229115,83.74454,273588
998,culmat,1,0.00037,229116,83.74490,273588
999,CXuesong,1,0.00037,229117,83.74527,273588
1000,danielnorberg,1,0.00037,229118,83.74563,273588
1001,dankurka,1,0.00037,229119,83.74600,273588
1002,dannyvernovsky,1,0.00037,229120,83.74636,273588
1003,darcyadams,1,0.00037,229121,83.74673,273588
1004,dborowitz,1,0.00037,229122,83.74709,273588
1005,dcbrwn,1,0.00037,229123,83.74746,273588
1006,d-e-s-o,1,0.00037,229124,83.74783,273588
1007,devknoll,1,0.00037,229125,83.74819,273588
1008,dfarrow0,1,0.00037,229126,83.74856,273588
1009,dgreensp,1,0.00037,229127,83.74892,273588
1010,dkagedal,1,0.00037,229128,83.74929,273588
1011,dlindenkreuz,1,0.00037,229129,83.74965,273588
1012,d-los,1,0.00037,229130,83.75002,273588
1013,dmklementiev,1,0.00037,229131,83.75038,273588
1014,Dominator008,1,0.00037,229132,83.75075,273588
1015,dpursehouse,1,0.00037,229133,83.75111,273588
1016,dunglas,1,0.00037,229134,83.75148,273588
1017,ecasilla,1,0.00037,229135,83.75185,273588
1018,ecki,1,0.00037,229136,83.75221,273588
1019,edenlee1212,1,0.00037,229137,83.75258,273588
1020,ekuefler,1,0.00037,229138,83.75294,273588
1021,ElfoLiNk,1,0.00037,229139,83.75331,273588
1022,enaqx,1,0.00037,229140,83.75367,273588
1023,E-T-,1,0.00037,229141,83.75404,273588
1024,evanlucas,1,0.00037,229142,83.75440,273588
1025,evolvah,1,0.00037,229143,83.75477,273588
1026,faascape,1,0.00037,229144,83.75514,273588
1027,fabdouglas,1,0.00037,229145,83.75550,273588
1028,fatcerberus,1,0.00037,229146,83.75587,273588
1029,felixfbecker,1,0.00037,229147,83.75623,273588
1030,Felixzz,1,0.00037,229148,83.75660,273588
1031,flozano,1,0.00037,229149,83.75696,273588
1032,francescoinfante,1,0.00037,229150,83.75733,273588
1033,frasertweedale,1,0.00037,229151,83.75769,273588
1034,frewsxcv,1,0.00037,229152,83.75806,273588
1035,fritx,1,0.00037,229153,83.75843,273588
1036,gabelevi,1,0.00037,229154,83.75879,273588
1037,gafter,1,0.00037,229155,83.75916,273588
1038,galenandrew,1,0.00037,229156,83.75952,273588
1039,gaplo917,1,0.00037,229157,83.75989,273588
1040,garyiwu,1,0.00037,229158,83.76025,273588
1041,gesellix,1,0.00037,229159,83.76062,273588
1042,Globegitter,1,0.00037,229160,83.76098,273588
1043,glouischandra,1,0.00037,229161,83.76135,273588
1044,gmile,1,0.00037,229162,83.76171,273588
1045,gonzojive,1,0.00037,229163,83.76208,273588
1046,guyben13,1,0.00037,229164,83.76245,273588
1047,haf,1,0.00037,229165,83.76281,273588
1048,hiyosi,1,0.00037,229166,83.76318,273588
1049,hoyMS,1,0.00037,229167,83.76354,273588
1050,Huachao,1,0.00037,229168,83.76391,273588
1051,hyandell,1,0.00037,229169,83.76427,273588
1052,iamstolis,1,0.00037,229170,83.76464,273588
1053,iawia002,1,0.00037,229171,83.76500,273588
1054,ifigotin,1,0.00037,229172,83.76537,273588
1055,iflan,1,0.00037,229173,83.76574,273588
1056,ihac,1,0.00037,229174,83.76610,273588
1057,ilgrosso,1,0.00037,229175,83.76647,273588
1058,IlyaBiryukov,1,0.00037,229176,83.76683,273588
1059,immannino,1,0.00037,229177,83.76720,273588
1060,ineuwirth,1,0.00037,229178,83.76756,273588
1061,iphands,1,0.00037,229179,83.76793,273588
1062,isnotinvain,1,0.00037,229180,83.76829,273588
1063,IvanGoncharov,1,0.00037,229181,83.76866,273588
1064,IvanVergiliev,1,0.00037,229182,83.76902,273588
1065,Ivanwangcy,1,0.00037,229183,83.76939,273588
1066,JackDanger,1,0.00037,229184,83.76976,273588
1067,jameslyon,1,0.00037,229185,83.77012,273588
1068,jamesr73,1,0.00037,229186,83.77049,273588
1069,jaredcnance,1,0.00037,229187,83.77085,273588
1070,jart,1,0.00037,229188,83.77122,273588
1071,JasonLinMS,1,0.00037,229189,83.77158,273588
1072,javabrett,1,0.00037,229190,83.77195,273588
1073,jay98014,1,0.00037,229191,83.77231,273588
1074,JaysonRaymond,1,0.00037,229192,83.77268,273588
1075,jcdickinson,1,0.00037,229193,83.77305,273588
1076,jcruz2us,1,0.00037,229194,83.77341,273588
1077,jdom,1,0.00037,229195,83.77378,273588
1078,jeffmahoney,1,0.00037,229196,83.77414,273588
1079,jfigus,1,0.00037,229197,83.77451,273588
1080,jianglai,1,0.00037,229198,83.77487,273588
1081,jiria,1,0.00037,229199,83.77524,273588
1082,jldec,1,0.00037,229200,83.77560,273588
1083,joehni,1,0.00037,229201,83.77597,273588
1084,johanneswuerbach,1,0.00037,229202,83.77634,273588
1085,johnlinp,1,0.00037,229203,83.77670,273588
1086,Jokero,1,0.00037,229204,83.77707,273588
1087,JonathanSun,1,0.00037,229205,83.77743,273588
1088,jonfortescue,1,0.00037,229206,83.77780,273588
1089,JongHeonChoi,1,0.00037,229207,83.77816,273588
1090,joschi,1,0.00037,229208,83.77853,273588
1091,jparise,1,0.00037,229209,83.77889,273588
1092,jpiccari,1,0.00037,229210,83.77926,273588
1093,jpoon,1,0.00037,229211,83.77962,273588
1094,jpreese,1,0.00037,229212,83.77999,273588
1095,jryu,1,0.00037,229213,83.78036,273588
1096,jshoudy11,1,0.00037,229214,83.78072,273588
1097,j-stewart,1,0.00037,229215,83.78109,273588
1098,jstoja,1,0.00037,229216,83.78145,273588
1099,jt143,1,0.00037,229217,83.78182,273588
1100,jtattermusch,1,0.00037,229218,83.78218,273588
1101,juanpablo-santos,1,0.00037,229219,83.78255,273588
1102,k1988,1,0.00037,229220,83.78291,273588
1103,kandros,1,0.00037,229221,83.78328,273588
1104,kassens,1,0.00037,229222,83.78365,273588
1105,kaylangan,1,0.00037,229223,83.78401,273588
1106,kenperkins,1,0.00037,229224,83.78438,273588
1107,kevin-david,1,0.00037,229225,83.78474,273588
1108,kikyous,1,0.00037,229226,83.78511,273588
1109,KindDragon,1,0.00037,229227,83.78547,273588
1110,kirkthompson,1,0.00037,229228,83.78584,273588
1111,klippx,1,0.00037,229229,83.78620,273588
1112,klopfdreh,1,0.00037,229230,83.78657,273588
1113,Kornel,1,0.00037,229231,83.78694,273588
1114,koto,1,0.00037,229232,83.78730,273588
1115,krotscheck,1,0.00037,229233,83.78767,273588
1116,kuhlenh,1,0.00037,229234,83.78803,273588
1117,kuroky360,1,0.00037,229235,83.78840,273588
1118,kvochko,1,0.00037,229236,83.78876,273588
1119,kybetter,1,0.00037,229237,83.78913,273588
1120,larrys,1,0.00037,229238,83.78949,273588
1121,laurawalker,1,0.00037,229239,83.78986,273588
1122,leidegre,1,0.00037,229240,83.79022,273588
1123,LeoColomb,1,0.00037,229241,83.79059,273588
1124,lersek,1,0.00037,229242,83.79096,273588
1125,lfaraone,1,0.00037,229243,83.79132,273588
1126,lindner,1,0.00037,229244,83.79169,273588
1127,lukecwik,1,0.00037,229245,83.79205,273588
1128,lweichselbaum,1,0.00037,229246,83.79242,273588
1129,machaval,1,0.00037,229247,83.79278,273588
1130,magdazk,1,0.00037,229248,83.79315,273588
1131,mark-rushakoff,1,0.00037,229249,83.79351,273588
1132,marlon360,1,0.00037,229250,83.79388,273588
1133,MarSik,1,0.00037,229251,83.79425,273588
1134,masterfung,1,0.00037,229252,83.79461,273588
1135,matthauck,1,0.00037,229253,83.79498,273588
1136,matthewdias,1,0.00037,229254,83.79534,273588
1137,matthewloring,1,0.00037,229255,83.79571,273588
1138,MaximRouiller,1,0.00037,229256,83.79607,273588
1139,mdcanham,1,0.00037,229257,83.79644,273588
1140,mdonoughe,1,0.00037,229258,83.79680,273588
1141,messense,1,0.00037,229259,83.79717,273588
1142,mhils,1,0.00037,229260,83.79753,273588
1143,mike-marcacci,1,0.00037,229261,83.79790,273588
1144,mikemeko,1,0.00037,229262,83.79827,273588
1145,misterbeegee,1,0.00037,229263,83.79863,273588
1146,mkanat,1,0.00037,229264,83.79900,273588
1147,mmoffitt,1,0.00037,229265,83.79936,273588
1148,monners,1,0.00037,229266,83.79973,273588
1149,mrennie,1,0.00037,229267,83.80009,273588
1150,mritche,1,0.00037,229268,83.80046,273588
1151,msabramo,1,0.00037,229269,83.80082,273588
1152,mtaran-google,1,0.00037,229270,83.80119,273588
1153,myungjoo,1,0.00037,229271,83.80156,273588
1154,Naddiseo,1,0.00037,229272,83.80192,273588
1155,nadiatk,1,0.00037,229273,83.80229,273588
1156,nasht00,1,0.00037,229274,83.80265,273588
1157,nbeckman,1,0.00037,229275,83.80302,273588
1158,nbilling,1,0.00037,229276,83.80338,273588
1159,ndelangen,1,0.00037,229277,83.80375,273588
1160,nertzy,1,0.00037,229278,83.80411,273588
1161,nicky-zs,1,0.00037,229279,83.80448,273588
1162,nikai3d,1,0.00037,229280,83.80485,273588
1163,nikita-nuka,1,0.00037,229281,83.80521,273588
1164,nmckay,1,0.00037,229282,83.80558,273588
1165,notslang,1,0.00037,229283,83.80594,273588
1166,nrook-google,1,0.00037,229284,83.80631,273588
1167,odedpeer,1,0.00037,229285,83.80667,273588
1168,olivierlemasle,1,0.00037,229286,83.80704,273588
1169,omerzach,1,0.00037,229287,83.80740,273588
1170,opinali,1,0.00037,229288,83.80777,273588
1171,orlandohohmeier,1,0.00037,229289,83.80813,273588
1172,oxlay,1,0.00037,229290,83.80850,273588
1173,paulduffin,1,0.00037,229291,83.80887,273588
1174,pavolloffay,1,0.00037,229292,83.80923,273588
1175,Petrukha,1,0.00037,229293,83.80960,273588
1176,pfsmorigo,1,0.00037,229294,83.80996,273588
1177,plaes,1,0.00037,229295,83.81033,273588
1178,plappermaul,1,0.00037,229296,83.81069,273588
1179,plumpy,1,0.00037,229297,83.81106,273588
1180,pmeerw,1,0.00037,229298,83.81142,273588
1181,pspacek,1,0.00037,229299,83.81179,273588
1182,psteitz,1,0.00037,229300,83.81216,273588
1183,puradox,1,0.00037,229301,83.81252,273588
1184,pvanderlinden,1,0.00037,229302,83.81289,273588
1185,radarhere,1,0.00037,229303,83.81325,273588
1186,RajivPrab-Google,1,0.00037,229304,83.81362,273588
1187,ralfhandl,1,0.00037,229305,83.81398,273588
1188,RameshwarapuSanthosh,1,0.00037,229306,83.81435,273588
1189,ratteler50,1,0.00037,229307,83.81471,273588
1190,redseiko,1,0.00037,229308,83.81508,273588
1191,reubn,1,0.00037,229309,83.81545,273588
1192,ricokahler,1,0.00037,229310,83.81581,273588
1193,rmg,1,0.00037,229311,83.81618,273588
1194,robdodson,1,0.00037,229312,83.81654,273588
1195,RochesterinNYC,1,0.00037,229313,83.81691,273588
1196,rossjudson,1,0.00037,229314,83.81727,273588
1197,ryankennedy,1,0.00037,229315,83.81764,273588
1198,samuelkarp,1,0.00037,229316,83.81800,273588
1199,sanoursa,1,0.00037,229317,83.81837,273588
1200,saserr,1,0.00037,229318,83.81873,273588
1201,scjody,1,0.00037,229319,83.81910,273588
1202,scottmarlow,1,0.00037,229320,83.81947,273588
1203,ScrapCodes,1,0.00037,229321,83.81983,273588
1204,semion1956,1,0.00037,229322,83.82020,273588
1205,senivam,1,0.00037,229323,83.82056,273588
1206,SergejSalnikov,1,0.00037,229324,83.82093,273588
1207,sheerun,1,0.00037,229325,83.82129,273588
1208,sigorilla,1,0.00037,229326,83.82166,273588
1209,silhouettes,1,0.00037,229327,83.82202,273588
1210,sinkingpoint,1,0.00037,229328,83.82239,273588
1211,Sky161,1,0.00037,229329,83.82276,273588
1212,slandelle,1,0.00037,229330,83.82312,273588
1213,slang800,1,0.00037,229331,83.82349,273588
1214,slix,1,0.00037,229332,83.82385,273588
1215,soimy,1,0.00037,229333,83.82422,273588
1216,songsong182,1,0.00037,229334,83.82458,273588
1217,sorensenjs,1,0.00037,229335,83.82495,273588
1218,southpolesteve,1,0.00037,229336,83.82531,273588
1219,specio,1,0.00037,229337,83.82568,273588
1220,sputnik13,1,0.00037,229338,83.82605,273588
1221,srabraham,1,0.00037,229339,83.82641,273588
1222,sschuberth,1,0.00037,229340,83.82678,273588
1223,sshrdp,1,0.00037,229341,83.82714,273588
1224,StephenMolloy,1,0.00037,229342,83.82751,273588
1225,SteveL-MSFT,1,0.00037,229343,83.82787,273588
1226,stonexer,1,0.00037,229344,83.82824,273588
1227,sunandabalu,1,0.00037,229345,83.82860,273588
1228,sweiss-google,1,0.00037,229346,83.82897,273588
1229,Tahler,1,0.00037,229347,83.82933,273588
1230,tasanuma,1,0.00037,229348,83.82970,273588
1231,tbroyer,1,0.00037,229349,83.83007,273588
1232,tgriesser,1,0.00037,229350,83.83043,273588
1233,thardeck,1,0.00037,229351,83.83080,273588
1234,theganyo,1,0.00037,229352,83.83116,273588
1235,themez,1,0.00037,229353,83.83153,273588
1236,thomasdarimont,1,0.00037,229354,83.83189,273588
1237,timeimp,1,0.00037,229355,83.83226,273588
1238,TimLovellSmith,1,0.00037,229356,83.83262,273588
1239,timonvo,1,0.00037,229357,83.83299,273588
1240,tomball,1,0.00037,229358,83.83336,273588
1241,TomerWeisberg,1,0.00037,229359,83.83372,273588
1242,tsums,1,0.00037,229360,83.83409,273588
1243,tycho,1,0.00037,229361,83.83445,273588
1244,ulisesh,1,0.00037,229362,83.83482,273588
1245,vanupam,1,0.00037,229363,83.83518,273588
1246,vbauer,1,0.00037,229364,83.83555,273588
1247,victoriaaa234,1,0.00037,229365,83.83591,273588
1248,vincentbernat,1,0.00037,229366,83.83628,273588
1249,viniciusls,1,0.00037,229367,83.83664,273588
1250,vlajos,1,0.00037,229368,83.83701,273588
1251,vrana,1,0.00037,229369,83.83738,273588
1252,vvidic,1,0.00037,229370,83.83774,273588
1253,waywardgeek,1,0.00037,229371,83.83811,273588
1254,westarle,1,0.00037,229372,83.83847,273588
1255,wiarlawd,1,0.00037,229373,83.83884,273588
1256,WonyoungChoi,1,0.00037,229374,83.83920,273588
1257,xale,1,0.00037,229375,83.83957,273588
1258,xalep,1,0.00037,229376,83.83993,273588
1259,xizhao,1,0.00037,229377,83.84030,273588
1260,XZ-X,1,0.00037,229378,83.84067,273588
1261,yadoer,1,0.00037,229379,83.84103,273588
1262,yaxia,1,0.00037,229380,83.84140,273588
1263,ygatesoupe,1,0.00037,229381,83.84176,273588
1264,yhwang,1,0.00037,229382,83.84213,273588
1265,ymlbright,1,0.00037,229383,83.84249,273588
1266,yochem,1,0.00037,229384,83.84286,273588
1267,yurrriq,1,0.00037,229385,83.84322,273588
1268,yury,1,0.00037,229386,83.84359,273588
1269,zaverucha,1,0.00037,229387,83.84396,273588
1270,zeke,1,0.00037,229388,83.84432,273588
1271,zfraa,1,0.00037,229389,83.84469,273588
1272,zhiliangxu,1,0.00037,229390,83.84505,273588
1273,zhouyanggao,1,0.00037,229391,83.84542,273588
1274,zhuscat,1,0.00037,229392,83.84578,273588
1275,ZZITE,1,0.00037,229393,83.84615,273588
