rank_number,actor,contributions,percent,cumulative_sum,cumulative_percent,all_contributions
1,electrum,10525,10.38009,10525,10.38009,101396
2,kokosing,6601,6.51012,17126,16.89021,101396
3,findepi,6508,6.41840,23634,23.30861,101396
4,martint,5135,5.06430,28769,28.37291,101396
5,nezihyigitbasi,4309,4.24967,33078,32.62259,101396
6,dain,4071,4.01495,37149,36.63754,101396
7,arhimondr,3978,3.92323,41127,40.56077,101396
8,mbasmanova,3930,3.87589,45057,44.43666,101396
9,haozhun,3540,3.49126,48597,47.92793,101396
10,sopel39,3367,3.32064,51964,51.24857,101396
11,wenleix,3010,2.96856,54974,54.21713,101396
12,highker,2695,2.65790,57669,56.87502,101396
13,raghavsethi,2058,2.02967,59727,58.90469,101396
14,rschlussel,2000,1.97246,61727,60.87715,101396
15,cberner,1728,1.70421,63455,62.58136,101396
16,maciejgrzybek,1560,1.53852,65015,64.11989,101396
17,rongrong,1523,1.50203,66538,65.62192,101396
18,cawallin,1519,1.49809,68057,67.12000,101396
19,ebd2,1028,1.01385,69085,68.13385,101396
20,petroav,838,0.82646,69923,68.96031,101396
21,zhenxiao,800,0.78899,70723,69.74930,101396
22,tdcmeehan,770,0.75940,71493,70.50870,101396
23,yingsu00,753,0.74263,72246,71.25133,101396
24,pnowojski,738,0.72784,72984,71.97917,101396
25,AlekseiS,717,0.70713,73701,72.68630,101396
26,hellium01,705,0.69529,74406,73.38159,101396
27,shixuan-fan,679,0.66965,75085,74.05124,101396
28,anusudarsan,673,0.66373,75758,74.71498,101396
29,fiedukow,658,0.64894,76416,75.36392,101396
30,caithagoras,655,0.64598,77071,76.00990,101396
31,ArturGajowy,620,0.61146,77691,76.62137,101396
32,jirassimok,583,0.57497,78274,77.19634,101396
33,jessesleeping,522,0.51481,78796,77.71115,101396
34,geraint0923,494,0.48720,79290,78.19835,101396
35,elonazoulay,488,0.48128,79778,78.67963,101396
36,erichwang,424,0.41816,80202,79.09779,101396
37,sudarsanm94,419,0.41323,80621,79.51103,101396
38,ebyhr,359,0.35406,80980,79.86508,101396
39,onurfiliz,331,0.32644,81311,80.19153,101396
40,sameer2086,320,0.31559,81631,80.50712,101396
41,ShanBai6,319,0.31461,81950,80.82173,101396
42,ggreg,317,0.31264,82267,81.13436,101396
43,aweisberg,301,0.29686,82568,81.43122,101396
44,bhhari,284,0.28009,82852,81.71131,101396
45,amrutagokhale,274,0.27023,83126,81.98154,101396
46,akshatnair,271,0.26727,83397,82.24881,101396
47,atavory,259,0.25543,83656,82.50424,101396
48,zachyee,251,0.24754,83907,82.75179,101396
49,cosinequanon,248,0.24459,84155,82.99637,101396
50,ilfrin,239,0.23571,84394,83.23208,101396
51,alandpost,238,0.23472,84632,83.46680,101396
52,rash67,236,0.23275,84868,83.69955,101396
53,idemura,232,0.22881,85100,83.92836,101396
54,Praveen2112,232,0.22881,85332,84.15717,101396
55,nileema,230,0.22683,85562,84.38400,101396
56,rschlussel2,217,0.21401,85779,84.59801,101396
57,mayankgarg1990,210,0.20711,85989,84.80512,101396
58,sayhar,209,0.20612,86198,85.01124,101396
59,adamjshook,204,0.20119,86402,85.21243,101396
60,mattsfuller,199,0.19626,86601,85.40869,101396
61,oerling,180,0.17752,86781,85.58622,101396
62,sanjay990,165,0.16273,86946,85.74894,101396
63,atris,160,0.15780,87106,85.90674,101396
64,kgalieva,139,0.13709,87245,86.04383,101396
65,tooptoop4,136,0.13413,87381,86.17796,101396
66,ggilfb,128,0.12624,87509,86.30419,101396
67,brian-rickman,124,0.12229,87633,86.42649,101396
68,Yaliang,124,0.12229,87757,86.54878,101396
69,cemcayiroglu,120,0.11835,87877,86.66713,101396
70,miniway,117,0.11539,87994,86.78252,101396
71,jagill,116,0.11440,88110,86.89692,101396
72,zhaotao1986,107,0.10553,88217,87.00245,101396
73,sachdevs,103,0.10158,88320,87.10403,101396
74,szymonm,100,0.09862,88420,87.20265,101396
75,kewang1024,96,0.09468,88516,87.29733,101396
76,fmeiser,92,0.09073,88608,87.38806,101396
77,gastonar,92,0.09073,88700,87.47880,101396
78,VicoWu,91,0.08975,88791,87.56854,101396
79,RobinUS2,86,0.08482,88877,87.65336,101396
80,cpcloud,82,0.08087,88959,87.73423,101396
81,pettyjamesm,78,0.07693,89037,87.81116,101396
82,viczhang861,78,0.07693,89115,87.88808,101396
83,buremba,77,0.07594,89192,87.96402,101396
84,hustnn,77,0.07594,89269,88.03996,101396
85,qqibrow,77,0.07594,89346,88.11590,101396
86,KBP-TDC,74,0.07298,89420,88.18888,101396
87,joy-yao,73,0.07199,89493,88.26088,101396
88,picrinite,73,0.07199,89566,88.33287,101396
89,ajaygeorge,72,0.07101,89638,88.40388,101396
90,amoghmargoor,70,0.06904,89708,88.47292,101396
91,yuokada,67,0.06608,89775,88.53900,101396
92,brianwarner,65,0.06411,89840,88.60310,101396
93,nakhanha,64,0.06312,89904,88.66622,101396
94,rentaow,60,0.05917,89964,88.72539,101396
95,satybald,58,0.05720,90022,88.78259,101396
96,aandis,53,0.05227,90075,88.83487,101396
97,dcfocus,52,0.05128,90127,88.88615,101396
98,phd1994,51,0.05030,90178,88.93645,101396
99,MartinWeindel,50,0.04931,90228,88.98576,101396
100,anoopj,49,0.04833,90277,89.03408,101396
101,kevinwilfong,49,0.04833,90326,89.08241,101396
102,Parth-Brahmbhatt,48,0.04734,90374,89.12975,101396
103,wagnermarkd,48,0.04734,90422,89.17709,101396
104,smdorval,47,0.04635,90469,89.22344,101396
105,z-york,47,0.04635,90516,89.26979,101396
106,billonahill,46,0.04537,90562,89.31516,101396
107,BlueStalker,46,0.04537,90608,89.36053,101396
108,sumitkgec,46,0.04537,90654,89.40589,101396
109,ausgoo,45,0.04438,90699,89.45027,101396
110,lacbs,45,0.04438,90744,89.49465,101396
111,Tartarus0zm,45,0.04438,90789,89.53904,101396
112,kaikalur,44,0.04339,90833,89.58243,101396
113,zhaiyuyong,43,0.04241,90876,89.62484,101396
114,photogamerun,42,0.04142,90918,89.66626,101396
115,bowdencm,41,0.04044,90959,89.70669,101396
116,Lewuathe,39,0.03846,90998,89.74516,101396
117,rschlussel-zz,39,0.03846,91037,89.78362,101396
118,varungajjala,39,0.03846,91076,89.82208,101396
119,luohao,38,0.03748,91114,89.85956,101396
120,sczhaoqi,38,0.03748,91152,89.89704,101396
121,ankitdixit,37,0.03649,91189,89.93353,101396
122,stagraqubole,37,0.03649,91226,89.97002,101396
123,agrawaldevesh,36,0.03550,91262,90.00552,101396
124,kkc00,36,0.03550,91298,90.04103,101396
125,the6campbells,36,0.03550,91334,90.07653,101396
126,avirtuos,35,0.03452,91369,90.11105,101396
127,dabaitu,35,0.03452,91404,90.14557,101396
128,harunurhan,35,0.03452,91439,90.18009,101396
129,ryanrupp,35,0.03452,91474,90.21460,101396
130,codope,34,0.03353,91508,90.24814,101396
131,NikhilCollooru,34,0.03353,91542,90.28167,101396
132,ptkool,33,0.03255,91575,90.31421,101396
133,sajjoseph,33,0.03255,91608,90.34676,101396
134,dharmeshkakadia,31,0.03057,91639,90.37733,101396
135,talgalili,31,0.03057,91670,90.40791,101396
136,imperio-wxm,30,0.02959,91700,90.43749,101396
137,jwass,30,0.02959,91730,90.46708,101396
138,MichaelChirico,30,0.02959,91760,90.49667,101396
139,sdpatil,30,0.02959,91790,90.52625,101396
140,blrnw3,29,0.02860,91819,90.55485,101396
141,ochalouhi,29,0.02860,91848,90.58345,101396
142,zz22394,29,0.02860,91877,90.61206,101396
143,bhasudha,28,0.02761,91905,90.63967,101396
144,curcur,28,0.02761,91933,90.66728,101396
145,sshardool,28,0.02761,91961,90.69490,101396
146,chrisunder,27,0.02663,91988,90.72153,101396
147,cryptoe,27,0.02663,92015,90.74816,101396
148,delding,27,0.02663,92042,90.77478,101396
149,gerlou,27,0.02663,92069,90.80141,101396
150,jvanzyl,27,0.02663,92096,90.82804,101396
151,kaka11chen,27,0.02663,92123,90.85467,101396
152,striderarun,27,0.02663,92150,90.88130,101396
153,zsaltys,27,0.02663,92177,90.90793,101396
154,liangxia2006,26,0.02564,92203,90.93357,101396
155,piyushnarang,26,0.02564,92229,90.95921,101396
156,armsword,25,0.02466,92254,90.98387,101396
157,avinashidnani,24,0.02367,92278,91.00753,101396
158,FanTn,24,0.02367,92302,91.03120,101396
159,gaoxm,24,0.02367,92326,91.05487,101396
160,JasonBian,24,0.02367,92350,91.07854,101396
161,jxiang,24,0.02367,92374,91.10221,101396
162,AkshayPall,23,0.02268,92397,91.12490,101396
163,Drizzt321,23,0.02268,92420,91.14758,101396
164,nishantrayan,23,0.02268,92443,91.17026,101396
165,prateek1306,23,0.02268,92466,91.19295,101396
166,rabinnh,23,0.02268,92489,91.21563,101396
167,saurfang,23,0.02268,92512,91.23831,101396
168,vloup,23,0.02268,92535,91.26100,101396
169,yuyongyang800,23,0.02268,92558,91.28368,101396
170,philippu,22,0.02170,92580,91.30538,101396
171,ArchaB,21,0.02071,92601,91.32609,101396
172,gauravkm,21,0.02071,92622,91.34680,101396
173,natesammons-nasdaq,21,0.02071,92643,91.36751,101396
174,shreyasjoshis,21,0.02071,92664,91.38822,101396
175,aertoria,20,0.01972,92684,91.40795,101396
176,chengat1314,20,0.01972,92704,91.42767,101396
177,hgschmie,20,0.01972,92724,91.44739,101396
178,javainthinking,20,0.01972,92744,91.46712,101396
179,jefimm,20,0.01972,92764,91.48684,101396
180,mbeitchman,20,0.01972,92784,91.50657,101396
181,yinghai,20,0.01972,92804,91.52629,101396
182,BrendaNoonan,19,0.01874,92823,91.54503,101396
183,ffpeng90,19,0.01874,92842,91.56377,101396
184,ramveer93,19,0.01874,92861,91.58251,101396
185,sbmaggarwal,19,0.01874,92880,91.60125,101396
186,synhershko,19,0.01874,92899,91.61999,101396
187,takuti,19,0.01874,92918,91.63872,101396
188,actgardner,18,0.01775,92936,91.65648,101396
189,ashwinhs,18,0.01775,92954,91.67423,101396
190,bdm123,18,0.01775,92972,91.69198,101396
191,bolkedebruin,18,0.01775,92990,91.70973,101396
192,damiencarol,18,0.01775,93008,91.72748,101396
193,dotcomputercraft,18,0.01775,93026,91.74524,101396
194,ebuildy,18,0.01775,93044,91.76299,101396
195,guangyy,18,0.01775,93062,91.78074,101396
196,guyco33,18,0.01775,93080,91.79849,101396
197,handsetvn,18,0.01775,93098,91.81625,101396
198,redandblack1899,18,0.01775,93116,91.83400,101396
199,TempleZhou,18,0.01775,93134,91.85175,101396
200,tglstory,18,0.01775,93152,91.86950,101396
201,thanhlv93,18,0.01775,93170,91.88725,101396
202,Vayu,18,0.01775,93188,91.90501,101396
203,zhuqunzhou,18,0.01775,93206,91.92276,101396
204,cbanek,17,0.01677,93223,91.93952,101396
205,chanllen,17,0.01677,93240,91.95629,101396
206,combineads,17,0.01677,93257,91.97306,101396
207,islamismailov,17,0.01677,93274,91.98982,101396
208,kelvinfann,17,0.01677,93291,92.00659,101396
209,neuzrui,17,0.01677,93308,92.02335,101396
210,pengyf584,17,0.01677,93325,92.04012,101396
211,phd3,17,0.01677,93342,92.05689,101396
212,sogorkis,17,0.01677,93359,92.07365,101396
213,surendraGaddam99,17,0.01677,93376,92.09042,101396
214,thoralf-gutierrez,17,0.01677,93393,92.10718,101396
215,wwwiiilll,17,0.01677,93410,92.12395,101396
216,Jimexist,16,0.01578,93426,92.13973,101396
217,jyates,16,0.01578,93442,92.15551,101396
218,kadaan,16,0.01578,93458,92.17129,101396
219,kasiafi,16,0.01578,93474,92.18707,101396
220,lvijay,16,0.01578,93490,92.20285,101396
221,oneonestar,16,0.01578,93506,92.21863,101396
222,RameshByndoor,16,0.01578,93522,92.23441,101396
223,stewartpark,16,0.01578,93538,92.25019,101396
224,vinothchandar,16,0.01578,93554,92.26597,101396
225,visualage,16,0.01578,93570,92.28175,101396
226,xingnailu,16,0.01578,93586,92.29753,101396
227,aaronshan,15,0.01479,93601,92.31232,101396
228,Downchuck,15,0.01479,93616,92.32711,101396
229,hariharsubramanyam,15,0.01479,93631,92.34191,101396
230,JamesRTaylor,15,0.01479,93646,92.35670,101396
231,l1x,15,0.01479,93661,92.37149,101396
232,leolorenzoluis,15,0.01479,93676,92.38629,101396
233,PranayMunshi1982,15,0.01479,93691,92.40108,101396
234,tpeng-fb,15,0.01479,93706,92.41587,101396
235,arbass22,14,0.01381,93720,92.42968,101396
236,HariSekhon,14,0.01381,93734,92.44349,101396
237,ksinghbora,14,0.01381,93748,92.45730,101396
238,RothA,14,0.01381,93762,92.47110,101396
239,skogtwin,14,0.01381,93776,92.48491,101396
240,sujay-jain,14,0.01381,93790,92.49872,101396
241,zhangxin0112,14,0.01381,93804,92.51253,101396
242,ddrinka,13,0.01282,93817,92.52535,101396
243,dilipkasana,13,0.01282,93830,92.53817,101396
244,ejono,13,0.01282,93843,92.55099,101396
245,flakycov,13,0.01282,93856,92.56381,101396
246,hiliuxg,13,0.01282,93869,92.57663,101396
247,jabonillomelvin,13,0.01282,93882,92.58945,101396
248,leepface,13,0.01282,93895,92.60227,101396
249,Lunatictwo,13,0.01282,93908,92.61509,101396
250,madhurkumar,13,0.01282,93921,92.62791,101396
251,neeradsomanchi,13,0.01282,93934,92.64074,101396
252,ngqtien,13,0.01282,93947,92.65356,101396
253,paulrevere4,13,0.01282,93960,92.66638,101396
254,Phelodas,13,0.01282,93973,92.67920,101396
255,swapsmagic,13,0.01282,93986,92.69202,101396
256,xandris,13,0.01282,93999,92.70484,101396
257,ajantha-bhat,12,0.01183,94011,92.71668,101396
258,bond-,12,0.01183,94023,92.72851,101396
259,dekobon,12,0.01183,94035,92.74034,101396
260,eskabetxe,12,0.01183,94047,92.75218,101396
261,firewaternottogther,12,0.01183,94059,92.76401,101396
262,geetikagupta16,12,0.01183,94071,92.77585,101396
263,hadley,12,0.01183,94083,92.78768,101396
264,icanfly,12,0.01183,94095,92.79952,101396
265,ideal-hp,12,0.01183,94107,92.81135,101396
266,mandusm,12,0.01183,94119,92.82319,101396
267,MichaelAlo,12,0.01183,94131,92.83502,101396
268,navinvishy,12,0.01183,94143,92.84686,101396
269,Saurabh2993,12,0.01183,94155,92.85869,101396
270,sshirazi,12,0.01183,94167,92.87053,101396
271,thezhangwei,12,0.01183,94179,92.88236,101396
272,vincentpoon,12,0.01183,94191,92.89420,101396
273,VIPchengcheng,12,0.01183,94203,92.90603,101396
274,voycey,12,0.01183,94215,92.91787,101396
275,wrmsr,12,0.01183,94227,92.92970,101396
276,xumingming,12,0.01183,94239,92.94154,101396
277,anubhav100,11,0.01085,94250,92.95238,101396
278,Balandat,11,0.01085,94261,92.96323,101396
279,chappidmAWS,11,0.01085,94272,92.97408,101396
280,copernican,11,0.01085,94283,92.98493,101396
281,dzakarov,11,0.01085,94294,92.99578,101396
282,janewangfb,11,0.01085,94305,93.00663,101396
283,jeffwong,11,0.01085,94316,93.01748,101396
284,joyyao8,11,0.01085,94327,93.02832,101396
285,kash159,11,0.01085,94338,93.03917,101396
286,kbajda,11,0.01085,94349,93.05002,101396
287,keyaopan,11,0.01085,94360,93.06087,101396
288,knikel,11,0.01085,94371,93.07172,101396
289,LiClass,11,0.01085,94382,93.08257,101396
290,linwukang,11,0.01085,94393,93.09342,101396
291,mehrdad-honarkhah,11,0.01085,94404,93.10426,101396
292,michaelcullum,11,0.01085,94415,93.11511,101396
293,nmahadevuni,11,0.01085,94426,93.12596,101396
294,rajeshbalamohan,11,0.01085,94437,93.13681,101396
295,rzeyde-varada,11,0.01085,94448,93.14766,101396
296,shishunzhong,11,0.01085,94459,93.15851,101396
297,Tank-zhu,11,0.01085,94470,93.16936,101396
298,aeoles,10,0.00986,94480,93.17922,101396
299,afranzi,10,0.00986,94490,93.18908,101396
300,ajithsharma87,10,0.00986,94500,93.19894,101396
301,amarwah,10,0.00986,94510,93.20881,101396
302,apleweghostery,10,0.00986,94520,93.21867,101396
303,brokenjacobs,10,0.00986,94530,93.22853,101396
304,chafidz0000000,10,0.00986,94540,93.23839,101396
305,daniellevy,10,0.00986,94550,93.24825,101396
306,ducky427,10,0.00986,94560,93.25812,101396
307,duyquangnguyenhac,10,0.00986,94570,93.26798,101396
308,gray-eb,10,0.00986,94580,93.27784,101396
309,haibow,10,0.00986,94590,93.28770,101396
310,harbby,10,0.00986,94600,93.29757,101396
311,hocanint-amzn,10,0.00986,94610,93.30743,101396
312,igor-suhorukov,10,0.00986,94620,93.31729,101396
313,liding09,10,0.00986,94630,93.32715,101396
314,mnoumanshahzad,10,0.00986,94640,93.33702,101396
315,mpertierra,10,0.00986,94650,93.34688,101396
316,nazgul33,10,0.00986,94660,93.35674,101396
317,pashalogin,10,0.00986,94670,93.36660,101396
318,smith-m,10,0.00986,94680,93.37646,101396
319,vikash32,10,0.00986,94690,93.38633,101396
320,yangjun616,10,0.00986,94700,93.39619,101396
321,ywskycn,10,0.00986,94710,93.40605,101396
322,zhenyuy-fb,10,0.00986,94720,93.41591,101396
323,zhp007,10,0.00986,94730,93.42578,101396
324,achopragh,9,0.00888,94739,93.43465,101396
325,amitna1r,9,0.00888,94748,93.44353,101396
326,aramesh117,9,0.00888,94757,93.45240,101396
327,BenoitHanotte,9,0.00888,94766,93.46128,101396
328,csliu,9,0.00888,94775,93.47016,101396
329,daikon12,9,0.00888,94784,93.47903,101396
330,dmitryvinn,9,0.00888,94793,93.48791,101396
331,erezkoren,9,0.00888,94802,93.49678,101396
332,georgewfraser,9,0.00888,94811,93.50566,101396
333,guozygeorage,9,0.00888,94820,93.51454,101396
334,jha-gunjan,9,0.00888,94829,93.52341,101396
335,JivanRoquet,9,0.00888,94838,93.53229,101396
336,johnwhumphreys,9,0.00888,94847,93.54117,101396
337,malsin,9,0.00888,94856,93.55004,101396
338,mikebell90,9,0.00888,94865,93.55892,101396
339,natewoodfb,9,0.00888,94874,93.56779,101396
340,oggy,9,0.00888,94883,93.57667,101396
341,OleksiiDuzhyi,9,0.00888,94892,93.58555,101396
342,omegaga,9,0.00888,94901,93.59442,101396
343,puneetjaiswal,9,0.00888,94910,93.60330,101396
344,qli-aa,9,0.00888,94919,93.61217,101396
345,rfcarter,9,0.00888,94928,93.62105,101396
346,richardxin,9,0.00888,94937,93.62993,101396
347,sj860908,9,0.00888,94946,93.63880,101396
348,subway1211,9,0.00888,94955,93.64768,101396
349,tomz,9,0.00888,94964,93.65655,101396
350,vivekgarg20,9,0.00888,94973,93.66543,101396
351,yamatias,9,0.00888,94982,93.67431,101396
352,yingted,9,0.00888,94991,93.68318,101396
353,0x4139,8,0.00789,94999,93.69107,101396
354,avisrivastava254084,8,0.00789,95007,93.69896,101396
355,BigDataDaddy,8,0.00789,95015,93.70685,101396
356,BillLucky,8,0.00789,95023,93.71474,101396
357,chriscroswhite,8,0.00789,95031,93.72263,101396
358,ciscoring,8,0.00789,95039,93.73052,101396
359,col15,8,0.00789,95047,93.73841,101396
360,cploonker,8,0.00789,95055,93.74630,101396
361,Crossoverrr,8,0.00789,95063,93.75419,101396
362,danfrankj,8,0.00789,95071,93.76208,101396
363,fastcatch,8,0.00789,95079,93.76997,101396
364,Gaurang033,8,0.00789,95087,93.77786,101396
365,grepwood,8,0.00789,95095,93.78575,101396
366,haoyuan,8,0.00789,95103,93.79364,101396
367,hong-zhu,8,0.00789,95111,93.80153,101396
368,hwb1992,8,0.00789,95119,93.80942,101396
369,hzzz823,8,0.00789,95127,93.81731,101396
370,jackyfreezer007,8,0.00789,95135,93.82520,101396
371,jangorecki,8,0.00789,95143,93.83309,101396
372,kruppel,8,0.00789,95151,93.84098,101396
373,liusztc09,8,0.00789,95159,93.84887,101396
374,MichaelZhao9824,8,0.00789,95167,93.85676,101396
375,mwiewior,8,0.00789,95175,93.86465,101396
376,owenlynch,8,0.00789,95183,93.87254,101396
377,pawelrychlik,8,0.00789,95191,93.88043,101396
378,ranjanarajendran,8,0.00789,95199,93.88832,101396
379,rockxsj,8,0.00789,95207,93.89621,101396
380,sebastiw,8,0.00789,95215,93.90410,101396
381,ssaumitra,8,0.00789,95223,93.91199,101396
382,suganthidewakar,8,0.00789,95231,93.91988,101396
383,Sugaryou,8,0.00789,95239,93.92777,101396
384,tastynoodle,8,0.00789,95247,93.93566,101396
385,tesseract2048,8,0.00789,95255,93.94355,101396
386,tomerstar,8,0.00789,95263,93.95144,101396
387,troels,8,0.00789,95271,93.95933,101396
388,versemonger,8,0.00789,95279,93.96722,101396
389,Vijay2win,8,0.00789,95287,93.97511,101396
390,wwwwwwchun,8,0.00789,95295,93.98300,101396
391,zeeshanabid94,8,0.00789,95303,93.99089,101396
392,zm12397,8,0.00789,95311,93.99878,101396
393,arbfranklin,7,0.00690,95318,94.00568,101396
394,archongum,7,0.00690,95325,94.01258,101396
395,aromero-pm,7,0.00690,95332,94.01949,101396
396,ArvinDevel,7,0.00690,95339,94.02639,101396
397,bjet007,7,0.00690,95346,94.03330,101396
398,blcksrx,7,0.00690,95353,94.04020,101396
399,Bruce2jiang,7,0.00690,95360,94.04710,101396
400,bshafiee,7,0.00690,95367,94.05401,101396
401,ch7025833,7,0.00690,95374,94.06091,101396
402,dongqingx,7,0.00690,95381,94.06781,101396
403,fbertsch,7,0.00690,95388,94.07472,101396
404,gauravrathi92,7,0.00690,95395,94.08162,101396
405,golammott,7,0.00690,95402,94.08852,101396
406,gregdingle,7,0.00690,95409,94.09543,101396
407,groobyming,7,0.00690,95416,94.10233,101396
408,HiramJ,7,0.00690,95423,94.10924,101396
409,jakovm,7,0.00690,95430,94.11614,101396
410,jzhuge,7,0.00690,95437,94.12304,101396
411,ktonga,7,0.00690,95444,94.12995,101396
412,madelinebriere,7,0.00690,95451,94.13685,101396
413,MariaPetropoulou,7,0.00690,95458,94.14375,101396
414,mikemcbrearty,7,0.00690,95465,94.15066,101396
415,mnmami,7,0.00690,95472,94.15756,101396
416,moshir,7,0.00690,95479,94.16446,101396
417,mouendless,7,0.00690,95486,94.17137,101396
418,nihar39,7,0.00690,95493,94.17827,101396
419,parisni,7,0.00690,95500,94.18517,101396
420,qgxiaozhan,7,0.00690,95507,94.19208,101396
421,qinzl1,7,0.00690,95514,94.19898,101396
422,rclaude,7,0.00690,95521,94.20589,101396
423,rmgpinto,7,0.00690,95528,94.21279,101396
424,sd4324530,7,0.00690,95535,94.21969,101396
425,sfilipco,7,0.00690,95542,94.22660,101396
426,shigemk2,7,0.00690,95549,94.23350,101396
427,sjpascual,7,0.00690,95556,94.24040,101396
428,teamsoo,7,0.00690,95563,94.24731,101396
429,Vicont,7,0.00690,95570,94.25421,101396
430,vkorukanti,7,0.00690,95577,94.26111,101396
431,wikp,7,0.00690,95584,94.26802,101396
432,xiaoyao1991,7,0.00690,95591,94.27492,101396
433,yaoxin226,7,0.00690,95598,94.28183,101396
434,youngwookim,7,0.00690,95605,94.28873,101396
435,zaynoon,7,0.00690,95612,94.29563,101396
436,abhishekshenoy,6,0.00592,95618,94.30155,101396
437,afn,6,0.00592,95624,94.30747,101396
438,aleph-zero,6,0.00592,95630,94.31339,101396
439,annisun,6,0.00592,95636,94.31930,101396
440,apc999,6,0.00592,95642,94.32522,101396
441,bb786112,6,0.00592,95648,94.33114,101396
442,bgedik,6,0.00592,95654,94.33705,101396
443,ccz414172041,6,0.00592,95660,94.34297,101396
444,Cidan,6,0.00592,95666,94.34889,101396
445,cnuss,6,0.00592,95672,94.35481,101396
446,cooldoger,6,0.00592,95678,94.36072,101396
447,corrius,6,0.00592,95684,94.36664,101396
448,cricket007,6,0.00592,95690,94.37256,101396
449,davidlao2k,6,0.00592,95696,94.37848,101396
450,devilcony,6,0.00592,95702,94.38439,101396
451,dudu-markovitz,6,0.00592,95708,94.39031,101396
452,erasmas,6,0.00592,95714,94.39623,101396
453,galemccommons,6,0.00592,95720,94.40215,101396
454,gaohao,6,0.00592,95726,94.40806,101396
455,georgekankava,6,0.00592,95732,94.41398,101396
456,grayy921013,6,0.00592,95738,94.41990,101396
457,hamlet-lee,6,0.00592,95744,94.42582,101396
458,hiroakiy,6,0.00592,95750,94.43173,101396
459,Huangsir,6,0.00592,95756,94.43765,101396
460,ImTangYun,6,0.00592,95762,94.44357,101396
461,Ironholds,6,0.00592,95768,94.44949,101396
462,itismewxg,6,0.00592,95774,94.45540,101396
463,jainxrohit,6,0.00592,95780,94.46132,101396
464,jamsesso,6,0.00592,95786,94.46724,101396
465,jcap,6,0.00592,95792,94.47315,101396
466,jiangzhx,6,0.00592,95798,94.47907,101396
467,json-lrj,6,0.00592,95804,94.48499,101396
468,klaussfreire,6,0.00592,95810,94.49091,101396
469,lnyng,6,0.00592,95816,94.49682,101396
470,lys0716,6,0.00592,95822,94.50274,101396
471,majk-p,6,0.00592,95828,94.50866,101396
472,marklit,6,0.00592,95834,94.51458,101396
473,meghapthakkar,6,0.00592,95840,94.52049,101396
474,mkaja,6,0.00592,95846,94.52641,101396
475,NickMcNutt,6,0.00592,95852,94.53233,101396
476,ORBAT,6,0.00592,95858,94.53825,101396
477,pallavia7,6,0.00592,95864,94.54416,101396
478,pgagnon,6,0.00592,95870,94.55008,101396
479,pomykalamichal,6,0.00592,95876,94.55600,101396
480,psyking841,6,0.00592,95882,94.56192,101396
481,richardxu80,6,0.00592,95888,94.56783,101396
482,SanjayJosh,6,0.00592,95894,94.57375,101396
483,satheeshravir,6,0.00592,95900,94.57967,101396
484,sathiscode,6,0.00592,95906,94.58559,101396
485,shahbhavin,6,0.00592,95912,94.59150,101396
486,shangxinli,6,0.00592,95918,94.59742,101396
487,shanielh,6,0.00592,95924,94.60334,101396
488,shubham-agarwal-ngi,6,0.00592,95930,94.60925,101396
489,spaghettifunk,6,0.00592,95936,94.61517,101396
490,suvodeep-pyne,6,0.00592,95942,94.62109,101396
491,Svti,6,0.00592,95948,94.62701,101396
492,tdcb,6,0.00592,95954,94.63292,101396
493,vgankidi,6,0.00592,95960,94.63884,101396
494,villasv,6,0.00592,95966,94.64476,101396
495,xbsd-nikolay,6,0.00592,95972,94.65068,101396
496,zhaoshengbo,6,0.00592,95978,94.65659,101396
497,amalakar,5,0.00493,95983,94.66153,101396
498,ameyaKetkar,5,0.00493,95988,94.66646,101396
499,ampampamp,5,0.00493,95993,94.67139,101396
500,asowani,5,0.00493,95998,94.67632,101396
501,axzhcode,5,0.00493,96003,94.68125,101396
502,ayush-chauhan,5,0.00493,96008,94.68618,101396
503,BenKnigge,5,0.00493,96013,94.69111,101396
504,Bennyelg,5,0.00493,96018,94.69604,101396
505,bmc99,5,0.00493,96023,94.70097,101396
506,brandond,5,0.00493,96028,94.70591,101396
507,brentonmallen1,5,0.00493,96033,94.71084,101396
508,carroux,5,0.00493,96038,94.71577,101396
509,Concurser,5,0.00493,96043,94.72070,101396
510,cvitello,5,0.00493,96048,94.72563,101396
511,dabansal,5,0.00493,96053,94.73056,101396
512,dadancop,5,0.00493,96058,94.73549,101396
513,dandanmaowu,5,0.00493,96063,94.74042,101396
514,darklore,5,0.00493,96068,94.74535,101396
515,dereksabryfb,5,0.00493,96073,94.75029,101396
516,dinal,5,0.00493,96078,94.75522,101396
517,dinglianYuan,5,0.00493,96083,94.76015,101396
518,drdee,5,0.00493,96088,94.76508,101396
519,dsjoegeo,5,0.00493,96093,94.77001,101396
520,dswalter,5,0.00493,96098,94.77494,101396
521,edwardxwu,5,0.00493,96103,94.77987,101396
522,egalych,5,0.00493,96108,94.78480,101396
523,farukarakaya,5,0.00493,96113,94.78974,101396
524,FelixMerk,5,0.00493,96118,94.79467,101396
525,gowtham-sai,5,0.00493,96123,94.79960,101396
526,gozingdown,5,0.00493,96128,94.80453,101396
527,gregology,5,0.00493,96133,94.80946,101396
528,HAOGRE,5,0.00493,96138,94.81439,101396
529,hegand,5,0.00493,96143,94.81932,101396
530,hellopower,5,0.00493,96148,94.82425,101396
531,jaehc,5,0.00493,96153,94.82918,101396
532,jdintruff,5,0.00493,96158,94.83412,101396
533,jmason,5,0.00493,96163,94.83905,101396
534,johnmyleswhite,5,0.00493,96168,94.84398,101396
535,johnnypenggg,5,0.00493,96173,94.84891,101396
536,juhoautio,5,0.00493,96178,94.85384,101396
537,kfitzgerald,5,0.00493,96183,94.85877,101396
538,linqerli,5,0.00493,96188,94.86370,101396
539,linusguan,5,0.00493,96193,94.86863,101396
540,litao-buptsse,5,0.00493,96198,94.87357,101396
541,ludi1981,5,0.00493,96203,94.87850,101396
542,lwahedi,5,0.00493,96208,94.88343,101396
543,lxneng,5,0.00493,96213,94.88836,101396
544,matthewwardrop,5,0.00493,96218,94.89329,101396
545,mayundudu,5,0.00493,96223,94.89822,101396
546,melin,5,0.00493,96228,94.90315,101396
547,Micka33,5,0.00493,96233,94.90808,101396
548,mkapoor17,5,0.00493,96238,94.91301,101396
549,munderseth,5,0.00493,96243,94.91795,101396
550,noppanit,5,0.00493,96248,94.92288,101396
551,radsimu,5,0.00493,96253,94.92781,101396
552,raghuvineel,5,0.00493,96258,94.93274,101396
553,rahul9269,5,0.00493,96263,94.93767,101396
554,ray6080,5,0.00493,96268,94.94260,101396
555,renato2099,5,0.00493,96273,94.94753,101396
556,ricardo-bion,5,0.00493,96278,94.95246,101396
557,rja1,5,0.00493,96283,94.95739,101396
558,RootG,5,0.00493,96288,94.96233,101396
559,sclinebacker84,5,0.00493,96293,94.96726,101396
560,scraly,5,0.00493,96298,94.97219,101396
561,shlomialfasi,5,0.00493,96303,94.97712,101396
562,sivankumar86,5,0.00493,96308,94.98205,101396
563,spasam,5,0.00493,96313,94.98698,101396
564,spragues-trulia,5,0.00493,96318,94.99191,101396
565,subashram,5,0.00493,96323,94.99684,101396
566,sumitkulkarni,5,0.00493,96328,95.00178,101396
567,sunny19930321,5,0.00493,96333,95.00671,101396
568,svstanev,5,0.00493,96338,95.01164,101396
569,swaranga,5,0.00493,96343,95.01657,101396
570,szd0000,5,0.00493,96348,95.02150,101396
571,totticarter,5,0.00493,96353,95.02643,101396
572,Tradunsky,5,0.00493,96358,95.03136,101396
573,ujjwal009,5,0.00493,96363,95.03629,101396
574,vaughn1010111,5,0.00493,96368,95.04122,101396
575,yuliman,5,0.00493,96373,95.04616,101396
576,zmhassan,5,0.00493,96378,95.05109,101396
577,aglne,4,0.00394,96382,95.05503,101396
578,ahmokhtari,4,0.00394,96386,95.05898,101396
579,albertocsm,4,0.00394,96390,95.06292,101396
580,allanwilson,4,0.00394,96394,95.06687,101396
581,alvespat,4,0.00394,96398,95.07081,101396
582,Arthurlpgc,4,0.00394,96402,95.07476,101396
583,avk49,4,0.00394,96406,95.07870,101396
584,BBenQi,4,0.00394,96410,95.08265,101396
585,bramth,4,0.00394,96414,95.08659,101396
586,breckinridge22,4,0.00394,96418,95.09054,101396
587,Cameronreynoldson,4,0.00394,96422,95.09448,101396
588,chadjefferies,4,0.00394,96426,95.09843,101396
589,cheng-chang,4,0.00394,96430,95.10237,101396
590,CH-JoelBondurant,4,0.00394,96434,95.10632,101396
591,combinatorist,4,0.00394,96438,95.11026,101396
592,cylovefree,4,0.00394,96442,95.11421,101396
593,daiduongbian44,4,0.00394,96446,95.11815,101396
594,daigexuyu,4,0.00394,96450,95.12210,101396
595,danb-lotsofnumbers,4,0.00394,96454,95.12604,101396
596,dbyad,4,0.00394,96458,95.12999,101396
597,dexchannel,4,0.00394,96462,95.13393,101396
598,dharakk,4,0.00394,96466,95.13788,101396
599,dongxiaohe,4,0.00394,96470,95.14182,101396
600,dzhi-lyft,4,0.00394,96474,95.14577,101396
601,ereli-cb,4,0.00394,96478,95.14971,101396
602,EvilPuppetMaster,4,0.00394,96482,95.15365,101396
603,fabricor,4,0.00394,96486,95.15760,101396
604,fengfengaaa,4,0.00394,96490,95.16154,101396
605,fornaix,4,0.00394,96494,95.16549,101396
606,gary-harpaz,4,0.00394,96498,95.16943,101396
607,gigname,4,0.00394,96502,95.17338,101396
608,gopal9405,4,0.00394,96506,95.17732,101396
609,gurinderiitr,4,0.00394,96510,95.18127,101396
610,gwittel,4,0.00394,96514,95.18521,101396
611,gyson,4,0.00394,96518,95.18916,101396
612,Hammond95,4,0.00394,96522,95.19310,101396
613,hankedang,4,0.00394,96526,95.19705,101396
614,himanshurawatgh,4,0.00394,96530,95.20099,101396
615,Hollyen,4,0.00394,96534,95.20494,101396
616,hshe233,4,0.00394,96538,95.20888,101396
617,Hyurt,4,0.00394,96542,95.21283,101396
618,igorcalabria,4,0.00394,96546,95.21677,101396
619,JackMc,4,0.00394,96550,95.22072,101396
620,jbeluch,4,0.00394,96554,95.22466,101396
621,jdmaturen,4,0.00394,96558,95.22861,101396
622,JerryLeooo,4,0.00394,96562,95.23255,101396
623,jesboat,4,0.00394,96566,95.23650,101396
624,jijichen,4,0.00394,96570,95.24044,101396
625,jingw,4,0.00394,96574,95.24439,101396
626,jlfsdtc,4,0.00394,96578,95.24833,101396
627,JMNDev,4,0.00394,96582,95.25228,101396
628,JonNorman,4,0.00394,96586,95.25622,101396
629,jugaji,4,0.00394,96590,95.26017,101396
630,jwfcps,4,0.00394,96594,95.26411,101396
631,KannarFr,4,0.00394,96598,95.26806,101396
632,kant111,4,0.00394,96602,95.27200,101396
633,kaschaeffer,4,0.00394,96606,95.27595,101396
634,kevintop,4,0.00394,96610,95.27989,101396
635,kirachen1991,4,0.00394,96614,95.28384,101396
636,kobokinken,4,0.00394,96618,95.28778,101396
637,kripakaranj,4,0.00394,96622,95.29173,101396
638,kubum,4,0.00394,96626,95.29567,101396
639,kuldeepsidhu88,4,0.00394,96630,95.29962,101396
640,kush99993s,4,0.00394,96634,95.30356,101396
641,leoChaoGlut,4,0.00394,96638,95.30751,101396
642,liuch0730,4,0.00394,96642,95.31145,101396
643,loversInJapan,4,0.00394,96646,95.31540,101396
644,ltylty,4,0.00394,96650,95.31934,101396
645,maffan76,4,0.00394,96654,95.32329,101396
646,mastratton3,4,0.00394,96658,95.32723,101396
647,maxwellzdm,4,0.00394,96662,95.33118,101396
648,moxheit,4,0.00394,96666,95.33512,101396
649,nausicaasnow,4,0.00394,96670,95.33907,101396
650,nelhage,4,0.00394,96674,95.34301,101396
651,nidhibhargava,4,0.00394,96678,95.34696,101396
652,niraj8241,4,0.00394,96682,95.35090,101396
653,nitenA,4,0.00394,96686,95.35485,101396
654,pavanch007,4,0.00394,96690,95.35879,101396
655,pdpark,4,0.00394,96694,95.36274,101396
656,pgoggijr,4,0.00394,96698,95.36668,101396
657,qinghui-xu,4,0.00394,96702,95.37063,101396
658,Ralnoc,4,0.00394,96706,95.37457,101396
659,ramonberrutti,4,0.00394,96710,95.37852,101396
660,rookie7799,4,0.00394,96714,95.38246,101396
661,saksim,4,0.00394,96718,95.38641,101396
662,samarthjain,4,0.00394,96722,95.39035,101396
663,sandeep-gunnam,4,0.00394,96726,95.39430,101396
664,satoshihirose,4,0.00394,96730,95.39824,101396
665,sbkoth,4,0.00394,96734,95.40219,101396
666,seratch,4,0.00394,96738,95.40613,101396
667,shanrd7,4,0.00394,96742,95.41008,101396
668,sirwart,4,0.00394,96746,95.41402,101396
669,statfs,4,0.00394,96750,95.41797,101396
670,SunHao1234,4,0.00394,96754,95.42191,101396
671,suyucs,4,0.00394,96758,95.42586,101396
672,SwapnaRavi21,4,0.00394,96762,95.42980,101396
673,talisman027,4,0.00394,96766,95.43374,101396
674,tchow-stripe,4,0.00394,96770,95.43769,101396
675,teejteej,4,0.00394,96774,95.44163,101396
676,thomasLeclaire,4,0.00394,96778,95.44558,101396
677,tommarute,4,0.00394,96782,95.44952,101396
678,unrealzhou,4,0.00394,96786,95.45347,101396
679,us3r,4,0.00394,96790,95.45741,101396
680,viatk,4,0.00394,96794,95.46136,101396
681,victorbartel,4,0.00394,96798,95.46530,101396
682,vishnudxb,4,0.00394,96802,95.46925,101396
683,vlkodev,4,0.00394,96806,95.47319,101396
684,wanglaichao,4,0.00394,96810,95.47714,101396
685,watsonpeng,4,0.00394,96814,95.48108,101396
686,x90004942,4,0.00394,96818,95.48503,101396
687,Xiangakun,4,0.00394,96822,95.48897,101396
688,xiaoyunancy,4,0.00394,96826,95.49292,101396
689,xjh713,4,0.00394,96830,95.49686,101396
690,xubo245,4,0.00394,96834,95.50081,101396
691,xwinie,4,0.00394,96838,95.50475,101396
692,xwsilent,4,0.00394,96842,95.50870,101396
693,yakcy,4,0.00394,96846,95.51264,101396
694,yangyishan0901m,4,0.00394,96850,95.51659,101396
695,yogeek,4,0.00394,96854,95.52053,101396
696,yufengJ,4,0.00394,96858,95.52448,101396
697,zhangminglei,4,0.00394,96862,95.52842,101396
698,zqureshi,4,0.00394,96866,95.53237,101396
699,zygitup,4,0.00394,96870,95.53631,101396
700,aadant,3,0.00296,96873,95.53927,101396
701,abajenov,3,0.00296,96876,95.54223,101396
702,adamgreenhall,3,0.00296,96879,95.54519,101396
703,alasalameh,3,0.00296,96882,95.54815,101396
704,alee-r7,3,0.00296,96885,95.55111,101396
705,aleksandersumowski,3,0.00296,96888,95.55407,101396
706,aliwumi,3,0.00296,96891,95.55702,101396
707,amccurry,3,0.00296,96894,95.55998,101396
708,ameybarve15,3,0.00296,96897,95.56294,101396
709,aminalaee,3,0.00296,96900,95.56590,101396
710,aravindanilango,3,0.00296,96903,95.56886,101396
711,armaseg,3,0.00296,96906,95.57182,101396
712,armenicum,3,0.00296,96909,95.57478,101396
713,arnaboss,3,0.00296,96912,95.57773,101396
714,AxlZ,3,0.00296,96915,95.58069,101396
715,bakjos,3,0.00296,96918,95.58365,101396
716,balajeeu,3,0.00296,96921,95.58661,101396
717,beinan,3,0.00296,96924,95.58957,101396
718,bhuwanchopra,3,0.00296,96927,95.59253,101396
719,blankroom,3,0.00296,96930,95.59549,101396
720,BradRuderman,3,0.00296,96933,95.59845,101396
721,bsullins,3,0.00296,96936,95.60140,101396
722,bwang398,3,0.00296,96939,95.60436,101396
723,capripot,3,0.00296,96942,95.60732,101396
724,cavemandaveman,3,0.00296,96945,95.61028,101396
725,charlesmccarthyirl,3,0.00296,96948,95.61324,101396
726,chdw,3,0.00296,96951,95.61620,101396
727,chenliang613,3,0.00296,96954,95.61916,101396
728,ChenShuai1981,3,0.00296,96957,95.62212,101396
729,cherishDWJ,3,0.00296,96960,95.62507,101396
730,chezou,3,0.00296,96963,95.62803,101396
731,ch-nikhodgkinson,3,0.00296,96966,95.63099,101396
732,christingh,3,0.00296,96969,95.63395,101396
733,cps333,3,0.00296,96972,95.63691,101396
734,cquptEthan,3,0.00296,96975,95.63987,101396
735,cskbhatt,3,0.00296,96978,95.64283,101396
736,cyprnose,3,0.00296,96981,95.64578,101396
737,dakotareier,3,0.00296,96984,95.64874,101396
738,dalegaard,3,0.00296,96987,95.65170,101396
739,daren990,3,0.00296,96990,95.65466,101396
740,darionyaphet,3,0.00296,96993,95.65762,101396
741,dawsongzhao,3,0.00296,96996,95.66058,101396
742,dchida1,3,0.00296,96999,95.66354,101396
743,deanet,3,0.00296,97002,95.66650,101396
744,decimusphostle,3,0.00296,97005,95.66945,101396
745,dennisshirazi,3,0.00296,97008,95.67241,101396
746,DerrickRice,3,0.00296,97011,95.67537,101396
747,devanshsoni9,3,0.00296,97014,95.67833,101396
748,dggs123,3,0.00296,97017,95.68129,101396
749,dikei,3,0.00296,97020,95.68425,101396
750,dmigo,3,0.00296,97023,95.68721,101396
751,dowjones226,3,0.00296,97026,95.69017,101396
752,dr-jts,3,0.00296,97029,95.69312,101396
753,dserrano1524,3,0.00296,97032,95.69608,101396
754,dsims21,3,0.00296,97035,95.69904,101396
755,epheatt,3,0.00296,97038,95.70200,101396
756,ericsun2,3,0.00296,97041,95.70496,101396
757,ericxiao251,3,0.00296,97044,95.70792,101396
758,Ethan-Ma,3,0.00296,97047,95.71088,101396
759,f355,3,0.00296,97050,95.71383,101396
760,fbtwr,3,0.00296,97053,95.71679,101396
761,felarof99,3,0.00296,97056,95.71975,101396
762,felixgao,3,0.00296,97059,95.72271,101396
763,FlxJaron,3,0.00296,97062,95.72567,101396
764,flyfy1,3,0.00296,97065,95.72863,101396
765,Fnck,3,0.00296,97068,95.73159,101396
766,frankzye,3,0.00296,97071,95.73455,101396
767,fredxie26,3,0.00296,97074,95.73750,101396
768,fsck-mount,3,0.00296,97077,95.74046,101396
769,fudanwjj,3,0.00296,97080,95.74342,101396
770,fuji-151a,3,0.00296,97083,95.74638,101396
771,Gauravshah,3,0.00296,97086,95.74934,101396
772,gazing-star,3,0.00296,97089,95.75230,101396
773,github55hh,3,0.00296,97092,95.75526,101396
774,haosky,3,0.00296,97095,95.75822,101396
775,hardzhang,3,0.00296,97098,95.76117,101396
776,harrison-svds,3,0.00296,97101,95.76413,101396
777,iceted,3,0.00296,97104,95.76709,101396
778,ilkerc,3,0.00296,97107,95.77005,101396
779,JavierZunzunegui,3,0.00296,97110,95.77301,101396
780,jBugReport,3,0.00296,97113,95.77597,101396
781,j-calvert,3,0.00296,97116,95.77893,101396
782,jiangyifangh,3,0.00296,97119,95.78188,101396
783,jiegzhan,3,0.00296,97122,95.78484,101396
784,jiteshv,3,0.00296,97125,95.78780,101396
785,jkairys,3,0.00296,97128,95.79076,101396
786,joeyitpmk,3,0.00296,97131,95.79372,101396
787,jpavlick,3,0.00296,97134,95.79668,101396
788,jsavolainen,3,0.00296,97137,95.79964,101396
789,junming4,3,0.00296,97140,95.80260,101396
790,karthicksundar,3,0.00296,97143,95.80555,101396
791,kc14,3,0.00296,97146,95.80851,101396
792,kiranps11,3,0.00296,97149,95.81147,101396
793,kokes,3,0.00296,97152,95.81443,101396
794,ksingh7,3,0.00296,97155,95.81739,101396
795,kyleledbetter,3,0.00296,97158,95.82035,101396
796,landalex,3,0.00296,97161,95.82331,101396
797,leoluan2009,3,0.00296,97164,95.82627,101396
798,lhofhansl,3,0.00296,97167,95.82922,101396
799,lidong0223,3,0.00296,97170,95.83218,101396
800,linxingyuan1102,3,0.00296,97173,95.83514,101396
801,mariusa,3,0.00296,97176,95.83810,101396
802,martinbohlmannroll,3,0.00296,97179,95.84106,101396
803,matt-martin,3,0.00296,97182,95.84402,101396
804,mbrandow,3,0.00296,97185,95.84698,101396
805,mcs1408,3,0.00296,97188,95.84993,101396
806,Megaprog,3,0.00296,97191,95.85289,101396
807,merlimat,3,0.00296,97194,95.85585,101396
808,meungblut,3,0.00296,97197,95.85881,101396
809,mingmwang,3,0.00296,97200,95.86177,101396
810,minhnguyenvan95,3,0.00296,97203,95.86473,101396
811,Mlnard1,3,0.00296,97206,95.86769,101396
812,mrbrahman,3,0.00296,97209,95.87065,101396
813,mtrbean,3,0.00296,97212,95.87360,101396
814,myl2821,3,0.00296,97215,95.87656,101396
815,naveenmahadevuni,3,0.00296,97218,95.87952,101396
816,neymanm,3,0.00296,97221,95.88248,101396
817,nico-arianto,3,0.00296,97224,95.88544,101396
818,OElesin,3,0.00296,97227,95.88840,101396
819,OmerJog,3,0.00296,97230,95.89136,101396
820,onealcenter,3,0.00296,97233,95.89432,101396
821,PallaviSingh1992,3,0.00296,97236,95.89727,101396
822,pdanilew,3,0.00296,97239,95.90023,101396
823,polo-language,3,0.00296,97242,95.90319,101396
824,ppapishe,3,0.00296,97245,95.90615,101396
825,prabhacloud,3,0.00296,97248,95.90911,101396
826,pranavoyo,3,0.00296,97251,95.91207,101396
827,prashanttct07,3,0.00296,97254,95.91503,101396
828,praveengarg07,3,0.00296,97257,95.91798,101396
829,pvam,3,0.00296,97260,95.92094,101396
830,Ravion,3,0.00296,97263,95.92390,101396
831,reedriley,3,0.00296,97266,95.92686,101396
832,reliablendn,3,0.00296,97269,95.92982,101396
833,renxiawang,3,0.00296,97272,95.93278,101396
834,ron819,3,0.00296,97275,95.93574,101396
835,rpwils,3,0.00296,97278,95.93870,101396
836,rupeshmalladi,3,0.00296,97281,95.94165,101396
837,ruslandanilin,3,0.00296,97284,95.94461,101396
838,sadeshjayraj,3,0.00296,97287,95.94757,101396
839,santosh-kore,3,0.00296,97290,95.95053,101396
840,seanbarker,3,0.00296,97293,95.95349,101396
841,ShawshankLin,3,0.00296,97296,95.95645,101396
842,silverguo,3,0.00296,97299,95.95941,101396
843,sindhugudivada,3,0.00296,97302,95.96237,101396
844,skoppar,3,0.00296,97305,95.96532,101396
845,socialcopsdevops,3,0.00296,97308,95.96828,101396
846,Sophiazys,3,0.00296,97311,95.97124,101396
847,souravc83,3,0.00296,97314,95.97420,101396
848,ssainz,3,0.00296,97317,95.97716,101396
849,sudhanshuptl,3,0.00296,97320,95.98012,101396
850,sunyerui,3,0.00296,97323,95.98308,101396
851,sushilrbs,3,0.00296,97326,95.98603,101396
852,taideli,3,0.00296,97329,95.98899,101396
853,tarekrached,3,0.00296,97332,95.99195,101396
854,tchunwei,3,0.00296,97335,95.99491,101396
855,terrancesnyder,3,0.00296,97338,95.99787,101396
856,thereisnospoon,3,0.00296,97341,96.00083,101396
857,thomaschow,3,0.00296,97344,96.00379,101396
858,thuylevn,3,0.00296,97347,96.00675,101396
859,tinylambda,3,0.00296,97350,96.00970,101396
860,tmercado,3,0.00296,97353,96.01266,101396
861,toyama-h,3,0.00296,97356,96.01562,101396
862,trabbani,3,0.00296,97359,96.01858,101396
863,ttogola,3,0.00296,97362,96.02154,101396
864,ufo22940268,3,0.00296,97365,96.02450,101396
865,usmanm,3,0.00296,97368,96.02746,101396
866,vecchiocarmelo,3,0.00296,97371,96.03042,101396
867,vrdhn,3,0.00296,97374,96.03337,101396
868,WangHaoCN,3,0.00296,97377,96.03633,101396
869,wdong87,3,0.00296,97380,96.03929,101396
870,willshen,3,0.00296,97383,96.04225,101396
871,xmly,3,0.00296,97386,96.04521,101396
872,y1275963,3,0.00296,97389,96.04817,101396
873,yanyani989,3,0.00296,97392,96.05113,101396
874,yas51ne,3,0.00296,97395,96.05408,101396
875,yorkart,3,0.00296,97398,96.05704,101396
876,yutannihilation,3,0.00296,97401,96.06000,101396
877,zhoushineyoung,3,0.00296,97404,96.06296,101396
878,Zoomtoo,3,0.00296,97407,96.06592,101396
879,zrjnike,3,0.00296,97410,96.06888,101396
880,abelborges,2,0.00197,97412,96.07085,101396
881,abhisen,2,0.00197,97414,96.07282,101396
882,afilipchik,2,0.00197,97416,96.07480,101396
883,aimran,2,0.00197,97418,96.07677,101396
884,AlaaMonem89,2,0.00197,97420,96.07874,101396
885,alexWhitworth,2,0.00197,97422,96.08071,101396
886,alokgogate,2,0.00197,97424,96.08269,101396
887,alyssackwan,2,0.00197,97426,96.08466,101396
888,am314159,2,0.00197,97428,96.08663,101396
889,analog76,2,0.00197,97430,96.08860,101396
890,andreatbonanno,2,0.00197,97432,96.09058,101396
891,andredigenova,2,0.00197,97434,96.09255,101396
892,andrewryder,2,0.00197,97436,96.09452,101396
893,andy12383,2,0.00197,97438,96.09649,101396
894,AndyLeslie,2,0.00197,97440,96.09847,101396
895,AntoniosHadji,2,0.00197,97442,96.10044,101396
896,Anwaar26,2,0.00197,97444,96.10241,101396
897,Aqua-Dream,2,0.00197,97446,96.10438,101396
898,arthas-choi,2,0.00197,97448,96.10636,101396
899,arthurhsk,2,0.00197,97450,96.10833,101396
900,arussellsaw,2,0.00197,97452,96.11030,101396
901,asantoz,2,0.00197,97454,96.11227,101396
902,asavov-quora,2,0.00197,97456,96.11425,101396
903,AshwinJay,2,0.00197,97458,96.11622,101396
904,avnersentinelone,2,0.00197,97460,96.11819,101396
905,az-stripe,2,0.00197,97462,96.12016,101396
906,babrar,2,0.00197,97464,96.12213,101396
907,bendemott,2,0.00197,97466,96.12411,101396
908,ben-manes,2,0.00197,97468,96.12608,101396
909,bhavya411,2,0.00197,97470,96.12805,101396
910,bigdatashiva,2,0.00197,97472,96.13002,101396
911,blackhawkbigpunch,2,0.00197,97474,96.13200,101396
912,bluecloudes,2,0.00197,97476,96.13397,101396
913,bohyn,2,0.00197,97478,96.13594,101396
914,Bongss,2,0.00197,97480,96.13791,101396
915,bradhill99,2,0.00197,97482,96.13989,101396
916,brandynabrams,2,0.00197,97484,96.14186,101396
917,CCInCharge,2,0.00197,97486,96.14383,101396
918,chadwn,2,0.00197,97488,96.14580,101396
919,chch-onjack,2,0.00197,97490,96.14778,101396
920,cheekoo09,2,0.00197,97492,96.14975,101396
921,ChethanUK,2,0.00197,97494,96.15172,101396
922,chianquan,2,0.00197,97496,96.15369,101396
923,chinatoti,2,0.00197,97498,96.15567,101396
924,chizhoufb,2,0.00197,97500,96.15764,101396
925,chunzhao,2,0.00197,97502,96.15961,101396
926,cjie,2,0.00197,97504,96.16158,101396
927,cvandeve,2,0.00197,97506,96.16356,101396
928,czarandy,2,0.00197,97508,96.16553,101396
929,D4eho,2,0.00197,97510,96.16750,101396
930,dandanfei,2,0.00197,97512,96.16947,101396
931,danielhaviv,2,0.00197,97514,96.17145,101396
932,darkrwe,2,0.00197,97516,96.17342,101396
933,dashuai0227,2,0.00197,97518,96.17539,101396
934,davidrabinowitz,2,0.00197,97520,96.17736,101396
935,deepakksahu,2,0.00197,97522,96.17934,101396
936,derekennui,2,0.00197,97524,96.18131,101396
937,dernst,2,0.00197,97526,96.18328,101396
938,dlahn,2,0.00197,97528,96.18525,101396
939,dlazerka,2,0.00197,97530,96.18723,101396
940,dmedri,2,0.00197,97532,96.18920,101396
941,dorirabin,2,0.00197,97534,96.19117,101396
942,dpat,2,0.00197,97536,96.19314,101396
943,dpolonsky,2,0.00197,97538,96.19512,101396
944,dterror,2,0.00197,97540,96.19709,101396
945,DyfanJones,2,0.00197,97542,96.19906,101396
946,dyng,2,0.00197,97544,96.20103,101396
947,ecesena,2,0.00197,97546,96.20301,101396
948,ElMaxo,2,0.00197,97548,96.20498,101396
949,emhlbmc,2,0.00197,97550,96.20695,101396
950,engomar2003,2,0.00197,97552,96.20892,101396
951,eparesh,2,0.00197,97554,96.21090,101396
952,erkansirin78,2,0.00197,97556,96.21287,101396
953,fapwlh,2,0.00197,97558,96.21484,101396
954,fbrubacher,2,0.00197,97560,96.21681,101396
955,flolas,2,0.00197,97562,96.21879,101396
956,flysea520,2,0.00197,97564,96.22076,101396
957,frolovv,2,0.00197,97566,96.22273,101396
958,gadfly0x,2,0.00197,97568,96.22470,101396
959,gangly,2,0.00197,97570,96.22668,101396
960,garyelephant,2,0.00197,97572,96.22865,101396
961,gehaijiang,2,0.00197,97574,96.23062,101396
962,getGitxxx,2,0.00197,97576,96.23259,101396
963,giltene,2,0.00197,97578,96.23457,101396
964,gitcloned,2,0.00197,97580,96.23654,101396
965,gkiffney,2,0.00197,97582,96.23851,101396
966,GodenYao,2,0.00197,97584,96.24048,101396
967,gofly,2,0.00197,97586,96.24246,101396
968,gongkang,2,0.00197,97588,96.24443,101396
969,gravitys169,2,0.00197,97590,96.24640,101396
970,greendisc777,2,0.00197,97592,96.24837,101396
971,g-r-u,2,0.00197,97594,96.25035,101396
972,gseva,2,0.00197,97596,96.25232,101396
973,haitaoyao,2,0.00197,97598,96.25429,101396
974,hakangs,2,0.00197,97600,96.25626,101396
975,hammadzz,2,0.00197,97602,96.25824,101396
976,haonans,2,0.00197,97604,96.26021,101396
977,hellooops,2,0.00197,97606,96.26218,101396
978,hemantvsn,2,0.00197,97608,96.26415,101396
979,hongbozeng,2,0.00197,97610,96.26612,101396
980,howfree,2,0.00197,97612,96.26810,101396
981,huangfeng1993,2,0.00197,97614,96.27007,101396
982,hudsondba,2,0.00197,97616,96.27204,101396
983,hugoren,2,0.00197,97618,96.27401,101396
984,hustwolf,2,0.00197,97620,96.27599,101396
985,ikaruga4600,2,0.00197,97622,96.27796,101396
986,jacibreiro,2,0.00197,97624,96.27993,101396
987,jaehyunp,2,0.00197,97626,96.28190,101396
988,jar349,2,0.00197,97628,96.28388,101396
989,jawed1984,2,0.00197,97630,96.28585,101396
990,jaygood,2,0.00197,97632,96.28782,101396
991,jedslater,2,0.00197,97634,96.28979,101396
992,JeongDaeKim,2,0.00197,97636,96.29177,101396
993,jgticketscript2,2,0.00197,97638,96.29374,101396
994,jiajinyu,2,0.00197,97640,96.29571,101396
995,jjabl,2,0.00197,97642,96.29768,101396
996,jnehmee,2,0.00197,97644,96.29966,101396
997,johnnyaug,2,0.00197,97646,96.30163,101396
998,jreedy,2,0.00197,97648,96.30360,101396
999,kesak,2,0.00197,97650,96.30557,101396
1000,kevin-yao,2,0.00197,97652,96.30755,101396
1001,kireledan,2,0.00197,97654,96.30952,101396
1002,krzysztofgawryjolek,2,0.00197,97656,96.31149,101396
1003,kwondw,2,0.00197,97658,96.31346,101396
1004,kyleburke,2,0.00197,97660,96.31544,101396
1005,lai-aa,2,0.00197,97662,96.31741,101396
1006,LanceNorskog,2,0.00197,97664,96.31938,101396
1007,laoyang945,2,0.00197,97666,96.32135,101396
1008,linqer,2,0.00197,97668,96.32333,101396
1009,Liorba,2,0.00197,97670,96.32530,101396
1010,liyanjie918,2,0.00197,97672,96.32727,101396
1011,lopex,2,0.00197,97674,96.32924,101396
1012,LouisKottmann,2,0.00197,97676,96.33122,101396
1013,lseeker,2,0.00197,97678,96.33319,101396
1014,lumost,2,0.00197,97680,96.33516,101396
1015,luolixuan,2,0.00197,97682,96.33713,101396
1016,magicsilence,2,0.00197,97684,96.33911,101396
1017,ManasaDornala,2,0.00197,97686,96.34108,101396
1018,mango77881,2,0.00197,97688,96.34305,101396
1019,markelliot,2,0.00197,97690,96.34502,101396
1020,martink-2,2,0.00197,97692,96.34700,101396
1021,mciruzzi,2,0.00197,97694,96.34897,101396
1022,medo,2,0.00197,97696,96.35094,101396
1023,MertHoc,2,0.00197,97698,96.35291,101396
1024,mfeteanu-dni,2,0.00197,97700,96.35489,101396
1025,michal-databricks,2,0.00197,97702,96.35686,101396
1026,MiguelWeezardo,2,0.00197,97704,96.35883,101396
1027,mikeroyal,2,0.00197,97706,96.36080,101396
1028,Miles-Garnsey,2,0.00197,97708,96.36278,101396
1029,minhnguyenvato,2,0.00197,97710,96.36475,101396
1030,mitxino77,2,0.00197,97712,96.36672,101396
1031,mixermt,2,0.00197,97714,96.36869,101396
1032,mnikogit,2,0.00197,97716,96.37067,101396
1033,mostafazh,2,0.00197,97718,96.37264,101396
1034,msdotnetclr,2,0.00197,97720,96.37461,101396
1035,Msirkovsky,2,0.00197,97722,96.37658,101396
1036,murphyke,2,0.00197,97724,96.37856,101396
1037,mwkorver,2,0.00197,97726,96.38053,101396
1038,nagapavan,2,0.00197,97728,96.38250,101396
1039,nanaessuman,2,0.00197,97730,96.38447,101396
1040,nel215,2,0.00197,97732,96.38645,101396
1041,nemosupremo,2,0.00197,97734,96.38842,101396
1042,NextMark,2,0.00197,97736,96.39039,101396
1043,nguyenminhtuanfit,2,0.00197,97738,96.39236,101396
1044,niyue,2,0.00197,97740,96.39434,101396
1045,nod,2,0.00197,97742,96.39631,101396
1046,OluOyedipe,2,0.00197,97744,96.39828,101396
1047,omercioglu,2,0.00197,97746,96.40025,101396
1048,ongmingyang,2,0.00197,97748,96.40222,101396
1049,ordonezf,2,0.00197,97750,96.40420,101396
1050,pankaj358,2,0.00197,97752,96.40617,101396
1051,pavlindrom,2,0.00197,97754,96.40814,101396
1052,peacej,2,0.00197,97756,96.41011,101396
1053,pengshuang,2,0.00197,97758,96.41209,101396
1054,petterpat,2,0.00197,97760,96.41406,101396
1055,phcnq,2,0.00197,97762,96.41603,101396
1056,pi9nc,2,0.00197,97764,96.41800,101396
1057,pistolero,2,0.00197,97766,96.41998,101396
1058,Pjack,2,0.00197,97768,96.42195,101396
1059,play-io,2,0.00197,97770,96.42392,101396
1060,pletelli,2,0.00197,97772,96.42589,101396
1061,prabhu1984,2,0.00197,97774,96.42787,101396
1062,privateproperty123,2,0.00197,97776,96.42984,101396
1063,prsutherland,2,0.00197,97778,96.43181,101396
1064,purejade,2,0.00197,97780,96.43378,101396
1065,purushah,2,0.00197,97782,96.43576,101396
1066,q977734161,2,0.00197,97784,96.43773,101396
1067,qin7972,2,0.00197,97786,96.43970,101396
1068,qwalker,2,0.00197,97788,96.44167,101396
1069,raananraz,2,0.00197,97790,96.44365,101396
1070,rachmaninovquartet,2,0.00197,97792,96.44562,101396
1071,radd3,2,0.00197,97794,96.44759,101396
1072,radunicolae,2,0.00197,97796,96.44956,101396
1073,raj638111,2,0.00197,97798,96.45154,101396
1074,rajeshd3v,2,0.00197,97800,96.45351,101396
1075,rajitsaha,2,0.00197,97802,96.45548,101396
1076,rajivchodisetti,2,0.00197,97804,96.45745,101396
1077,ramjammigumpula,2,0.00197,97806,96.45943,101396
1078,rampatel5,2,0.00197,97808,96.46140,101396
1079,ramrock2008,2,0.00197,97810,96.46337,101396
1080,rdblue,2,0.00197,97812,96.46534,101396
1081,rdettai,2,0.00197,97814,96.46732,101396
1082,rebeccajfriedman,2,0.00197,97816,96.46929,101396
1083,rigogsilva,2,0.00197,97818,96.47126,101396
1084,rilut,2,0.00197,97820,96.47323,101396
1085,roborohit,2,0.00197,97822,96.47521,101396
1086,robotblake,2,0.00197,97824,96.47718,101396
1087,rohanarora0921,2,0.00197,97826,96.47915,101396
1088,RonenHoffer,2,0.00197,97828,96.48112,101396
1089,rootcss,2,0.00197,97830,96.48310,101396
1090,rsilvery,2,0.00197,97832,96.48507,101396
1091,RSmithBothell,2,0.00197,97834,96.48704,101396
1092,rtijoriwala,2,0.00197,97836,96.48901,101396
1093,sa255304,2,0.00197,97838,96.49099,101396
1094,salimbakker,2,0.00197,97840,96.49296,101396
1095,same3r,2,0.00197,97842,96.49493,101396
1096,sandeep1995,2,0.00197,97844,96.49690,101396
1097,SangeetaGulia,2,0.00197,97846,96.49888,101396
1098,scritchley,2,0.00197,97848,96.50085,101396
1099,seqid,2,0.00197,97850,96.50282,101396
1100,sershe,2,0.00197,97852,96.50479,101396
1101,sguleff,2,0.00197,97854,96.50677,101396
1102,Shadow53,2,0.00197,97856,96.50874,101396
1103,shanmugaapriyan,2,0.00197,97858,96.51071,101396
1104,shaojie1980,2,0.00197,97860,96.51268,101396
1105,ShashwatArghode,2,0.00197,97862,96.51466,101396
1106,shijiyu,2,0.00197,97864,96.51663,101396
1107,ShiningRush,2,0.00197,97866,96.51860,101396
1108,shivani147,2,0.00197,97868,96.52057,101396
1109,SivaSamrajS,2,0.00197,97870,96.52255,101396
1110,Slav4ik,2,0.00197,97872,96.52452,101396
1111,sqlaide,2,0.00197,97874,96.52649,101396
1112,sunchao,2,0.00197,97876,96.52846,101396
1113,sunjiangjing,2,0.00197,97878,96.53044,101396
1114,sweetfisheric,2,0.00197,97880,96.53241,101396
1115,syepes,2,0.00197,97882,96.53438,101396
1116,taklwu,2,0.00197,97884,96.53635,101396
1117,tanvach,2,0.00197,97886,96.53832,101396
1118,taoyouxian,2,0.00197,97888,96.54030,101396
1119,tapasweni-pathak,2,0.00197,97890,96.54227,101396
1120,TedBear42,2,0.00197,97892,96.54424,101396
1121,TerryShisan,2,0.00197,97894,96.54621,101396
1122,TheRevenantStar,2,0.00197,97896,96.54819,101396
1123,ThirukkaKarnan,2,0.00197,97898,96.55016,101396
1124,thomas-maurice,2,0.00197,97900,96.55213,101396
1125,thomasporez-tinyclues,2,0.00197,97902,96.55410,101396
1126,thotwielder,2,0.00197,97904,96.55608,101396
1127,tiffanycheng,2,0.00197,97906,96.55805,101396
1128,tompetrillo,2,0.00197,97908,96.56002,101396
1129,toxeh,2,0.00197,97910,96.56199,101396
1130,tp2750,2,0.00197,97912,96.56397,101396
1131,Trofym,2,0.00197,97914,96.56594,101396
1132,trosemberg,2,0.00197,97916,96.56791,101396
1133,tseylerd,2,0.00197,97918,96.56988,101396
1134,tusharag171,2,0.00197,97920,96.57186,101396
1135,tzach,2,0.00197,97922,96.57383,101396
1136,UglyTroLL,2,0.00197,97924,96.57580,101396
1137,valyala,2,0.00197,97926,96.57777,101396
1138,vandana7,2,0.00197,97928,96.57975,101396
1139,vbsoni,2,0.00197,97930,96.58172,101396
1140,venkadeshwarank,2,0.00197,97932,96.58369,101396
1141,victorflorintsev,2,0.00197,97934,96.58566,101396
1142,VincentMLiu,2,0.00197,97936,96.58764,101396
1143,Violet-XiaoWeiHuang,2,0.00197,97938,96.58961,101396
1144,vitillo,2,0.00197,97940,96.59158,101396
1145,vkingnew,2,0.00197,97942,96.59355,101396
1146,vweevers,2,0.00197,97944,96.59553,101396
1147,WalkerTR,2,0.00197,97946,96.59750,101396
1148,wangv0615,2,0.00197,97948,96.59947,101396
1149,wgzhao,2,0.00197,97950,96.60144,101396
1150,winckler,2,0.00197,97952,96.60342,101396
1151,WingsLong,2,0.00197,97954,96.60539,101396
1152,wususu,2,0.00197,97956,96.60736,101396
1153,xianhu,2,0.00197,97958,96.60933,101396
1154,xiefu5hh,2,0.00197,97960,96.61131,101396
1155,xmavrck,2,0.00197,97962,96.61328,101396
1156,Xuchaojing,2,0.00197,97964,96.61525,101396
1157,xufei1006,2,0.00197,97966,96.61722,101396
1158,yaxxie,2,0.00197,97968,96.61920,101396
1159,yeameen,2,0.00197,97970,96.62117,101396
1160,yinsk,2,0.00197,97972,96.62314,101396
1161,yiranwang,2,0.00197,97974,96.62511,101396
1162,Yogaflre,2,0.00197,97976,96.62709,101396
1163,yonillasky,2,0.00197,97978,96.62906,101396
1164,youzhanghao,2,0.00197,97980,96.63103,101396
1165,yupbank,2,0.00197,97982,96.63300,101396
1166,yuzisun,2,0.00197,97984,96.63498,101396
1167,zdeneksejcek,2,0.00197,97986,96.63695,101396
1168,zeitos,2,0.00197,97988,96.63892,101396
1169,zettaittenani,2,0.00197,97990,96.64089,101396
1170,zhegeliang2,2,0.00197,97992,96.64287,101396
1171,zhihaixu2012,2,0.00197,97994,96.64484,101396
1172,ZJULothar,2,0.00197,97996,96.64681,101396
1173,zombie9080,2,0.00197,97998,96.64878,101396
1174,zousss,2,0.00197,98000,96.65076,101396
1175,zuhuanchen,2,0.00197,98002,96.65273,101396
1176,zxcvbnmasdfghjklqwerty,2,0.00197,98004,96.65470,101396
1177,zxs,2,0.00197,98006,96.65667,101396
1178,zxybazh,2,0.00197,98008,96.65865,101396
1179,2012215434,1,0.00099,98009,96.65963,101396
1180,210grams,1,0.00099,98010,96.66062,101396
1181,774943512,1,0.00099,98011,96.66160,101396
1182,92chabuduo,1,0.00099,98012,96.66259,101396
1183,abhishek-shenoy,1,0.00099,98013,96.66358,101396
1184,abhrajitmukherjee,1,0.00099,98014,96.66456,101396
1185,aewhite,1,0.00099,98015,96.66555,101396
1186,agsax2002,1,0.00099,98016,96.66654,101396
1187,AgustinCB,1,0.00099,98017,96.66752,101396
1188,AhmedKamal,1,0.00099,98018,96.66851,101396
1189,aibaozi1,1,0.00099,98019,96.66949,101396
1190,airhorns,1,0.00099,98020,96.67048,101396
1191,ajlab,1,0.00099,98021,96.67147,101396
1192,AJLiu,1,0.00099,98022,96.67245,101396
1193,ajp-io,1,0.00099,98023,96.67344,101396
1194,akhandev,1,0.00099,98024,96.67443,101396
1195,akshaymahajans,1,0.00099,98025,96.67541,101396
1196,akyekth,1,0.00099,98026,96.67640,101396
1197,alanctgardner,1,0.00099,98027,96.67738,101396
1198,albertoRamon,1,0.00099,98028,96.67837,101396
1199,alexey-kotlyar,1,0.00099,98029,96.67936,101396
1200,alexfeng2017,1,0.00099,98030,96.68034,101396
1201,alexlukelevy,1,0.00099,98031,96.68133,101396
1202,aliavni,1,0.00099,98032,96.68231,101396
1203,ali-bahjati,1,0.00099,98033,96.68330,101396
1204,alison985,1,0.00099,98034,96.68429,101396
1205,alivelimeli,1,0.00099,98035,96.68527,101396
1206,allenexc,1,0.00099,98036,96.68626,101396
1207,alloydwhitlock,1,0.00099,98037,96.68725,101396
1208,alrolorojas,1,0.00099,98038,96.68823,101396
1209,amarcum,1,0.00099,98039,96.68922,101396
1210,AmirBahrami,1,0.00099,98040,96.69020,101396
1211,amitvc,1,0.00099,98041,96.69119,101396
1212,anandantrendwise,1,0.00099,98042,96.69218,101396
1213,anandativo,1,0.00099,98043,96.69316,101396
1214,anant-g,1,0.00099,98044,96.69415,101396
1215,anderk57,1,0.00099,98045,96.69514,101396
1216,andtrott,1,0.00099,98046,96.69612,101396
1217,Andy-L,1,0.00099,98047,96.69711,101396
1218,anilkulkarni87,1,0.00099,98048,96.69809,101396
1219,anilkumaryadavalli,1,0.00099,98049,96.69908,101396
1220,Aniruddd,1,0.00099,98050,96.70007,101396
1221,Antauri,1,0.00099,98051,96.70105,101396
1222,antw12,1,0.00099,98052,96.70204,101396
1223,anuhewa,1,0.00099,98053,96.70303,101396
1224,anupash147,1,0.00099,98054,96.70401,101396
1225,anuragrawat28,1,0.00099,98055,96.70500,101396
1226,anuvrat-tiku,1,0.00099,98056,96.70598,101396
1227,AomoDa,1,0.00099,98057,96.70697,101396
1228,apatnaik14,1,0.00099,98058,96.70796,101396
1229,arun-y,1,0.00099,98059,96.70894,101396
1230,asdf2014,1,0.00099,98060,96.70993,101396
1231,ashinohara,1,0.00099,98061,96.71092,101396
1232,ashrodan,1,0.00099,98062,96.71190,101396
1233,ashubhumca,1,0.00099,98063,96.71289,101396
1234,asinhamobiquity,1,0.00099,98064,96.71387,101396
1235,asldevi,1,0.00099,98065,96.71486,101396
1236,aswinraj,1,0.00099,98066,96.71585,101396
1237,athanikarpooja,1,0.00099,98067,96.71683,101396
1238,atjones0011,1,0.00099,98068,96.71782,101396
1239,atulaltizon,1,0.00099,98069,96.71881,101396
1240,austenpiers,1,0.00099,98070,96.71979,101396
1241,av-416,1,0.00099,98071,96.72078,101396
1242,avalenti,1,0.00099,98072,96.72176,101396
1243,avijeetd,1,0.00099,98073,96.72275,101396
1244,awm33,1,0.00099,98074,96.72374,101396
1245,axbaretto,1,0.00099,98075,96.72472,101396
1246,babayega,1,0.00099,98076,96.72571,101396
1247,babokim,1,0.00099,98077,96.72670,101396
1248,backingwu,1,0.00099,98078,96.72768,101396
1249,balaji-krishnan72,1,0.00099,98079,96.72867,101396
1250,baloo-bear,1,0.00099,98080,96.72965,101396
1251,baluKanattil,1,0.00099,98081,96.73064,101396
1252,BartoszK,1,0.00099,98082,96.73163,101396
1253,basvijfwinkel,1,0.00099,98083,96.73261,101396
1254,batareyka,1,0.00099,98084,96.73360,101396
1255,Batarian711,1,0.00099,98085,96.73459,101396
1256,Bcpoole,1,0.00099,98086,96.73557,101396
1257,bearcage,1,0.00099,98087,96.73656,101396
1258,beatbull,1,0.00099,98088,96.73754,101396
1259,beelzebub2006,1,0.00099,98089,96.73853,101396
1260,ben-gilbert,1,0.00099,98090,96.73952,101396
1261,BernardoAflalo,1,0.00099,98091,96.74050,101396
1262,bgruszka,1,0.00099,98092,96.74149,101396
1263,bharath0208,1,0.00099,98093,96.74248,101396
1264,bhargavak,1,0.00099,98094,96.74346,101396
1265,bhgames,1,0.00099,98095,96.74445,101396
1266,bhrd,1,0.00099,98096,96.74543,101396
1267,bigdatasunil,1,0.00099,98097,96.74642,101396
1268,billywatson,1,0.00099,98098,96.74741,101396
1269,binque,1,0.00099,98099,96.74839,101396
1270,bithavoc,1,0.00099,98100,96.74938,101396
1271,bkyryliuk,1,0.00099,98101,96.75036,101396
1272,blondowski,1,0.00099,98102,96.75135,101396
1273,BlueRhino,1,0.00099,98103,96.75234,101396
1274,bobbyburgess,1,0.00099,98104,96.75332,101396
1275,BourneYu,1,0.00099,98105,96.75431,101396
1276,boylook,1,0.00099,98106,96.75530,101396
1277,bradatefi,1,0.00099,98107,96.75628,101396
1278,BrainMonkey,1,0.00099,98108,96.75727,101396
1279,BrazilForever11,1,0.00099,98109,96.75825,101396
1280,brenolf,1,0.00099,98110,96.75924,101396
1281,brettahale,1,0.00099,98111,96.76023,101396
1282,brianseo517,1,0.00099,98112,96.76121,101396
1283,brianv0,1,0.00099,98113,96.76220,101396
1284,BrickXu,1,0.00099,98114,96.76319,101396
1285,Brideau,1,0.00099,98115,96.76417,101396
1286,calvaradocl,1,0.00099,98116,96.76516,101396
1287,cantepeli,1,0.00099,98117,96.76614,101396
1288,caraboides,1,0.00099,98118,96.76713,101396
1289,carloshgaray,1,0.00099,98119,96.76812,101396
1290,caseybrown89,1,0.00099,98120,96.76910,101396
1291,casidiablo,1,0.00099,98121,96.77009,101396
1292,cdelahousse,1,0.00099,98122,96.77108,101396
1293,cdw9bf,1,0.00099,98123,96.77206,101396
1294,Cena2008,1,0.00099,98124,96.77305,101396
1295,cgvarela,1,0.00099,98125,96.77403,101396
1296,chaiyuan2046,1,0.00099,98126,96.77502,101396
1297,chamal-sapumohotti,1,0.00099,98127,96.77601,101396
1298,chanansh,1,0.00099,98128,96.77699,101396
1299,chandankumarv11,1,0.00099,98129,96.77798,101396
1300,chandrasharma28,1,0.00099,98130,96.77897,101396
1301,chaojichantui,1,0.00099,98131,96.77995,101396
1302,chappidm,1,0.00099,98132,96.78094,101396
1303,charnahalau,1,0.00099,98133,96.78192,101396
1304,cheparukhin,1,0.00099,98134,96.78291,101396
1305,chorke,1,0.00099,98135,96.78390,101396
1306,ChrisFeldmeier,1,0.00099,98136,96.78488,101396
1307,ChrisMcPherson,1,0.00099,98137,96.78587,101396
1308,chuan,1,0.00099,98138,96.78686,101396
1309,CiaranMcCann,1,0.00099,98139,96.78784,101396
1310,C-Isaac,1,0.00099,98140,96.78883,101396
1311,clakkina,1,0.00099,98141,96.78981,101396
1312,cleaton,1,0.00099,98142,96.79080,101396
1313,CLTFOREVER,1,0.00099,98143,96.79179,101396
1314,coalchan,1,0.00099,98144,96.79277,101396
1315,conrosebraugh,1,0.00099,98145,96.79376,101396
1316,corneversloot,1,0.00099,98146,96.79475,101396
1317,covacica,1,0.00099,98147,96.79573,101396
1318,craftmaster2190,1,0.00099,98148,96.79672,101396
1319,crcunningham,1,0.00099,98149,96.79770,101396
1320,crorella,1,0.00099,98150,96.79869,101396
1321,crvv,1,0.00099,98151,96.79968,101396
1322,curtisq,1,0.00099,98152,96.80066,101396
1323,cwalling,1,0.00099,98153,96.80165,101396
1324,cwallin-toast,1,0.00099,98154,96.80264,101396
1325,d18s,1,0.00099,98155,96.80362,101396
1326,d3cay1,1,0.00099,98156,96.80461,101396
1327,d4nielfr4nco,1,0.00099,98157,96.80559,101396
1328,dabdine-r7,1,0.00099,98158,96.80658,101396
1329,DaimonPl,1,0.00099,98159,96.80757,101396
1330,daliadefelipee,1,0.00099,98160,96.80855,101396
1331,DanielAdler23,1,0.00099,98161,96.80954,101396
1332,daniellechou90,1,0.00099,98162,96.81053,101396
1333,danielsday,1,0.00099,98163,96.81151,101396
1334,daniexia,1,0.00099,98164,96.81250,101396
1335,dasgupab,1,0.00099,98165,96.81348,101396
1336,datavisorfrankhe,1,0.00099,98166,96.81447,101396
1337,davoscollective,1,0.00099,98167,96.81546,101396
1338,davseitsev,1,0.00099,98168,96.81644,101396
1339,dbj8,1,0.00099,98169,96.81743,101396
1340,dborkar,1,0.00099,98170,96.81841,101396
1341,DBZshahin,1,0.00099,98171,96.81940,101396
1342,ddjjain,1,0.00099,98172,96.82039,101396
1343,deepak-sharma-ngi,1,0.00099,98173,96.82137,101396
1344,deeptideshpande,1,0.00099,98174,96.82236,101396
1345,delbao,1,0.00099,98175,96.82335,101396
1346,DennisRutjes,1,0.00099,98176,96.82433,101396
1347,desavera,1,0.00099,98177,96.82532,101396
1348,dfrankow,1,0.00099,98178,96.82630,101396
1349,dhiarum,1,0.00099,98179,96.82729,101396
1350,dima-vm,1,0.00099,98180,96.82828,101396
1351,dingjoey,1,0.00099,98181,96.82926,101396
1352,dixitswatantra,1,0.00099,98182,96.83025,101396
1353,dixitvishal86,1,0.00099,98183,96.83124,101396
1354,djKooks,1,0.00099,98184,96.83222,101396
1355,dklassen,1,0.00099,98185,96.83321,101396
1356,dlamblin,1,0.00099,98186,96.83419,101396
1357,dletendre,1,0.00099,98187,96.83518,101396
1358,dmarkovitz,1,0.00099,98188,96.83617,101396
1359,dmichal,1,0.00099,98189,96.83715,101396
1360,dmmiller612,1,0.00099,98190,96.83814,101396
1361,DongJianzhi0223,1,0.00099,98191,96.83913,101396
1362,DRavikanth,1,0.00099,98192,96.84011,101396
1363,drknexus,1,0.00099,98193,96.84110,101396
1364,drummerwolli,1,0.00099,98194,96.84208,101396
1365,DrXopher,1,0.00099,98195,96.84307,101396
1366,dsr301,1,0.00099,98196,96.84406,101396
1367,dukehoops,1,0.00099,98197,96.84504,101396
1368,dukeshiny,1,0.00099,98198,96.84603,101396
1369,dulh,1,0.00099,98199,96.84702,101396
1370,DuskoV,1,0.00099,98200,96.84800,101396
1371,dwgillies,1,0.00099,98201,96.84899,101396
1372,dylancis,1,0.00099,98202,96.84997,101396
1373,eakarsu,1,0.00099,98203,96.85096,101396
1374,ebirukov,1,0.00099,98204,96.85195,101396
1375,EdwinGuo,1,0.00099,98205,96.85293,101396
1376,edyeo,1,0.00099,98206,96.85392,101396
1377,ef7475,1,0.00099,98207,96.85491,101396
1378,eklicious,1,0.00099,98208,96.85589,101396
1379,eLvErDe,1,0.00099,98209,96.85688,101396
1380,elvizlai,1,0.00099,98210,96.85786,101396
1381,erikbeebe,1,0.00099,98211,96.85885,101396
1382,ermattt,1,0.00099,98212,96.85984,101396
1383,ervazquez,1,0.00099,98213,96.86082,101396
1384,erwa,1,0.00099,98214,96.86181,101396
1385,ESKoda,1,0.00099,98215,96.86280,101396
1386,etiennegoldstein,1,0.00099,98216,96.86378,101396
1387,eulalie367,1,0.00099,98217,96.86477,101396
1388,EvelynTurner,1,0.00099,98218,96.86575,101396
1389,excelwang,1,0.00099,98219,96.86674,101396
1390,exolab,1,0.00099,98220,96.86773,101396
1391,fabienbarbaud,1,0.00099,98221,96.86871,101396
1392,faisal00813,1,0.00099,98222,96.86970,101396
1393,fangzheng,1,0.00099,98223,96.87069,101396
1394,fanwu72,1,0.00099,98224,96.87167,101396
1395,FDU-SE-LAB,1,0.00099,98225,96.87266,101396
1396,fenacoder,1,0.00099,98226,96.87364,101396
1397,fennylv,1,0.00099,98227,96.87463,101396
1398,fernandoataoldotcom,1,0.00099,98228,96.87562,101396
1399,ffmax,1,0.00099,98229,96.87660,101396
1400,ffran09,1,0.00099,98230,96.87759,101396
1401,flashput,1,0.00099,98231,96.87858,101396
1402,flin-aa,1,0.00099,98232,96.87956,101396
1403,forainychen,1,0.00099,98233,96.88055,101396
1404,franz-see,1,0.00099,98234,96.88153,101396
1405,fs-td-eitaro-ueda,1,0.00099,98235,96.88252,101396
1406,fsworld009,1,0.00099,98236,96.88351,101396
1407,functicons,1,0.00099,98237,96.88449,101396
1408,gabrielrcouto,1,0.00099,98238,96.88548,101396
1409,ganeshjothikumar,1,0.00099,98239,96.88646,101396
1410,GarouDan,1,0.00099,98240,96.88745,101396
1411,gaveezy,1,0.00099,98241,96.88844,101396
1412,gcassarini,1,0.00099,98242,96.88942,101396
1413,genomics-geek,1,0.00099,98243,96.89041,101396
1414,georgehdd,1,0.00099,98244,96.89140,101396
1415,georgeliaw,1,0.00099,98245,96.89238,101396
1416,gerrith3,1,0.00099,98246,96.89337,101396
1417,getway,1,0.00099,98247,96.89435,101396
1418,ggallardoruiz,1,0.00099,98248,96.89534,101396
1419,Giant1,1,0.00099,98249,96.89633,101396
1420,gmrodrigues,1,0.00099,98250,96.89731,101396
1421,gneets,1,0.00099,98251,96.89830,101396
1422,go2starr,1,0.00099,98252,96.89929,101396
1423,godofskies,1,0.00099,98253,96.90027,101396
1424,gogs21,1,0.00099,98254,96.90126,101396
1425,goindwalia,1,0.00099,98255,96.90224,101396
1426,goodsoul1914,1,0.00099,98256,96.90323,101396
1427,goodweather0,1,0.00099,98257,96.90422,101396
1428,gouravbhalla22,1,0.00099,98258,96.90520,101396
1429,Gowtham95india,1,0.00099,98259,96.90619,101396
1430,gparai,1,0.00099,98260,96.90718,101396
1431,gregakespret,1,0.00099,98261,96.90816,101396
1432,gruberjuliannama,1,0.00099,98262,96.90915,101396
1433,gsarode39,1,0.00099,98263,96.91013,101396
1434,gtitievsky,1,0.00099,98264,96.91112,101396
1435,gudladona87,1,0.00099,98265,96.91211,101396
1436,guojun1992,1,0.00099,98266,96.91309,101396
1437,guoyang2011,1,0.00099,98267,96.91408,101396
1438,hakenmt,1,0.00099,98268,96.91507,101396
1439,han-wang,1,0.00099,98269,96.91605,101396
1440,haowu-alation,1,0.00099,98270,96.91704,101396
1441,hashbash,1,0.00099,98271,96.91802,101396
1442,haymanyu,1,0.00099,98272,96.91901,101396
1443,heaventouch,1,0.00099,98273,96.92000,101396
1444,heiliguai,1,0.00099,98274,96.92098,101396
1445,hensg,1,0.00099,98275,96.92197,101396
1446,heocaf,1,0.00099,98276,96.92296,101396
1447,heratgandhi-fb,1,0.00099,98277,96.92394,101396
1448,heyfly0,1,0.00099,98278,96.92493,101396
1449,HimanshPal,1,0.00099,98279,96.92591,101396
1450,Himmetk,1,0.00099,98280,96.92690,101396
1451,hnchenxiong,1,0.00099,98281,96.92789,101396
1452,hodrigohamalho,1,0.00099,98282,96.92887,101396
1453,homepy,1,0.00099,98283,96.92986,101396
1454,homura,1,0.00099,98284,96.93085,101396
1455,HongkunGe,1,0.00099,98285,96.93183,101396
1456,hoodja,1,0.00099,98286,96.93282,101396
1457,hugesswnn,1,0.00099,98287,96.93380,101396
1458,huibioa89,1,0.00099,98288,96.93479,101396
1459,iam-nagarajan,1,0.00099,98289,96.93578,101396
1460,iamnewneo,1,0.00099,98290,96.93676,101396
1461,iancamp,1,0.00099,98291,96.93775,101396
1462,idoshichor,1,0.00099,98292,96.93874,101396
1463,ilio,1,0.00099,98293,96.93972,101396
1464,illion20,1,0.00099,98294,96.94071,101396
1465,img22,1,0.00099,98295,96.94169,101396
1466,imyaman,1,0.00099,98296,96.94268,101396
1467,infearATbaidu,1,0.00099,98297,96.94367,101396
1468,infearOnTheWay,1,0.00099,98298,96.94465,101396
1469,InfyNord,1,0.00099,98299,96.94564,101396
1470,ioah86,1,0.00099,98300,96.94663,101396
1471,ironchefpython,1,0.00099,98301,96.94761,101396
1472,ishaan1995,1,0.00099,98302,96.94860,101396
1473,IsNull,1,0.00099,98303,96.94958,101396
1474,ITGrocery,1,0.00099,98304,96.95057,101396
1475,itshicheng,1,0.00099,98305,96.95156,101396
1476,itzkunalsatpute,1,0.00099,98306,96.95254,101396
1477,ivryan,1,0.00099,98307,96.95353,101396
1478,jackchongs,1,0.00099,98308,96.95451,101396
1479,JAlexoid,1,0.00099,98309,96.95550,101396
1480,JanDoerrenhaus,1,0.00099,98310,96.95649,101396
1481,jaredvacanti,1,0.00099,98311,96.95747,101396
1482,jasper-eb,1,0.00099,98312,96.95846,101396
1483,javeria2,1,0.00099,98313,96.95945,101396
1484,jayakumar-mohan-84,1,0.00099,98314,96.96043,101396
1485,jeffreybreen,1,0.00099,98315,96.96142,101396
1486,jeffreythewang,1,0.00099,98316,96.96240,101396
1487,jeffwong-nflx,1,0.00099,98317,96.96339,101396
1488,JidapaTH,1,0.00099,98318,96.96438,101396
1489,jiechenghan,1,0.00099,98319,96.96536,101396
1490,jiemar,1,0.00099,98320,96.96635,101396
1491,jinzhongwei,1,0.00099,98321,96.96734,101396
1492,jmrohnson,1,0.00099,98322,96.96832,101396
1493,jofusa,1,0.00099,98323,96.96931,101396
1494,jogamol,1,0.00099,98324,96.97029,101396
1495,johnbodley,1,0.00099,98325,96.97128,101396
1496,johnistan,1,0.00099,98326,96.97227,101396
1497,jonw73330,1,0.00099,98327,96.97325,101396
1498,josefhernandez,1,0.00099,98328,96.97424,101396
1499,joseofarrill-work,1,0.00099,98329,96.97523,101396
1500,joshpeng,1,0.00099,98330,96.97621,101396
1501,jthompson6,1,0.00099,98331,96.97720,101396
1502,juancb,1,0.00099,98332,96.97818,101396
1503,juanpampliega,1,0.00099,98333,96.97917,101396
1504,JustEdro,1,0.00099,98334,96.98016,101396
1505,jwf,1,0.00099,98335,96.98114,101396
1506,kajibutest,1,0.00099,98336,96.98213,101396
1507,Kaleidoscoper,1,0.00099,98337,96.98312,101396
1508,KamalNayak07,1,0.00099,98338,96.98410,101396
1509,kannan-aravind,1,0.00099,98339,96.98509,101396
1510,karol-szuster,1,0.00099,98340,96.98607,101396
1511,kat-co,1,0.00099,98341,96.98706,101396
1512,kavap,1,0.00099,98342,96.98805,101396
1513,kevintvh,1,0.00099,98343,96.98903,101396
1514,kevinYin,1,0.00099,98344,96.99002,101396
1515,Kheldar,1,0.00099,98345,96.99101,101396
1516,kindjacket,1,0.00099,98346,96.99199,101396
1517,kis25791,1,0.00099,98347,96.99298,101396
1518,kishkadu,1,0.00099,98348,96.99396,101396
1519,KishorBaindoor,1,0.00099,98349,96.99495,101396
1520,kjkrupal,1,0.00099,98350,96.99594,101396
1521,knoguchi,1,0.00099,98351,96.99692,101396
1522,knowledgehacker,1,0.00099,98352,96.99791,101396
1523,kof02guy,1,0.00099,98353,96.99890,101396
1524,kramasamy,1,0.00099,98354,96.99988,101396
1525,Krishna2214,1,0.00099,98355,97.00087,101396
1526,krisvive,1,0.00099,98356,97.00185,101396
1527,kstenerud,1,0.00099,98357,97.00284,101396
1528,Kuntal-G,1,0.00099,98358,97.00383,101396
1529,kylase,1,0.00099,98359,97.00481,101396
1530,l1990790120,1,0.00099,98360,97.00580,101396
1531,lancelove,1,0.00099,98361,97.00679,101396
1532,langzi-zmg,1,0.00099,98362,97.00777,101396
1533,laychengtan,1,0.00099,98363,97.00876,101396
1534,lcykenan,1,0.00099,98364,97.00974,101396
1535,LeeHearn,1,0.00099,98365,97.01073,101396
1536,Leehyeonchol,1,0.00099,98366,97.01172,101396
1537,leejianwei,1,0.00099,98367,97.01270,101396
1538,leinemann,1,0.00099,98368,97.01369,101396
1539,lelecanfora,1,0.00099,98369,97.01468,101396
1540,leohahn,1,0.00099,98370,97.01566,101396
1541,leonpanokarren,1,0.00099,98371,97.01665,101396
1542,leowmjw,1,0.00099,98372,97.01763,101396
1543,levand,1,0.00099,98373,97.01862,101396
1544,levonk,1,0.00099,98374,97.01961,101396
1545,lichengfei1988,1,0.00099,98375,97.02059,101396
1546,lifehacking,1,0.00099,98376,97.02158,101396
1547,liguirong98,1,0.00099,98377,97.02256,101396
1548,lijunyong,1,0.00099,98378,97.02355,101396
1549,linehrr,1,0.00099,98379,97.02454,101396
1550,liumingchao,1,0.00099,98380,97.02552,101396
1551,liuxuan207,1,0.00099,98381,97.02651,101396
1552,liyubin117,1,0.00099,98382,97.02750,101396
1553,lloydpick,1,0.00099,98383,97.02848,101396
1554,llysjtu,1,0.00099,98384,97.02947,101396
1555,lonely-lockley,1,0.00099,98385,97.03045,101396
1556,lonski,1,0.00099,98386,97.03144,101396
1557,lordk911,1,0.00099,98387,97.03243,101396
1558,lotuc,1,0.00099,98388,97.03341,101396
1559,luansilas,1,0.00099,98389,97.03440,101396
1560,luoruixing,1,0.00099,98390,97.03539,101396
1561,lurenx,1,0.00099,98391,97.03637,101396
1562,Lwelch45,1,0.00099,98392,97.03736,101396
1563,lynch0227,1,0.00099,98393,97.03834,101396
1564,Lywane,1,0.00099,98394,97.03933,101396
1565,lyxking2009,1,0.00099,98395,97.04032,101396
1566,Magicfulness,1,0.00099,98396,97.04130,101396
1567,mahengyang,1,0.00099,98397,97.04229,101396
1568,maicaiyao,1,0.00099,98398,97.04328,101396
1569,majiajue,1,0.00099,98399,97.04426,101396
1570,mambistats,1,0.00099,98400,97.04525,101396
1571,manavkapoor,1,0.00099,98401,97.04623,101396
1572,Manindersaini,1,0.00099,98402,97.04722,101396
1573,manishkaushik29,1,0.00099,98403,97.04821,101396
1574,manubhats,1,0.00099,98404,97.04919,101396
1575,manuellimaf,1,0.00099,98405,97.05018,101396
1576,manvishan,1,0.00099,98406,97.05117,101396
1577,Marfusios,1,0.00099,98407,97.05215,101396
1578,markcho,1,0.00099,98408,97.05314,101396
1579,markisaa,1,0.00099,98409,97.05412,101396
1580,marvel00000,1,0.00099,98410,97.05511,101396
1581,mawu2,1,0.00099,98411,97.05610,101396
1582,maximillianus,1,0.00099,98412,97.05708,101396
1583,mayankheart,1,0.00099,98413,97.05807,101396
1584,mayankjuneja,1,0.00099,98414,97.05906,101396
1585,maybenow,1,0.00099,98415,97.06004,101396
1586,mayunlei,1,0.00099,98416,97.06103,101396
1587,mazemaze567,1,0.00099,98417,97.06201,101396
1588,mcuelenaere,1,0.00099,98418,97.06300,101396
1589,mcurtis125,1,0.00099,98419,97.06399,101396
1590,mcvejic,1,0.00099,98420,97.06497,101396
1591,mdbuck,1,0.00099,98421,97.06596,101396
1592,mdmuqeetali,1,0.00099,98422,97.06695,101396
1593,meggamind,1,0.00099,98423,97.06793,101396
1594,mehramanish,1,0.00099,98424,97.06892,101396
1595,memorylorry,1,0.00099,98425,97.06990,101396
1596,mgalushka,1,0.00099,98426,97.07089,101396
1597,mgerontini,1,0.00099,98427,97.07188,101396
1598,mhartwig22,1,0.00099,98428,97.07286,101396
1599,MichaelJAndy,1,0.00099,98429,97.07385,101396
1600,MichelleArk,1,0.00099,98430,97.07484,101396
1601,miggi,1,0.00099,98431,97.07582,101396
1602,migolfi,1,0.00099,98432,97.07681,101396
1603,miike,1,0.00099,98433,97.07779,101396
1604,mikec212,1,0.00099,98434,97.07878,101396
1605,minion96,1,0.00099,98435,97.07977,101396
1606,mirec-m,1,0.00099,98436,97.08075,101396
1607,miyingLjw,1,0.00099,98437,97.08174,101396
1608,mizhou901101,1,0.00099,98438,97.08273,101396
1609,mkolplk321,1,0.00099,98439,97.08371,101396
1610,mmcalli,1,0.00099,98440,97.08470,101396
1611,mmerchant,1,0.00099,98441,97.08568,101396
1612,mohantnr,1,0.00099,98442,97.08667,101396
1613,mohsen74,1,0.00099,98443,97.08766,101396
1614,mojodna,1,0.00099,98444,97.08864,101396
1615,morgans2,1,0.00099,98445,97.08963,101396
1616,moshez,1,0.00099,98446,97.09062,101396
1617,mourner,1,0.00099,98447,97.09160,101396
1618,mp911de,1,0.00099,98448,97.09259,101396
1619,mpundir,1,0.00099,98449,97.09357,101396
1620,mradwan,1,0.00099,98450,97.09456,101396
1621,Mr-Malone,1,0.00099,98451,97.09555,101396
1622,mundlapudi,1,0.00099,98452,97.09653,101396
1623,murraystokely,1,0.00099,98453,97.09752,101396
1624,mwacc,1,0.00099,98454,97.09850,101396
1625,myFree,1,0.00099,98455,97.09949,101396
1626,mysterious-ben,1,0.00099,98456,97.10048,101396
1627,nan628,1,0.00099,98457,97.10146,101396
1628,Nancy-Chauhan,1,0.00099,98458,97.10245,101396
1629,nasmithan,1,0.00099,98459,97.10344,101396
1630,naveen09,1,0.00099,98460,97.10442,101396
1631,naveenmadhire,1,0.00099,98461,97.10541,101396
1632,nealvs,1,0.00099,98462,97.10639,101396
1633,nemo326,1,0.00099,98463,97.10738,101396
1634,nianglao,1,0.00099,98464,97.10837,101396
1635,niceczj,1,0.00099,98465,97.10935,101396
1636,nihalbtq8,1,0.00099,98466,97.11034,101396
1637,Nihhaar,1,0.00099,98467,97.11133,101396
1638,nimahajan,1,0.00099,98468,97.11231,101396
1639,nimmicv,1,0.00099,98469,97.11330,101396
1640,nobink,1,0.00099,98470,97.11428,101396
1641,nt3478,1,0.00099,98471,97.11527,101396
1642,Nymeriawolf,1,0.00099,98472,97.11626,101396
1643,oaustegard,1,0.00099,98473,97.11724,101396
1644,oeeckhoutte,1,0.00099,98474,97.11823,101396
1645,Ohadbasan,1,0.00099,98475,97.11922,101396
1646,oldbelvey,1,0.00099,98476,97.12020,101396
1647,oliversavio,1,0.00099,98477,97.12119,101396
1648,onionch,1,0.00099,98478,97.12217,101396
1649,orhtej2,1,0.00099,98479,97.12316,101396
1650,owahab,1,0.00099,98480,97.12415,101396
1651,PandaMonkey,1,0.00099,98481,97.12513,101396
1652,pandeesh,1,0.00099,98482,97.12612,101396
1653,panditsurabhi,1,0.00099,98483,97.12711,101396
1654,panglei1984,1,0.00099,98484,97.12809,101396
1655,Pappe-Pig,1,0.00099,98485,97.12908,101396
1656,parekhparth,1,0.00099,98486,97.13006,101396
1657,pashifika,1,0.00099,98487,97.13105,101396
1658,pashna,1,0.00099,98488,97.13204,101396
1659,patilharshal16,1,0.00099,98489,97.13302,101396
1660,PatrickSauts,1,0.00099,98490,97.13401,101396
1661,PaulSorenson,1,0.00099,98491,97.13500,101396
1662,pd04152129,1,0.00099,98492,97.13598,101396
1663,PD186026,1,0.00099,98493,97.13697,101396
1664,pdhandharia,1,0.00099,98494,97.13795,101396
1665,PennyAndWang,1,0.00099,98495,97.13894,101396
1666,perryzheng,1,0.00099,98496,97.13993,101396
1667,pgirolami,1,0.00099,98497,97.14091,101396
1668,phobos182,1,0.00099,98498,97.14190,101396
1669,pi88dian88,1,0.00099,98499,97.14289,101396
1670,pklachmegowda,1,0.00099,98500,97.14387,101396
1671,PKRoma,1,0.00099,98501,97.14486,101396
1672,polvoazul,1,0.00099,98502,97.14584,101396
1673,PowerToThePeople111,1,0.00099,98503,97.14683,101396
1674,pppsunil,1,0.00099,98504,97.14782,101396
1675,prabcs,1,0.00099,98505,97.14880,101396
1676,pradeepbhadani,1,0.00099,98506,97.14979,101396
1677,PradnyaBora,1,0.00099,98507,97.15078,101396
1678,prakashin77,1,0.00099,98508,97.15176,101396
1679,pratimaws,1,0.00099,98509,97.15275,101396
1680,premal,1,0.00099,98510,97.15373,101396
1681,prongs7,1,0.00099,98511,97.15472,101396
1682,propene,1,0.00099,98512,97.15571,101396
1683,psaoji,1,0.00099,98513,97.15669,101396
1684,puneethpotu,1,0.00099,98514,97.15768,101396
1685,pwistrand,1,0.00099,98515,97.15867,101396
1686,qdsang,1,0.00099,98516,97.15965,101396
1687,QiaoZijian,1,0.00099,98517,97.16064,101396
1688,qiuhan,1,0.00099,98518,97.16162,101396
1689,qphamhuy,1,0.00099,98519,97.16261,101396
1690,querybs,1,0.00099,98520,97.16360,101396
1691,rafalpas,1,0.00099,98521,97.16458,101396
1692,raghav130593,1,0.00099,98522,97.16557,101396
1693,rahulsharmadbr,1,0.00099,98523,97.16655,101396
1694,raisanjeet07,1,0.00099,98524,97.16754,101396
1695,raja-sudhan,1,0.00099,98525,97.16853,101396
1696,RamonReis,1,0.00099,98526,97.16951,101396
1697,ramveer1193,1,0.00099,98527,97.17050,101396
1698,ramyatamehrotra,1,0.00099,98528,97.17149,101396
1699,RanjithTeegala,1,0.00099,98529,97.17247,101396
1700,rantibi,1,0.00099,98530,97.17346,101396
1701,raveendrabikkina,1,0.00099,98531,97.17444,101396
1702,rawrunprotected,1,0.00099,98532,97.17543,101396
1703,rbro,1,0.00099,98533,97.17642,101396
1704,rchukh,1,0.00099,98534,97.17740,101396
1705,rdsedmundo,1,0.00099,98535,97.17839,101396
1706,rejithry,1,0.00099,98536,97.17938,101396
1707,ricardoekm,1,0.00099,98537,97.18036,101396
1708,richiesgr,1,0.00099,98538,97.18135,101396
1709,RickyMcMaster,1,0.00099,98539,97.18233,101396
1710,rishirraghav,1,0.00099,98540,97.18332,101396
1711,riteshmodi,1,0.00099,98541,97.18431,101396
1712,rjtokenring,1,0.00099,98542,97.18529,101396
1713,robinup,1,0.00099,98543,97.18628,101396
1714,robmurtagh,1,0.00099,98544,97.18727,101396
1715,rodrigopalhares,1,0.00099,98545,97.18825,101396
1716,rohanmonga,1,0.00099,98546,97.18924,101396
1717,rohanmonga1,1,0.00099,98547,97.19022,101396
1718,romad17,1,0.00099,98548,97.19121,101396
1719,romeran,1,0.00099,98549,97.19220,101396
1720,RosterIn,1,0.00099,98550,97.19318,101396
1721,rsajjan2,1,0.00099,98551,97.19417,101396
1722,rsolver200,1,0.00099,98552,97.19516,101396
1723,rupesh1183,1,0.00099,98553,97.19614,101396
1724,rustyrazorblade,1,0.00099,98554,97.19713,101396
1725,ryan-benty,1,0.00099,98555,97.19811,101396
1726,ryancrawcour,1,0.00099,98556,97.19910,101396
1727,sabau,1,0.00099,98557,97.20009,101396
1728,sadowski,1,0.00099,98558,97.20107,101396
1729,Sahilthb,1,0.00099,98559,97.20206,101396
1730,sajeevpr,1,0.00099,98560,97.20305,101396
1731,samanthrao,1,0.00099,98561,97.20403,101396
1732,samdjohnson,1,0.00099,98562,97.20502,101396
1733,samelamin,1,0.00099,98563,97.20600,101396
1734,sanatanmishra,1,0.00099,98564,97.20699,101396
1735,SandeepDawre,1,0.00099,98565,97.20798,101396
1736,santhavathi,1,0.00099,98566,97.20896,101396
1737,santijampp,1,0.00099,98567,97.20995,101396
1738,sanzgiri,1,0.00099,98568,97.21094,101396
1739,saravsathyamoorthy,1,0.00099,98569,97.21192,101396
1740,sarvesh-du,1,0.00099,98570,97.21291,101396
1741,sarwarbhuiyan,1,0.00099,98571,97.21389,101396
1742,satishvarmadandu,1,0.00099,98572,97.21488,101396
1743,savankumargudaas,1,0.00099,98573,97.21587,101396
1744,sayap,1,0.00099,98574,97.21685,101396
1745,sbtgn1,1,0.00099,98575,97.21784,101396
1746,s-b-u,1,0.00099,98576,97.21883,101396
1747,schon,1,0.00099,98577,97.21981,101396
1748,sdia,1,0.00099,98578,97.22080,101396
1749,sdorazio,1,0.00099,98579,97.22178,101396
1750,sergiogabriel,1,0.00099,98580,97.22277,101396
1751,sethumarisetti1,1,0.00099,98581,97.22376,101396
1752,sevenseablue,1,0.00099,98582,97.22474,101396
1753,sganu,1,0.00099,98583,97.22573,101396
1754,Sharda-Borse,1,0.00099,98584,97.22672,101396
1755,shardnit,1,0.00099,98585,97.22770,101396
1756,shaswatshah,1,0.00099,98586,97.22869,101396
1757,shekarrreddy568,1,0.00099,98587,97.22967,101396
1758,shelocks,1,0.00099,98588,97.23066,101396
1759,shivarajugowda,1,0.00099,98589,97.23165,101396
1760,shivasakthi18,1,0.00099,98590,97.23263,101396
1761,shixiao,1,0.00099,98591,97.23362,101396
1762,shiyuneau,1,0.00099,98592,97.23460,101396
1763,shshnksxn,1,0.00099,98593,97.23559,101396
1764,Shubhamjain6197,1,0.00099,98594,97.23658,101396
1765,shurvitz,1,0.00099,98595,97.23756,101396
1766,shyam0191,1,0.00099,98596,97.23855,101396
1767,sib19,1,0.00099,98597,97.23954,101396
1768,sidazhang,1,0.00099,98598,97.24052,101396
1769,signed0,1,0.00099,98599,97.24151,101396
1770,SivaBu-kore,1,0.00099,98600,97.24249,101396
1771,sjahanbin,1,0.00099,98601,97.24348,101396
1772,sm186011,1,0.00099,98602,97.24447,101396
1773,smitaminakshi,1,0.00099,98603,97.24545,101396
1774,smoyer64,1,0.00099,98604,97.24644,101396
1775,sobhagya33,1,0.00099,98605,97.24743,101396
1776,solebox,1,0.00099,98606,97.24841,101396
1777,songdongsheng,1,0.00099,98607,97.24940,101396
1778,sonnythehottest,1,0.00099,98608,97.25038,101396
1779,sophiewsmith,1,0.00099,98609,97.25137,101396
1780,SpyderRivera,1,0.00099,98610,97.25236,101396
1781,sql2,1,0.00099,98611,97.25334,101396
1782,srinivasanasm,1,0.00099,98612,97.25433,101396
1783,srjonemed,1,0.00099,98613,97.25532,101396
1784,sslyxhz,1,0.00099,98614,97.25630,101396
1785,StevePotter,1,0.00099,98615,97.25729,101396
1786,sturzhav,1,0.00099,98616,97.25827,101396
1787,stuxuhai,1,0.00099,98617,97.25926,101396
1788,sudhirsrepo,1,0.00099,98618,97.26025,101396
1789,sugiryo,1,0.00099,98619,97.26123,101396
1790,sumeetmaru,1,0.00099,98620,97.26222,101396
1791,suwey,1,0.00099,98621,97.26321,101396
1792,svkcemk,1,0.00099,98622,97.26419,101396
1793,SWaiter,1,0.00099,98623,97.26518,101396
1794,SwapnilShahGit,1,0.00099,98624,97.26616,101396
1795,taivo,1,0.00099,98625,97.26715,101396
1796,talnicolas,1,0.00099,98626,97.26814,101396
1797,tarungarg369,1,0.00099,98627,97.26912,101396
1798,tastyqbit,1,0.00099,98628,97.27011,101396
1799,tdowns,1,0.00099,98629,97.27110,101396
1800,textboy,1,0.00099,98630,97.27208,101396
1801,th3333,1,0.00099,98631,97.27307,101396
1802,thammuio,1,0.00099,98632,97.27405,101396
1803,theckang,1,0.00099,98633,97.27504,101396
1804,thecubed,1,0.00099,98634,97.27603,101396
1805,thibeco,1,0.00099,98635,97.27701,101396
1806,ThirdLibResearch,1,0.00099,98636,97.27800,101396
1807,timwis,1,0.00099,98637,97.27899,101396
1808,tiny-gao,1,0.00099,98638,97.27997,101396
1809,tjlee,1,0.00099,98639,97.28096,101396
1810,tnesztler,1,0.00099,98640,97.28194,101396
1811,toninis,1,0.00099,98641,97.28293,101396
1812,Triodan,1,0.00099,98642,97.28392,101396
1813,trishabh5050,1,0.00099,98643,97.28490,101396
1814,trtg,1,0.00099,98644,97.28589,101396
1815,tsunny,1,0.00099,98645,97.28688,101396
1816,tsuxia,1,0.00099,98646,97.28786,101396
1817,ttaranov,1,0.00099,98647,97.28885,101396
1818,tuanvn6467,1,0.00099,98648,97.28983,101396
1819,udit0612,1,0.00099,98649,97.29082,101396
1820,ufoe,1,0.00099,98650,97.29181,101396
1821,umnya,1,0.00099,98651,97.29279,101396
1822,UniKrau,1,0.00099,98652,97.29378,101396
1823,UPEMPEROR,1,0.00099,98653,97.29477,101396
1824,utf7,1,0.00099,98654,97.29575,101396
1825,vage7,1,0.00099,98655,97.29674,101396
1826,vaibhavjajoo,1,0.00099,98656,97.29772,101396
1827,vainfucker,1,0.00099,98657,97.29871,101396
1828,Vardhan17,1,0.00099,98658,97.29970,101396
1829,vdods,1,0.00099,98659,97.30068,101396
1830,veera83372,1,0.00099,98660,97.30167,101396
1831,veniversum,1,0.00099,98661,97.30265,101396
1832,veotax,1,0.00099,98662,97.30364,101396
1833,Vialentino,1,0.00099,98663,97.30463,101396
1834,vijaymann,1,0.00099,98664,97.30561,101396
1835,VlasovArtem,1,0.00099,98665,97.30660,101396
1836,vnatrajan,1,0.00099,98666,97.30759,101396
1837,wajahatahmed245,1,0.00099,98667,97.30857,101396
1838,wanghan518518,1,0.00099,98668,97.30956,101396
1839,wangmuling,1,0.00099,98669,97.31054,101396
1840,wangyeweikuer,1,0.00099,98670,97.31153,101396
1841,wayjjpku,1,0.00099,98671,97.31252,101396
1842,wbgentleman,1,0.00099,98672,97.31350,101396
1843,weikybeidos,1,0.00099,98673,97.31449,101396
1844,WeiWenda,1,0.00099,98674,97.31548,101396
1845,weldpua2008,1,0.00099,98675,97.31646,101396
1846,wenfengsui,1,0.00099,98676,97.31745,101396
1847,wenshao,1,0.00099,98677,97.31843,101396
1848,WhoisDavid,1,0.00099,98678,97.31942,101396
1849,willmo83,1,0.00099,98679,97.32041,101396
1850,willmostly,1,0.00099,98680,97.32139,101396
1851,winterlau,1,0.00099,98681,97.32238,101396
1852,withoutconsciousmind,1,0.00099,98682,97.32337,101396
1853,wmorin,1,0.00099,98683,97.32435,101396
1854,woland84,1,0.00099,98684,97.32534,101396
1855,wongjingping,1,0.00099,98685,97.32632,101396
1856,woshidagouxiong,1,0.00099,98686,97.32731,101396
1857,wpspombosousa,1,0.00099,98687,97.32830,101396
1858,wuwei0509,1,0.00099,98688,97.32928,101396
1859,wuxiansen,1,0.00099,98689,97.33027,101396
1860,wuzekang,1,0.00099,98690,97.33126,101396
1861,wwyzxb,1,0.00099,98691,97.33224,101396
1862,wxiang7,1,0.00099,98692,97.33323,101396
1863,xborderx,1,0.00099,98693,97.33421,101396
1864,xor007,1,0.00099,98694,97.33520,101396
1865,xqliu,1,0.00099,98695,97.33619,101396
1866,xtina-nguyen,1,0.00099,98696,97.33717,101396
1867,xufanghui,1,0.00099,98697,97.33816,101396
1868,xuhanfeng2219,1,0.00099,98698,97.33915,101396
1869,Xwanchai,1,0.00099,98699,97.34013,101396
1870,YanamadalaJaiPrakash,1,0.00099,98700,97.34112,101396
1871,yanbeipang,1,0.00099,98701,97.34210,101396
1872,yangyangyyy,1,0.00099,98702,97.34309,101396
1873,yaningzhu,1,0.00099,98703,97.34408,101396
1874,yarosa,1,0.00099,98704,97.34506,101396
1875,yen-von,1,0.00099,98705,97.34605,101396
1876,YitongTseo,1,0.00099,98706,97.34704,101396
1877,yotamoron,1,0.00099,98707,97.34802,101396
1878,youngqi2017,1,0.00099,98708,97.34901,101396
1879,youngyyy,1,0.00099,98709,97.34999,101396
1880,youxinren,1,0.00099,98710,97.35098,101396
1881,yuanboliu,1,0.00099,98711,97.35197,101396
1882,yuanxiang250,1,0.00099,98712,97.35295,101396
1883,yufei-wu,1,0.00099,98713,97.35394,101396
1884,yugandha,1,0.00099,98714,97.35493,101396
1885,yunhuizhu,1,0.00099,98715,97.35591,101396
1886,yushantao,1,0.00099,98716,97.35690,101396
1887,yxydde,1,0.00099,98717,97.35788,101396
1888,zchen-aa,1,0.00099,98718,97.35887,101396
1889,zengqiyan,1,0.00099,98719,97.35986,101396
1890,zeromem,1,0.00099,98720,97.36084,101396
1891,zhangshuyu,1,0.00099,98721,97.36183,101396
1892,zhengguilin,1,0.00099,98722,97.36282,101396
1893,zijian-qiao,1,0.00099,98723,97.36380,101396
1894,ziyege,1,0.00099,98724,97.36479,101396
1895,zjp123456,1,0.00099,98725,97.36577,101396
1896,zorro1992,1,0.00099,98726,97.36676,101396
1897,zzr1000,1,0.00099,98727,97.36775,101396
