rank_number,actor,contributions,percent,cumulative_sum,cumulative_percent,all_contributions
1,zephyr-github,4672,2.28915,4672,2.28915,204093
2,zephyrbot,2530,1.23963,7202,3.52878,204093
3,jfischer-phytec-iot,1527,0.74819,8729,4.27697,204093
4,stephanosio,656,0.32142,9385,4.59839,204093
5,gnuless,642,0.31456,10027,4.91296,204093
6,b0661,571,0.27977,10598,5.19273,204093
7,aasthagr,566,0.27732,11164,5.47006,204093
8,hakehuang,330,0.16169,11494,5.63175,204093
9,ruuddw,322,0.15777,11816,5.78952,204093
10,cybertale,271,0.13278,12087,5.92230,204093
11,MarekPieta,258,0.12641,12345,6.04871,204093
12,nniranjhana,241,0.11808,12586,6.16680,204093
13,Shilpashree3lc,240,0.11759,12826,6.28439,204093
14,jli157,222,0.10877,13048,6.39316,204093
15,nmeum,220,0.10779,13268,6.50096,204093
16,WilliamGFish,176,0.08624,13444,6.58719,204093
17,trond-snekvik,174,0.08526,13618,6.67245,204093
18,pavlohamov,172,0.08428,13790,6.75672,204093
19,nandojve,169,0.08281,13959,6.83953,204093
20,albertofloyd,162,0.07938,14121,6.91890,204093
21,karstenkoenig,159,0.07791,14280,6.99681,204093
22,maksimmasalski,156,0.07644,14436,7.07325,204093
23,hakonfam,154,0.07546,14590,7.14870,204093
24,Sizurka,146,0.07154,14736,7.22024,204093
25,overheat,141,0.06909,14877,7.28932,204093
26,mateusz-holenko,139,0.06811,15016,7.35743,204093
27,askawu,135,0.06615,15151,7.42358,204093
28,tsvehagen,128,0.06272,15279,7.48629,204093
29,emob-nordic,126,0.06174,15405,7.54803,204093
30,microbuilder,126,0.06174,15531,7.60977,204093
31,KwonTae-young,123,0.06027,15654,7.67003,204093
32,chen-png,121,0.05929,15775,7.72932,204093
33,alexandru-porosanu-nxp,120,0.05880,15895,7.78812,204093
34,findlayfeng,120,0.05880,16015,7.84691,204093
35,mimeriza,120,0.05880,16135,7.90571,204093
36,StefJar,117,0.05733,16252,7.96304,204093
37,tautologyclub,110,0.05390,16362,8.01693,204093
38,JunYangNXP,107,0.05243,16469,8.06936,204093
39,scottwcpg,106,0.05194,16575,8.12130,204093
40,de-nordic,104,0.05096,16679,8.17225,204093
41,m-kru,104,0.05096,16783,8.22321,204093
42,Oanerer,102,0.04998,16885,8.27319,204093
43,mrfuchs,101,0.04949,16986,8.32268,204093
44,RehamTarekAhmed,99,0.04851,17085,8.37118,204093
45,tedd-an,98,0.04802,17183,8.41920,204093
46,chris-makaio,95,0.04655,17278,8.46575,204093
47,menglingao1997,95,0.04655,17373,8.51230,204093
48,pkral78,95,0.04655,17468,8.55884,204093
49,mtuxpe,92,0.04508,17560,8.60392,204093
50,xiaoliang314,90,0.04410,17650,8.64802,204093
51,paulgavrikov,83,0.04067,17733,8.68869,204093
52,rosterloh,81,0.03969,17814,8.72837,204093
53,nikooiko,80,0.03920,17894,8.76757,204093
54,GeorgeCGV,79,0.03871,17973,8.80628,204093
55,Jeepgoing,78,0.03822,18051,8.84450,204093
56,derchrismakaio,71,0.03479,18122,8.87929,204093
57,asmk-ot,70,0.03430,18192,8.91358,204093
58,summer20100514,69,0.03381,18261,8.94739,204093
59,koffes,68,0.03332,18329,8.98071,204093
60,sslupsky,68,0.03332,18397,9.01403,204093
61,bbolen,66,0.03234,18463,9.04637,204093
62,BoschSensortec,66,0.03234,18529,9.07870,204093
63,nwsetec,66,0.03234,18595,9.11104,204093
64,evenl,65,0.03185,18660,9.14289,204093
65,martinjaeger,65,0.03185,18725,9.17474,204093
66,explora26,64,0.03136,18789,9.20610,204093
67,cfriedt,63,0.03087,18852,9.23697,204093
68,Blackladder,62,0.03038,18914,9.26734,204093
69,George-Stefan,62,0.03038,18976,9.29772,204093
70,rodrigopex,61,0.02989,19037,9.32761,204093
71,kzyapkov,60,0.02940,19097,9.35701,204093
72,nixward,58,0.02842,19155,9.38543,204093
73,rstoica,58,0.02842,19213,9.41385,204093
74,diytronic,56,0.02744,19269,9.44128,204093
75,maxvankessel,54,0.02646,19323,9.46774,204093
76,ManojSubbarao,52,0.02548,19375,9.49322,204093
77,KAGA164,51,0.02499,19426,9.51821,204093
78,OlegKapshii,51,0.02499,19477,9.54320,204093
79,fbrozovic,50,0.02450,19527,9.56770,204093
80,carlos-stuart,49,0.02401,19576,9.59171,204093
81,hersp,49,0.02401,19625,9.61571,204093
82,barsok,47,0.02303,19672,9.63874,204093
83,ExtremeGTX,47,0.02303,19719,9.66177,204093
84,PhilippFinke,46,0.02254,19765,9.68431,204093
85,LingoMeng,45,0.02205,19810,9.70636,204093
86,takumiando,45,0.02205,19855,9.72841,204093
87,mkainy,44,0.02156,19899,9.74997,204093
88,alexsven,43,0.02107,19942,9.77104,204093
89,hongshui3000,43,0.02107,19985,9.79210,204093
90,kamlaz,42,0.02058,20027,9.81268,204093
91,kimsekkelund,42,0.02058,20069,9.83326,204093
92,sbrown4,42,0.02058,20111,9.85384,204093
93,glima,41,0.02009,20152,9.87393,204093
94,ajpcode,40,0.01960,20192,9.89353,204093
95,iotvietmember,40,0.01960,20232,9.91313,204093
96,junelizh,40,0.01960,20272,9.93273,204093
97,Lloveday,38,0.01862,20310,9.95135,204093
98,jenmwms,37,0.01813,20347,9.96947,204093
99,lanvis,36,0.01764,20383,9.98711,204093
100,LuoZhongYao,35,0.01715,20418,10.00426,204093
101,spring-z,35,0.01715,20453,10.02141,204093
102,karlp,34,0.01666,20487,10.03807,204093
103,LeBlue,34,0.01666,20521,10.05473,204093
104,vikramx2112,34,0.01666,20555,10.07139,204093
105,EvgeniiDidin,33,0.01617,20588,10.08756,204093
106,IRISZZW,33,0.01617,20621,10.10373,204093
107,rljordan,33,0.01617,20654,10.11990,204093
108,rugeGerritsen,33,0.01617,20687,10.13607,204093
109,jcorde,32,0.01568,20719,10.15174,204093
110,Nick0las-kipt,32,0.01568,20751,10.16742,204093
111,zzzh,32,0.01568,20783,10.18310,204093
112,demantmrrv,31,0.01519,20814,10.19829,204093
113,kruithofa,31,0.01519,20845,10.21348,204093
114,raveslave,31,0.01519,20876,10.22867,204093
115,rrahulkx,31,0.01519,20907,10.24386,204093
116,baw-serafin,30,0.01470,20937,10.25856,204093
117,ClumsyApe,30,0.01470,20967,10.27326,204093
118,mfiumara,30,0.01470,20997,10.28796,204093
119,akhileshupadhyay,29,0.01421,21026,10.30217,204093
120,alexeRadu,29,0.01421,21055,10.31638,204093
121,attie-argentum,29,0.01421,21084,10.33058,204093
122,camicarballo,29,0.01421,21113,10.34479,204093
123,nslowell,29,0.01421,21142,10.35900,204093
124,jinyongiot,28,0.01372,21170,10.37272,204093
125,jmgao,28,0.01372,21198,10.38644,204093
126,jtguggedal,28,0.01372,21226,10.40016,204093
127,LeHack,28,0.01372,21254,10.41388,204093
128,lucaspeixotot,28,0.01372,21282,10.42760,204093
129,markusr,28,0.01372,21310,10.44132,204093
130,olofk,28,0.01372,21338,10.45504,204093
131,E3V3A,27,0.01323,21365,10.46827,204093
132,gurucharanx,27,0.01323,21392,10.48150,204093
133,rickconrey,27,0.01323,21419,10.49473,204093
134,kestewart,26,0.01274,21445,10.50746,204093
135,MrPointer,26,0.01274,21471,10.52020,204093
136,sdalu,26,0.01274,21497,10.53294,204093
137,zqad,26,0.01274,21523,10.54568,204093
138,jonasn-ge,25,0.01225,21548,10.55793,204093
139,oleszczyk,25,0.01225,21573,10.57018,204093
140,shphilippe,25,0.01225,21598,10.58243,204093
141,DenvE,24,0.01176,21622,10.59419,204093
142,doanac,24,0.01176,21646,10.60595,204093
143,jpfaff,24,0.01176,21670,10.61771,204093
144,kumarvikash1,24,0.01176,21694,10.62947,204093
145,leodido99,24,0.01176,21718,10.64123,204093
146,matthew-koch,24,0.01176,21742,10.65299,204093
147,nordic-doki,24,0.01176,21766,10.66475,204093
148,Pathak94,24,0.01176,21790,10.67651,204093
149,SteveOss,24,0.01176,21814,10.68826,204093
150,chinli,23,0.01127,21837,10.69953,204093
151,jffernandez,23,0.01127,21860,10.71080,204093
152,MaxAgneni,23,0.01127,21883,10.72207,204093
153,novalisek,23,0.01127,21906,10.73334,204093
154,endian-benjamin,22,0.01078,21928,10.74412,204093
155,KubaFYI,22,0.01078,21950,10.75490,204093
156,oliviermartin,22,0.01078,21972,10.76568,204093
157,rolandma,22,0.01078,21994,10.77646,204093
158,bluetooth-mdw,21,0.01029,22015,10.78675,204093
159,DeclanTraill,21,0.01029,22036,10.79704,204093
160,gpaquet85,21,0.01029,22057,10.80733,204093
161,jpsaman,21,0.01029,22078,10.81762,204093
162,linkmeyer,21,0.01029,22099,10.82791,204093
163,md-jamal,21,0.01029,22120,10.83820,204093
164,mschwan-phytec,21,0.01029,22141,10.84849,204093
165,olsky,21,0.01029,22162,10.85878,204093
166,rishikha,21,0.01029,22183,10.86906,204093
167,torsteingrindvik,21,0.01029,22204,10.87935,204093
168,YuraCobain,21,0.01029,22225,10.88964,204093
169,ivan98ams,20,0.00980,22245,10.89944,204093
170,junqingzou,20,0.00980,22265,10.90924,204093
171,kaidoho,20,0.00980,22285,10.91904,204093
172,karthikprabhu17,20,0.00980,22305,10.92884,204093
173,Likailiu,20,0.00980,22325,10.93864,204093
174,mkarhumaa,20,0.00980,22345,10.94844,204093
175,mrusme,20,0.00980,22365,10.95824,204093
176,vitaly-gaiduk,20,0.00980,22385,10.96804,204093
177,wdhpawa,20,0.00980,22405,10.97784,204093
178,zarnobarintive,20,0.00980,22425,10.98764,204093
179,Abhishek-brcm,19,0.00931,22444,10.99695,204093
180,aunsbjerg,19,0.00931,22463,11.00626,204093
181,dhananjaygj,19,0.00931,22482,11.01557,204093
182,dwildmark,19,0.00931,22501,11.02488,204093
183,GiulianoFranchetto,19,0.00931,22520,11.03419,204093
184,icephyr,19,0.00931,22539,11.04349,204093
185,lbise,19,0.00931,22558,11.05280,204093
186,lodup29,19,0.00931,22577,11.06211,204093
187,Trubochkin,19,0.00931,22596,11.07142,204093
188,walter-xie,19,0.00931,22615,11.08073,204093
189,wjliang,19,0.00931,22634,11.09004,204093
190,adamkondraciuk,18,0.00882,22652,11.09886,204093
191,arthur-proglove,18,0.00882,22670,11.10768,204093
192,bboccoqq,18,0.00882,22688,11.11650,204093
193,GilBenkoe,18,0.00882,22706,11.12532,204093
194,kontais,18,0.00882,22724,11.13414,204093
195,manochavikas,18,0.00882,22742,11.14296,204093
196,pderwin,18,0.00882,22760,11.15178,204093
197,ppryga,18,0.00882,22778,11.16060,204093
198,ashokkumar11,17,0.00833,22795,11.16893,204093
199,creiter32,17,0.00833,22812,11.17726,204093
200,dmazzella,17,0.00833,22829,11.18559,204093
201,Jiurifei,17,0.00833,22846,11.19392,204093
202,lairdjm,17,0.00833,22863,11.20225,204093
203,mnirmaladevi,17,0.00833,22880,11.21058,204093
204,msenOticon,17,0.00833,22897,11.21891,204093
205,mubes,17,0.00833,22914,11.22723,204093
206,n3rd4i,17,0.00833,22931,11.23556,204093
207,nordic-auko,17,0.00833,22948,11.24389,204093
208,xuhao8210,17,0.00833,22965,11.25222,204093
209,bendiscz,16,0.00784,22981,11.26006,204093
210,bran795,16,0.00784,22997,11.26790,204093
211,cristic-devel,16,0.00784,23013,11.27574,204093
212,gustavowd,16,0.00784,23029,11.28358,204093
213,hwilmers,16,0.00784,23045,11.29142,204093
214,jackrosenthal,16,0.00784,23061,11.29926,204093
215,markrages,16,0.00784,23077,11.30710,204093
216,mgielda,16,0.00784,23093,11.31494,204093
217,richardbarlow,16,0.00784,23109,11.32278,204093
218,skordal,16,0.00784,23125,11.33062,204093
219,timork,16,0.00784,23141,11.33846,204093
220,vinny74man,16,0.00784,23157,11.34630,204093
221,weinholtendian,16,0.00784,23173,11.35414,204093
222,asanza,15,0.00735,23188,11.36149,204093
223,balajikulkarni,15,0.00735,23203,11.36884,204093
224,Flo3561,15,0.00735,23218,11.37619,204093
225,jbrzozoski,15,0.00735,23233,11.38354,204093
226,markus-becker-tridonic-com,15,0.00735,23248,11.39089,204093
227,neha0119,15,0.00735,23263,11.39824,204093
228,r2r0,15,0.00735,23278,11.40558,204093
229,rtur0,15,0.00735,23293,11.41293,204093
230,Thea-Aldrich,15,0.00735,23308,11.42028,204093
231,AdrianEggenberger,14,0.00686,23322,11.42714,204093
232,antfobe,14,0.00686,23336,11.43400,204093
233,deviance,14,0.00686,23350,11.44086,204093
234,IvoBCD,14,0.00686,23364,11.44772,204093
235,Josh0027,14,0.00686,23378,11.45458,204093
236,lorepieri8,14,0.00686,23392,11.46144,204093
237,MaciejDebski,14,0.00686,23406,11.46830,204093
238,marc-h38,14,0.00686,23420,11.47516,204093
239,solsbarry,14,0.00686,23434,11.48202,204093
240,vipinanand,14,0.00686,23448,11.48888,204093
241,vslapik,14,0.00686,23462,11.49574,204093
242,a8961713,13,0.00637,23475,11.50211,204093
243,anderspitman,13,0.00637,23488,11.50848,204093
244,AntoineZen,13,0.00637,23501,11.51485,204093
245,arturo182,13,0.00637,23514,11.52122,204093
246,greenhandholman,13,0.00637,23527,11.52759,204093
247,iosifmacesanu,13,0.00637,23540,11.53396,204093
248,kaiser-ren,13,0.00637,23553,11.54033,204093
249,leojrfs,13,0.00637,23566,11.54670,204093
250,NZSmartie,13,0.00637,23579,11.55307,204093
251,rckTom,13,0.00637,23592,11.55944,204093
252,rralf,13,0.00637,23605,11.56581,204093
253,thedjnK,13,0.00637,23618,11.57218,204093
254,akshhr,12,0.00588,23630,11.57806,204093
255,arewhyan,12,0.00588,23642,11.58393,204093
256,boretom,12,0.00588,23654,11.58981,204093
257,codingspirit,12,0.00588,23666,11.59569,204093
258,eyuval,12,0.00588,23678,11.60157,204093
259,fghjhuang,12,0.00588,23690,11.60745,204093
260,IMGJulian,12,0.00588,23702,11.61333,204093
261,IotPanorama,12,0.00588,23714,11.61921,204093
262,ixmeins,12,0.00588,23726,11.62509,204093
263,JordanYates,12,0.00588,23738,11.63097,204093
264,kubiaj,12,0.00588,23750,11.63685,204093
265,liliu-l,12,0.00588,23762,11.64273,204093
266,M1cha,12,0.00588,23774,11.64861,204093
267,mdecandia81,12,0.00588,23786,11.65449,204093
268,metc,12,0.00588,23798,11.66037,204093
269,mlaz,12,0.00588,23810,11.66625,204093
270,m-nilsson,12,0.00588,23822,11.67213,204093
271,mshawcroft,12,0.00588,23834,11.67801,204093
272,ostaebler,12,0.00588,23846,11.68389,204093
273,SergeSmirnov,12,0.00588,23858,11.68977,204093
274,simple2017,12,0.00588,23870,11.69565,204093
275,stephenmasih,12,0.00588,23882,11.70153,204093
276,bandheight,11,0.00539,23893,11.70692,204093
277,boonpin1975,11,0.00539,23904,11.71231,204093
278,chiachuanwu,11,0.00539,23915,11.71770,204093
279,chunshanzhu,11,0.00539,23926,11.72309,204093
280,hwagner66,11,0.00539,23937,11.72848,204093
281,i8080,11,0.00539,23948,11.73387,204093
282,ivakyb,11,0.00539,23959,11.73926,204093
283,jdemar,11,0.00539,23970,11.74465,204093
284,jorisoffouga,11,0.00539,23981,11.75004,204093
285,kipm-ot,11,0.00539,23992,11.75543,204093
286,madlain,11,0.00539,24003,11.76081,204093
287,nathantsoi,11,0.00539,24014,11.76620,204093
288,pieterjanc,11,0.00539,24025,11.77159,204093
289,RonAmihai,11,0.00539,24036,11.77698,204093
290,yerabolu,11,0.00539,24047,11.78237,204093
291,yerpj,11,0.00539,24058,11.78776,204093
292,alextsam,10,0.00490,24068,11.79266,204093
293,AliceMurray,10,0.00490,24078,11.79756,204093
294,artem-hel,10,0.00490,24088,11.80246,204093
295,Blacksilver42,10,0.00490,24098,11.80736,204093
296,brooksprumo,10,0.00490,24108,11.81226,204093
297,ChristofferSchroeder,10,0.00490,24118,11.81716,204093
298,embeddedt,10,0.00490,24128,11.82206,204093
299,GeeseHoward,10,0.00490,24138,11.82696,204093
300,INemesisI,10,0.00490,24148,11.83186,204093
301,jimmy-huang,10,0.00490,24158,11.83676,204093
302,jonpry,10,0.00490,24168,11.84166,204093
303,KillerLink,10,0.00490,24178,11.84656,204093
304,Kludentwo,10,0.00490,24188,11.85146,204093
305,Navin-Sankar,10,0.00490,24198,11.85636,204093
306,ngiriprasad,10,0.00490,24208,11.86126,204093
307,nilsMontenegro,10,0.00490,24218,11.86616,204093
308,parinpatel,10,0.00490,24228,11.87106,204093
309,qq1433255094,10,0.00490,24238,11.87596,204093
310,ramonhpr,10,0.00490,24248,11.88086,204093
311,SIGSTACKFAULT,10,0.00490,24258,11.88576,204093
312,susundberg,10,0.00490,24268,11.89066,204093
313,szundi,10,0.00490,24278,11.89556,204093
314,thomascp,10,0.00490,24288,11.90046,204093
315,XXXXzzzz000,10,0.00490,24298,11.90536,204093
316,zerotri,10,0.00490,24308,11.91026,204093
317,binkboyd,9,0.00441,24317,11.91467,204093
318,Campou,9,0.00441,24326,11.91908,204093
319,charanpv,9,0.00441,24335,11.92349,204093
320,ChristianHirsch,9,0.00441,24344,11.92790,204093
321,cwshu,9,0.00441,24353,11.93231,204093
322,Dolu1990,9,0.00441,24362,11.93672,204093
323,everclear72216,9,0.00441,24371,11.94112,204093
324,evil-scientist,9,0.00441,24380,11.94553,204093
325,frasa,9,0.00441,24389,11.94994,204093
326,GSlzr,9,0.00441,24398,11.95435,204093
327,Hobbs1210,9,0.00441,24407,11.95876,204093
328,jeremy-e-mills,9,0.00441,24416,11.96317,204093
329,Jxudong,9,0.00441,24425,11.96758,204093
330,leodesigner,9,0.00441,24434,11.97199,204093
331,markushx,9,0.00441,24443,11.97640,204093
332,markvels,9,0.00441,24452,11.98081,204093
333,mattzzw,9,0.00441,24461,11.98522,204093
334,psarvesh,9,0.00441,24470,11.98963,204093
335,RandomReaper,9,0.00441,24479,11.99404,204093
336,SharanIoT,9,0.00441,24488,11.99845,204093
337,swetha-paladugu-oyo,9,0.00441,24497,12.00286,204093
338,szymonnnm,9,0.00441,24506,12.00727,204093
339,thomas-ot,9,0.00441,24515,12.01168,204093
340,akreft,8,0.00392,24523,12.01560,204093
341,alext-mkrs,8,0.00392,24531,12.01952,204093
342,aolowin,8,0.00392,24539,12.02344,204093
343,BOZHENG001,8,0.00392,24547,12.02736,204093
344,changkong5,8,0.00392,24555,12.03128,204093
345,fadhel086,8,0.00392,24563,12.03520,204093
346,forGGe,8,0.00392,24571,12.03912,204093
347,HorseMa,8,0.00392,24579,12.04304,204093
348,isundaylee,8,0.00392,24587,12.04696,204093
349,JonathanWoodward,8,0.00392,24595,12.05088,204093
350,kkc0505,8,0.00392,24603,12.05480,204093
351,Lowentwickler,8,0.00392,24611,12.05872,204093
352,lpasteau,8,0.00392,24619,12.06264,204093
353,mas-co,8,0.00392,24627,12.06656,204093
354,myrdyr,8,0.00392,24635,12.07048,204093
355,paulbendixen,8,0.00392,24643,12.07440,204093
356,salerio-gs,8,0.00392,24651,12.07832,204093
357,sdrsdr,8,0.00392,24659,12.08224,204093
358,tbistm,8,0.00392,24667,12.08616,204093
359,thomasthep,8,0.00392,24675,12.09008,204093
360,tims-ot,8,0.00392,24683,12.09400,204093
361,ubicore,8,0.00392,24691,12.09792,204093
362,webhive,8,0.00392,24699,12.10184,204093
363,zhang-wenchao,8,0.00392,24707,12.10576,204093
364,abmurad,7,0.00343,24714,12.10919,204093
365,activebug202,7,0.00343,24721,12.11262,204093
366,alexanderendian,7,0.00343,24728,12.11605,204093
367,arn-soft,7,0.00343,24735,12.11947,204093
368,bengartner,7,0.00343,24742,12.12290,204093
369,bixivs,7,0.00343,24749,12.12633,204093
370,cialdi,7,0.00343,24756,12.12976,204093
371,david-foo,7,0.00343,24763,12.13319,204093
372,Deliver88,7,0.00343,24770,12.13662,204093
373,EddLeon,7,0.00343,24777,12.14005,204093
374,erkki,7,0.00343,24784,12.14348,204093
375,gofortime,7,0.00343,24791,12.14691,204093
376,grandcat,7,0.00343,24798,12.15034,204093
377,GregBurns,7,0.00343,24805,12.15377,204093
378,grochu,7,0.00343,24812,12.15720,204093
379,jhn-nordic,7,0.00343,24819,12.16063,204093
380,jshoen,7,0.00343,24826,12.16406,204093
381,jwknaup,7,0.00343,24833,12.16749,204093
382,kristiankajak,7,0.00343,24840,12.17092,204093
383,lucastanure,7,0.00343,24847,12.17435,204093
384,Matt90o,7,0.00343,24854,12.17778,204093
385,maz3max,7,0.00343,24861,12.18121,204093
386,mazhenke,7,0.00343,24868,12.18464,204093
387,minosgalanakis,7,0.00343,24875,12.18807,204093
388,nguyen-phuoc-dai,7,0.00343,24882,12.19150,204093
389,nocko,7,0.00343,24889,12.19493,204093
390,om2pkral,7,0.00343,24896,12.19836,204093
391,pfvogel,7,0.00343,24903,12.20179,204093
392,priyankaNXP,7,0.00343,24910,12.20522,204093
393,rajputh54,7,0.00343,24917,12.20865,204093
394,rakeshcx,7,0.00343,24924,12.21208,204093
395,sathishscripts,7,0.00343,24931,12.21551,204093
396,sdiie,7,0.00343,24938,12.21894,204093
397,shikshap12,7,0.00343,24945,12.22237,204093
398,tanreb1,7,0.00343,24952,12.22580,204093
399,taschenb,7,0.00343,24959,12.22923,204093
400,timbz,7,0.00343,24966,12.23266,204093
401,tom-van,7,0.00343,24973,12.23609,204093
402,traavnik,7,0.00343,24980,12.23952,204093
403,TTJO,7,0.00343,24987,12.24295,204093
404,wenhuizhang,7,0.00343,24994,12.24638,204093
405,xianrenqiu,7,0.00343,25001,12.24981,204093
406,zl3one6,7,0.00343,25008,12.25324,204093
407,AhmedHussein751,6,0.00294,25014,12.25618,204093
408,alemoppo,6,0.00294,25020,12.25912,204093
409,andyaoe,6,0.00294,25026,12.26206,204093
410,caizelin,6,0.00294,25032,12.26500,204093
411,chenguokai,6,0.00294,25038,12.26794,204093
412,cpdesign,6,0.00294,25044,12.27088,204093
413,davidmaitland,6,0.00294,25050,12.27382,204093
414,dferbas,6,0.00294,25056,12.27676,204093
415,eibe85,6,0.00294,25062,12.27970,204093
416,embest-tech,6,0.00294,25068,12.28264,204093
417,galenseitz,6,0.00294,25074,12.28558,204093
418,gfnord,6,0.00294,25080,12.28852,204093
419,ggk4u,6,0.00294,25086,12.29146,204093
420,kenchris,6,0.00294,25092,12.29440,204093
421,kiranpachava,6,0.00294,25098,12.29734,204093
422,lawrencek52,6,0.00294,25104,12.30027,204093
423,madandylau,6,0.00294,25110,12.30321,204093
424,meuter,6,0.00294,25116,12.30615,204093
425,micheljung,6,0.00294,25122,12.30909,204093
426,mpdas108,6,0.00294,25128,12.31203,204093
427,nagineni,6,0.00294,25134,12.31497,204093
428,no1wudi,6,0.00294,25140,12.31791,204093
429,noahp,6,0.00294,25146,12.32085,204093
430,pirast,6,0.00294,25152,12.32379,204093
431,pnndra,6,0.00294,25158,12.32673,204093
432,pollend,6,0.00294,25164,12.32967,204093
433,pskhansen,6,0.00294,25170,12.33261,204093
434,Rallare,6,0.00294,25176,12.33555,204093
435,retfie,6,0.00294,25182,12.33849,204093
436,robbawebba,6,0.00294,25188,12.34143,204093
437,rokobert,6,0.00294,25194,12.34437,204093
438,scttnlsn,6,0.00294,25200,12.34731,204093
439,SebastianStumm,6,0.00294,25206,12.35025,204093
440,sijohans,6,0.00294,25212,12.35319,204093
441,spieth,6,0.00294,25218,12.35613,204093
442,stepheny,6,0.00294,25224,12.35907,204093
443,Teng-Shih-Wei,6,0.00294,25230,12.36201,204093
444,VinceGa,6,0.00294,25236,12.36495,204093
445,yhvh,6,0.00294,25242,12.36789,204093
446,yingmingx,6,0.00294,25248,12.37083,204093
447,yzhou79,6,0.00294,25254,12.37377,204093
448,AJGherardi,5,0.00245,25259,12.37622,204093
449,Akirakato1,5,0.00245,25264,12.37867,204093
450,Allegra42,5,0.00245,25269,12.38112,204093
451,apapkovskiy,5,0.00245,25274,12.38357,204093
452,Aukstkalnis,5,0.00245,25279,12.38602,204093
453,bearsh,5,0.00245,25284,12.38847,204093
454,cgohlke,5,0.00245,25289,12.39092,204093
455,Craigzyc,5,0.00245,25294,12.39337,204093
456,davidzuhn,5,0.00245,25299,12.39582,204093
457,doki-nordic,5,0.00245,25304,12.39827,204093
458,ErekoseTCE,5,0.00245,25309,12.40072,204093
459,f7488405,5,0.00245,25314,12.40317,204093
460,faisalSaleemSetec,5,0.00245,25319,12.40562,204093
461,giellamoswhard,5,0.00245,25324,12.40807,204093
462,hackaugusto,5,0.00245,25329,12.41052,204093
463,Harishsam07,5,0.00245,25334,12.41297,204093
464,heri-developer,5,0.00245,25339,12.41542,204093
465,Intel-sp,5,0.00245,25344,12.41787,204093
466,jiapei100,5,0.00245,25349,12.42032,204093
467,jim17,5,0.00245,25354,12.42277,204093
468,jrth,5,0.00245,25359,12.42522,204093
469,jsiloto,5,0.00245,25364,12.42767,204093
470,JuricaResetar,5,0.00245,25369,12.43012,204093
471,kaiofking,5,0.00245,25374,12.43257,204093
472,lgirdwood,5,0.00245,25379,12.43502,204093
473,MarcianoPreciado,5,0.00245,25384,12.43747,204093
474,marcoster,5,0.00245,25389,12.43992,204093
475,martanav,5,0.00245,25394,12.44237,204093
476,maweicoltsmart,5,0.00245,25399,12.44482,204093
477,mron,5,0.00245,25404,12.44727,204093
478,oska874,5,0.00245,25409,12.44972,204093
479,oxymoron87,5,0.00245,25414,12.45217,204093
480,pbn4,5,0.00245,25419,12.45462,204093
481,rhssk,5,0.00245,25424,12.45707,204093
482,satyanraj,5,0.00245,25429,12.45952,204093
483,scpf19,5,0.00245,25434,12.46197,204093
484,skelliam,5,0.00245,25439,12.46442,204093
485,slavaza,5,0.00245,25444,12.46687,204093
486,sofu1,5,0.00245,25449,12.46932,204093
487,spoerk,5,0.00245,25454,12.47177,204093
488,temonuv,5,0.00245,25459,12.47422,204093
489,Tenderson,5,0.00245,25464,12.47667,204093
490,tugstugi,5,0.00245,25469,12.47911,204093
491,ValentiWorkLearning,5,0.00245,25474,12.48156,204093
492,vestom,5,0.00245,25479,12.48401,204093
493,vladoatanasov,5,0.00245,25484,12.48646,204093
494,wangnuannuan,5,0.00245,25489,12.48891,204093
495,wayen30,5,0.00245,25494,12.49136,204093
496,wgy0831,5,0.00245,25499,12.49381,204093
497,wimvanloocke,5,0.00245,25504,12.49626,204093
498,xasc,5,0.00245,25509,12.49871,204093
499,xoduddk123,5,0.00245,25514,12.50116,204093
500,1am,4,0.00196,25518,12.50312,204093
501,a46554,4,0.00196,25522,12.50508,204093
502,acsplayon,4,0.00196,25526,12.50704,204093
503,akansal1,4,0.00196,25530,12.50900,204093
504,bryan-hunt,4,0.00196,25534,12.51096,204093
505,chaos4284,4,0.00196,25538,12.51292,204093
506,chase-qi,4,0.00196,25542,12.51488,204093
507,chrislynn,4,0.00196,25546,12.51684,204093
508,ciminaghi,4,0.00196,25550,12.51880,204093
509,cobbler123,4,0.00196,25554,12.52076,204093
510,conq,4,0.00196,25558,12.52272,204093
511,darwinbeing,4,0.00196,25562,12.52468,204093
512,DavidLin1577,4,0.00196,25566,12.52664,204093
513,dima331453,4,0.00196,25570,12.52860,204093
514,drahnr,4,0.00196,25574,12.53056,204093
515,drewmlsuvo,4,0.00196,25578,12.53252,204093
516,evantaylor,4,0.00196,25582,12.53448,204093
517,guo-mkcooc,4,0.00196,25586,12.53644,204093
518,HelloOumiga,4,0.00196,25590,12.53840,204093
519,hirios,4,0.00196,25594,12.54036,204093
520,howardliu7874,4,0.00196,25598,12.54232,204093
521,iod,4,0.00196,25602,12.54428,204093
522,jansturm92,4,0.00196,25606,12.54624,204093
523,jcyrax,4,0.00196,25610,12.54820,204093
524,jeff-setec,4,0.00196,25614,12.55016,204093
525,jimschm,4,0.00196,25618,12.55212,204093
526,jinxdnatong,4,0.00196,25622,12.55408,204093
527,jmbrederveld,4,0.00196,25626,12.55604,204093
528,JPWKU,4,0.00196,25630,12.55800,204093
529,jsplyy,4,0.00196,25634,12.55996,204093
530,kklimek,4,0.00196,25638,12.56192,204093
531,leapslabs,4,0.00196,25642,12.56388,204093
532,likeaferrari,4,0.00196,25646,12.56584,204093
533,lloydsargent42,4,0.00196,25650,12.56780,204093
534,luigiluz,4,0.00196,25654,12.56976,204093
535,majava3000,4,0.00196,25658,12.57172,204093
536,Marco-Peter,4,0.00196,25662,12.57368,204093
537,martiles,4,0.00196,25666,12.57564,204093
538,michiwend,4,0.00196,25670,12.57760,204093
539,Mras2an,4,0.00196,25674,12.57956,204093
540,nanjunneo,4,0.00196,25678,12.58152,204093
541,nhauyeneducation,4,0.00196,25682,12.58348,204093
542,nika-nordic,4,0.00196,25686,12.58544,204093
543,oxalistriangularis,4,0.00196,25690,12.58740,204093
544,panmasuo,4,0.00196,25694,12.58936,204093
545,paoloteti,4,0.00196,25698,12.59132,204093
546,pgielda,4,0.00196,25702,12.59328,204093
547,phaethon,4,0.00196,25706,12.59524,204093
548,postlund,4,0.00196,25710,12.59720,204093
549,ranbochen,4,0.00196,25714,12.59916,204093
550,skylayer,4,0.00196,25718,12.60112,204093
551,smwikipedia,4,0.00196,25722,12.60308,204093
552,stuartly,4,0.00196,25726,12.60504,204093
553,SuperPrower,4,0.00196,25730,12.60700,204093
554,thomafred,4,0.00196,25734,12.60896,204093
555,twowinter,4,0.00196,25738,12.61092,204093
556,tylerwhall,4,0.00196,25742,12.61288,204093
557,vikramuk,4,0.00196,25746,12.61484,204093
558,walzert,4,0.00196,25750,12.61680,204093
559,windsorschmidt,4,0.00196,25754,12.61876,204093
560,wlgrd,4,0.00196,25758,12.62072,204093
561,Xenoamor,4,0.00196,25762,12.62268,204093
562,xiongyihui,4,0.00196,25766,12.62464,204093
563,Zarkopafilis,4,0.00196,25770,12.62660,204093
564,aborany,3,0.00147,25773,12.62807,204093
565,AdamMooers,3,0.00147,25776,12.62954,204093
566,admorgan,3,0.00147,25779,12.63101,204093
567,adrianalin,3,0.00147,25782,12.63248,204093
568,Andreasdahlberg,3,0.00147,25785,12.63395,204093
569,andy0808,3,0.00147,25788,12.63542,204093
570,andynnd,3,0.00147,25791,12.63689,204093
571,ArjunWarty,3,0.00147,25794,12.63836,204093
572,ArtifixPrime,3,0.00147,25797,12.63983,204093
573,asmakhalil,3,0.00147,25800,12.64130,204093
574,balainelectronics,3,0.00147,25803,12.64277,204093
575,bcdonovan,3,0.00147,25806,12.64424,204093
576,bdrlamb,3,0.00147,25809,12.64571,204093
577,BertoldVdb-byteflies,3,0.00147,25812,12.64718,204093
578,bokenator,3,0.00147,25815,12.64865,204093
579,BoKragelund,3,0.00147,25818,12.65012,204093
580,braiden,3,0.00147,25821,12.65159,204093
581,brouhaha,3,0.00147,25824,12.65306,204093
582,bwasim,3,0.00147,25827,12.65453,204093
583,bzd2132,3,0.00147,25830,12.65600,204093
584,chsc,3,0.00147,25833,12.65746,204093
585,daniel-james-sherwood,3,0.00147,25836,12.65893,204093
586,deadpoolcode1,3,0.00147,25839,12.66040,204093
587,DrPresident,3,0.00147,25842,12.66187,204093
588,dwj-scut,3,0.00147,25845,12.66334,204093
589,dwld,3,0.00147,25848,12.66481,204093
590,egcd32,3,0.00147,25851,12.66628,204093
591,ejpark0618,3,0.00147,25854,12.66775,204093
592,elsonwei,3,0.00147,25857,12.66922,204093
593,endianjesper,3,0.00147,25860,12.67069,204093
594,enjoy-digital,3,0.00147,25863,12.67216,204093
595,erik-johnson-nimbelink,3,0.00147,25866,12.67363,204093
596,flit,3,0.00147,25869,12.67510,204093
597,florinleotescu,3,0.00147,25872,12.67657,204093
598,gaoethan,3,0.00147,25875,12.67804,204093
599,glenne,3,0.00147,25878,12.67951,204093
600,gmarull,3,0.00147,25881,12.68098,204093
601,godunkchen,3,0.00147,25884,12.68245,204093
602,gyboy,3,0.00147,25887,12.68392,204093
603,hadrienk,3,0.00147,25890,12.68539,204093
604,happymili,3,0.00147,25893,12.68686,204093
605,Hawk777,3,0.00147,25896,12.68833,204093
606,hegrecom,3,0.00147,25899,12.68980,204093
607,inakimalerba,3,0.00147,25902,12.69127,204093
608,iocainst,3,0.00147,25905,12.69274,204093
609,jbroxson-fbrl,3,0.00147,25908,12.69421,204093
610,jeevaknd,3,0.00147,25911,12.69568,204093
611,jensschroer,3,0.00147,25914,12.69715,204093
612,jjmilburn,3,0.00147,25917,12.69862,204093
613,jkiepert,3,0.00147,25920,12.70009,204093
614,joakimtoe,3,0.00147,25923,12.70156,204093
615,JonasNorling,3,0.00147,25926,12.70303,204093
616,JordanMajd,3,0.00147,25929,12.70450,204093
617,jorgenmk,3,0.00147,25932,12.70597,204093
618,jremmert-phytec-iot,3,0.00147,25935,12.70744,204093
619,kFYatek,3,0.00147,25938,12.70891,204093
620,KimBP,3,0.00147,25941,12.71038,204093
621,KoljaV,3,0.00147,25944,12.71185,204093
622,kowalewskijan,3,0.00147,25947,12.71332,204093
623,kqian0327,3,0.00147,25950,12.71479,204093
624,krisik70,3,0.00147,25953,12.71626,204093
625,kristoftjonck,3,0.00147,25956,12.71773,204093
626,lemin9538,3,0.00147,25959,12.71920,204093
627,Lindenk,3,0.00147,25962,12.72067,204093
628,M1ras,3,0.00147,25965,12.72214,204093
629,madandyliu,3,0.00147,25968,12.72361,204093
630,magnev,3,0.00147,25971,12.72508,204093
631,MarekNovakNXP,3,0.00147,25974,12.72655,204093
632,mbodmer,3,0.00147,25977,12.72802,204093
633,Mhrooczny,3,0.00147,25980,12.72949,204093
634,mhudec1,3,0.00147,25983,12.73096,204093
635,moringe,3,0.00147,25986,12.73243,204093
636,moto-timo,3,0.00147,25989,12.73390,204093
637,msink,3,0.00147,25992,12.73537,204093
638,nazeer22,3,0.00147,25995,12.73684,204093
639,nelsongribeiro,3,0.00147,25998,12.73831,204093
640,nicber,3,0.00147,26001,12.73978,204093
641,nnayakx,3,0.00147,26004,12.74125,204093
642,ochipara,3,0.00147,26007,12.74272,204093
643,ollenorelius,3,0.00147,26010,12.74419,204093
644,ompinion,3,0.00147,26013,12.74566,204093
645,pankaj18,3,0.00147,26016,12.74713,204093
646,PavelVPV,3,0.00147,26019,12.74860,204093
647,PeijieLi,3,0.00147,26022,12.75007,204093
648,PetervdPerk-NXP,3,0.00147,26025,12.75154,204093
649,pkaranjekar,3,0.00147,26028,12.75301,204093
650,qiutongs,3,0.00147,26031,12.75448,204093
651,quetzai,3,0.00147,26034,12.75595,204093
652,radocaj,3,0.00147,26037,12.75742,204093
653,rafacouto,3,0.00147,26040,12.75889,204093
654,ravindranaththiyagarajan,3,0.00147,26043,12.76036,204093
655,robstev0,3,0.00147,26046,12.76183,204093
656,sectyler,3,0.00147,26049,12.76330,204093
657,sigurdnev,3,0.00147,26052,12.76477,204093
658,skny-prevas,3,0.00147,26055,12.76624,204093
659,somemetricprefix,3,0.00147,26058,12.76771,204093
660,stevebrowndotco,3,0.00147,26061,12.76918,204093
661,swapkada,3,0.00147,26064,12.77065,204093
662,tangzhq,3,0.00147,26067,12.77212,204093
663,tgwaste,3,0.00147,26070,12.77359,204093
664,theBASTI0N,3,0.00147,26073,12.77506,204093
665,tlongeri,3,0.00147,26076,12.77653,204093
666,tluio,3,0.00147,26079,12.77800,204093
667,tracernz,3,0.00147,26082,12.77947,204093
668,turboj,3,0.00147,26085,12.78094,204093
669,vsaw,3,0.00147,26088,12.78241,204093
670,watershade,3,0.00147,26091,12.78388,204093
671,wiminordic,3,0.00147,26094,12.78535,204093
672,xiongyu0523,3,0.00147,26097,12.78682,204093
673,xnlcasad,3,0.00147,26100,12.78829,204093
674,xusiwei,3,0.00147,26103,12.78976,204093
675,xwang98,3,0.00147,26106,12.79123,204093
676,yaomon,3,0.00147,26109,12.79270,204093
677,zfviwx,3,0.00147,26112,12.79417,204093
678,ZhenfeiWu,3,0.00147,26115,12.79564,204093
679,zigarrre,3,0.00147,26118,12.79711,204093
680,13824125580,2,0.00098,26120,12.79809,204093
681,15658150157,2,0.00098,26122,12.79907,204093
682,abbcdfin,2,0.00098,26124,12.80005,204093
683,abing1991,2,0.00098,26126,12.80103,204093
684,acihy,2,0.00098,26128,12.80201,204093
685,alenxyz,2,0.00098,26130,12.80299,204093
686,alexeicolin,2,0.00098,26132,12.80397,204093
687,AlvinoL,2,0.00098,26134,12.80495,204093
688,AndreasKoelbl,2,0.00098,26136,12.80593,204093
689,aqua-developer,2,0.00098,26138,12.80691,204093
690,arjunak234,2,0.00098,26140,12.80789,204093
691,ashaannajoy,2,0.00098,26142,12.80887,204093
692,atKeitaroTakahashi,2,0.00098,26144,12.80985,204093
693,attdona,2,0.00098,26146,12.81083,204093
694,AurelienV-ProGlove,2,0.00098,26148,12.81181,204093
695,bencorrado,2,0.00098,26150,12.81279,204093
696,benolayinka,2,0.00098,26152,12.81377,204093
697,beriberikix,2,0.00098,26154,12.81475,204093
698,bjda,2,0.00098,26156,12.81573,204093
699,Boilerplate4u,2,0.00098,26158,12.81671,204093
700,cedricbois,2,0.00098,26160,12.81769,204093
701,ChaserTlss,2,0.00098,26162,12.81867,204093
702,chrisc11,2,0.00098,26164,12.81965,204093
703,CliffsDover,2,0.00098,26166,12.82063,204093
704,cm0x4D,2,0.00098,26168,12.82161,204093
705,Corvustar,2,0.00098,26170,12.82259,204093
706,dallonby,2,0.00098,26172,12.82357,204093
707,danielhrisca,2,0.00098,26174,12.82455,204093
708,DC11011100,2,0.00098,26176,12.82553,204093
709,deadsy,2,0.00098,26178,12.82651,204093
710,deepcube,2,0.00098,26180,12.82749,204093
711,deepikasl,2,0.00098,26182,12.82847,204093
712,denwild,2,0.00098,26184,12.82945,204093
713,dhavalpanchalispl,2,0.00098,26186,12.83043,204093
714,dhnam,2,0.00098,26188,12.83141,204093
715,DHortelano,2,0.00098,26190,12.83239,204093
716,didi110296,2,0.00098,26192,12.83337,204093
717,diegoherranz,2,0.00098,26194,12.83435,204093
718,doceme,2,0.00098,26196,12.83533,204093
719,dominikrekawek,2,0.00098,26198,12.83631,204093
720,eabase,2,0.00098,26200,12.83728,204093
721,eisbaw,2,0.00098,26202,12.83826,204093
722,ejohnso49,2,0.00098,26204,12.83924,204093
723,emvalon,2,0.00098,26206,12.84022,204093
724,ffranchina,2,0.00098,26208,12.84120,204093
725,flaviops,2,0.00098,26210,12.84218,204093
726,FlorianFouillet,2,0.00098,26212,12.84316,204093
727,fluentart,2,0.00098,26214,12.84414,204093
728,FrankGorgenyi,2,0.00098,26216,12.84512,204093
729,GerlichM,2,0.00098,26218,12.84610,204093
730,hallo-alex,2,0.00098,26220,12.84708,204093
731,hberntsen,2,0.00098,26222,12.84806,204093
732,HesselM,2,0.00098,26224,12.84904,204093
733,heypiotr,2,0.00098,26226,12.85002,204093
734,hgijeon,2,0.00098,26228,12.85100,204093
735,ilanbiala,2,0.00098,26230,12.85198,204093
736,INTENDRO,2,0.00098,26232,12.85296,204093
737,ivankravets,2,0.00098,26234,12.85394,204093
738,JasonWangSE,2,0.00098,26236,12.85492,204093
739,jdascenzio,2,0.00098,26238,12.85590,204093
740,jim-wilson,2,0.00098,26240,12.85688,204093
741,jkdhn,2,0.00098,26242,12.85786,204093
742,Jocelyn-Li,2,0.00098,26244,12.85884,204093
743,JohnKing1986,2,0.00098,26246,12.85982,204093
744,jrananth1032,2,0.00098,26248,12.86080,204093
745,jskarzynski,2,0.00098,26250,12.86178,204093
746,jukka,2,0.00098,26252,12.86276,204093
747,JusbeR,2,0.00098,26254,12.86374,204093
748,KimBoendergaard,2,0.00098,26256,12.86472,204093
749,linus-te,2,0.00098,26258,12.86570,204093
750,lktc420,2,0.00098,26260,12.86668,204093
751,longcongduoi,2,0.00098,26262,12.86766,204093
752,maciejjo,2,0.00098,26264,12.86864,204093
753,MarcDorner,2,0.00098,26266,12.86962,204093
754,marvensilabs,2,0.00098,26268,12.87060,204093
755,maxschuh,2,0.00098,26270,12.87158,204093
756,mayankpatel17,2,0.00098,26272,12.87256,204093
757,melvinvermeeren,2,0.00098,26274,12.87354,204093
758,mgti,2,0.00098,26276,12.87452,204093
759,MitterdorferMathias,2,0.00098,26278,12.87550,204093
760,mjlinkme,2,0.00098,26280,12.87648,204093
761,mlennig,2,0.00098,26282,12.87746,204093
762,motet,2,0.00098,26284,12.87844,204093
763,Mucka,2,0.00098,26286,12.87942,204093
764,nashifzephyr,2,0.00098,26288,12.88040,204093
765,nathanLoretan,2,0.00098,26290,12.88138,204093
766,nattgris,2,0.00098,26292,12.88236,204093
767,NXP-Jeanina-Dragusin,2,0.00098,26294,12.88334,204093
768,Odjek,2,0.00098,26296,12.88432,204093
769,ozanoner,2,0.00098,26298,12.88530,204093
770,parmentj,2,0.00098,26300,12.88628,204093
771,paultjepils1999,2,0.00098,26302,12.88726,204093
772,pengguiyong,2,0.00098,26304,12.88824,204093
773,PeterFromSweden,2,0.00098,26306,12.88922,204093
774,peterliu,2,0.00098,26308,12.89020,204093
775,PetrLukas,2,0.00098,26310,12.89118,204093
776,PetrLukasNXP,2,0.00098,26312,12.89216,204093
777,philips77,2,0.00098,26314,12.89314,204093
778,PingiliV,2,0.00098,26316,12.89412,204093
779,plmorale,2,0.00098,26318,12.89510,204093
780,pmishr16,2,0.00098,26320,12.89608,204093
781,prasannakarthik,2,0.00098,26322,12.89706,204093
782,Puckid,2,0.00098,26324,12.89804,204093
783,radfanSC,2,0.00098,26326,12.89902,204093
784,rahul30694,2,0.00098,26328,12.90000,204093
785,rajdomma,2,0.00098,26330,12.90098,204093
786,RamiroOliveira,2,0.00098,26332,12.90196,204093
787,rlendenmann,2,0.00098,26334,12.90294,204093
788,roetzer,2,0.00098,26336,12.90392,204093
789,rossburton,2,0.00098,26338,12.90490,204093
790,rw1nkler,2,0.00098,26340,12.90588,204093
791,sam131208,2,0.00098,26342,12.90686,204093
792,SAMSUNG2016,2,0.00098,26344,12.90784,204093
793,scott-eddy,2,0.00098,26346,12.90882,204093
794,seanmlyons22,2,0.00098,26348,12.90980,204093
795,sgoggins,2,0.00098,26350,12.91078,204093
796,shlomow,2,0.00098,26352,12.91176,204093
797,shrivara,2,0.00098,26354,12.91274,204093
798,shukla-ashish-92,2,0.00098,26356,12.91372,204093
799,shuoo,2,0.00098,26358,12.91470,204093
800,simonmarti,2,0.00098,26360,12.91568,204093
801,sixoctets,2,0.00098,26362,12.91666,204093
802,str4t0m,2,0.00098,26364,12.91764,204093
803,sunkyl,2,0.00098,26366,12.91862,204093
804,szawasky,2,0.00098,26368,12.91960,204093
805,terriko,2,0.00098,26370,12.92058,204093
806,thanhhaiittalk,2,0.00098,26372,12.92156,204093
807,thautwarm,2,0.00098,26374,12.92254,204093
808,theHurc,2,0.00098,26376,12.92352,204093
809,thomas-fossati,2,0.00098,26378,12.92450,204093
810,tidamm,2,0.00098,26380,12.92548,204093
811,tidyjiang8,2,0.00098,26382,12.92646,204093
812,tim-nordell-nimbelink,2,0.00098,26384,12.92744,204093
813,tmauron,2,0.00098,26386,12.92842,204093
814,tprimini,2,0.00098,26388,12.92940,204093
815,vervaekejonathan,2,0.00098,26390,12.93038,204093
816,virgil-nxp,2,0.00098,26392,12.93136,204093
817,vkchettimada,2,0.00098,26394,12.93234,204093
818,wanhao2015,2,0.00098,26396,12.93332,204093
819,wenyongh,2,0.00098,26398,12.93430,204093
820,wojciechowskidawid,2,0.00098,26400,12.93528,204093
821,xennex22,2,0.00098,26402,12.93626,204093
822,yoongsiang109,2,0.00098,26404,12.93724,204093
823,zhxianbin,2,0.00098,26406,12.93822,204093
824,0xflotus,1,0.00049,26407,12.93871,204093
825,54markov,1,0.00049,26408,12.93920,204093
826,aaronhshi,1,0.00049,26409,12.93969,204093
827,able-eldhose-oyo,1,0.00049,26410,12.94018,204093
828,abxy,1,0.00049,26411,12.94067,204093
829,adamfeuer,1,0.00049,26412,12.94116,204093
830,AdamSzewczyk-Sigma,1,0.00049,26413,12.94165,204093
831,adilen,1,0.00049,26414,12.94214,204093
832,ahmukunda,1,0.00049,26415,12.94263,204093
833,al3x-huang,1,0.00049,26416,12.94312,204093
834,Almog2610,1,0.00049,26417,12.94361,204093
835,amitrajrd,1,0.00049,26418,12.94410,204093
836,anddam,1,0.00049,26419,12.94459,204093
837,andrian7,1,0.00049,26420,12.94508,204093
838,apurbochakrabarty1,1,0.00049,26421,12.94557,204093
839,arnaudgelas,1,0.00049,26422,12.94606,204093
840,arturorosete0,1,0.00049,26423,12.94655,204093
841,AsgeirSH,1,0.00049,26424,12.94704,204093
842,ataffanel,1,0.00049,26425,12.94753,204093
843,atthecodeface,1,0.00049,26426,12.94802,204093
844,auschel,1,0.00049,26427,12.94851,204093
845,AutomatedBrewing,1,0.00049,26428,12.94900,204093
846,ayworld,1,0.00049,26429,12.94949,204093
847,azeemshatp,1,0.00049,26430,12.94998,204093
848,BOBRAPHTONE,1,0.00049,26431,12.95047,204093
849,bogdanm,1,0.00049,26432,12.95096,204093
850,bpiepiora,1,0.00049,26433,12.95145,204093
851,brunomb91,1,0.00049,26434,12.95194,204093
852,bsphere,1,0.00049,26435,12.95243,204093
853,bu5hm4nn,1,0.00049,26436,12.95292,204093
854,bus710,1,0.00049,26437,12.95341,204093
855,caomufei,1,0.00049,26438,12.95390,204093
856,caozilong,1,0.00049,26439,12.95439,204093
857,captcha1,1,0.00049,26440,12.95488,204093
858,cerealkill,1,0.00049,26441,12.95537,204093
859,cforbes31,1,0.00049,26442,12.95586,204093
860,cfriedt-friedtco,1,0.00049,26443,12.95635,204093
861,chan0415,1,0.00049,26444,12.95684,204093
862,charithawee,1,0.00049,26445,12.95733,204093
863,chrisstjohn,1,0.00049,26446,12.95782,204093
864,chulbumi,1,0.00049,26447,12.95831,204093
865,CiaranWoodward,1,0.00049,26448,12.95880,204093
866,cito-lito,1,0.00049,26449,12.95929,204093
867,craviee,1,0.00049,26450,12.95978,204093
868,cszawisza,1,0.00049,26451,12.96027,204093
869,danieleggert,1,0.00049,26452,12.96076,204093
870,danielwidmann,1,0.00049,26453,12.96125,204093
871,darkopetrovic,1,0.00049,26454,12.96174,204093
872,david-drinn,1,0.00049,26455,12.96223,204093
873,david-perez,1,0.00049,26456,12.96272,204093
874,davidungio,1,0.00049,26457,12.96321,204093
875,dewalddebruyn,1,0.00049,26458,12.96370,204093
876,dhalbert,1,0.00049,26459,12.96419,204093
877,divyanshbhowmick,1,0.00049,26460,12.96468,204093
878,drv3007,1,0.00049,26461,12.96517,204093
879,dsfgdsfgsdfgdfgdf,1,0.00049,26462,12.96566,204093
880,dstroe2000,1,0.00049,26463,12.96615,204093
881,dykon,1,0.00049,26464,12.96664,204093
882,efra-mx,1,0.00049,26465,12.96713,204093
883,Emil-Gydesen-Bose,1,0.00049,26466,12.96762,204093
884,endofexclusive,1,0.00049,26467,12.96811,204093
885,erdustiggen,1,0.00049,26468,12.96860,204093
886,e-rk,1,0.00049,26469,12.96909,204093
887,Eystorhaf,1,0.00049,26470,12.96958,204093
888,fake991,1,0.00049,26471,12.97007,204093
889,fathomtreelimited,1,0.00049,26472,12.97056,204093
890,firmwareguru,1,0.00049,26473,12.97105,204093
891,fmoor,1,0.00049,26474,12.97154,204093
892,frkv,1,0.00049,26475,12.97203,204093
893,FWeissenb,1,0.00049,26476,12.97252,204093
894,Gagamama,1,0.00049,26477,12.97301,204093
895,galazari,1,0.00049,26478,12.97350,204093
896,gera-k,1,0.00049,26479,12.97399,204093
897,gokcedilek,1,0.00049,26480,12.97448,204093
898,gordonklaus,1,0.00049,26481,12.97497,204093
899,grapygrape,1,0.00049,26482,12.97546,204093
900,greatmay,1,0.00049,26483,12.97595,204093
901,greglund,1,0.00049,26484,12.97644,204093
902,grevaillot,1,0.00049,26485,12.97693,204093
903,guanyuqian,1,0.00049,26486,12.97742,204093
904,gurpreetz,1,0.00049,26487,12.97791,204093
905,haipas,1,0.00049,26488,12.97840,204093
906,hajimen,1,0.00049,26489,12.97889,204093
907,haneefmubarak,1,0.00049,26490,12.97938,204093
908,harconnen,1,0.00049,26491,12.97987,204093
909,hasslerb,1,0.00049,26492,12.98036,204093
910,hchaudhary1,1,0.00049,26493,12.98085,204093
911,Hekkfern,1,0.00049,26494,12.98134,204093
912,hexiangdong2017,1,0.00049,26495,12.98183,204093
913,hoai265,1,0.00049,26496,12.98232,204093
914,hulkco,1,0.00049,26497,12.98281,204093
915,i-and,1,0.00049,26498,12.98330,204093
916,ilyesgouta,1,0.00049,26499,12.98379,204093
917,imadeveloper247,1,0.00049,26500,12.98428,204093
918,Inakimalerba,1,0.00049,26501,12.98477,204093
919,Iotfabula,1,0.00049,26502,12.98526,204093
920,iotsys,1,0.00049,26503,12.98575,204093
921,israelito3000,1,0.00049,26504,12.98624,204093
922,ito-yu,1,0.00049,26505,12.98673,204093
923,jagannath-sahoo,1,0.00049,26506,12.98722,204093
924,JammyZhou,1,0.00049,26507,12.98771,204093
925,janez89,1,0.00049,26508,12.98820,204093
926,jaronkelleher,1,0.00049,26509,12.98869,204093
927,Jason-Cooke,1,0.00049,26510,12.98918,204093
928,jcdr,1,0.00049,26511,12.98967,204093
929,Jconn,1,0.00049,26512,12.99016,204093
930,JeffLangballe,1,0.00049,26513,12.99065,204093
931,JerryJames,1,0.00049,26514,12.99114,204093
932,jerryxiajie,1,0.00049,26515,12.99163,204093
933,jlienau03,1,0.00049,26516,12.99212,204093
934,JMKoerner,1,0.00049,26517,12.99261,204093
935,johnflux,1,0.00049,26518,12.99310,204093
936,Jojjec1,1,0.00049,26519,12.99359,204093
937,josephn123,1,0.00049,26520,12.99408,204093
938,joystick,1,0.00049,26521,12.99457,204093
939,j-shirazi,1,0.00049,26522,12.99506,204093
940,JuniorJPDJ,1,0.00049,26523,12.99555,204093
941,Jveyrat,1,0.00049,26524,12.99604,204093
942,kaisatec,1,0.00049,26525,12.99653,204093
943,kartben,1,0.00049,26526,12.99702,204093
944,kcnsunrise,1,0.00049,26527,12.99751,204093
945,keerola,1,0.00049,26528,12.99800,204093
946,kelsayed,1,0.00049,26529,12.99849,204093
947,klasyc,1,0.00049,26530,12.99898,204093
948,Koenma413,1,0.00049,26531,12.99947,204093
949,kubiajir,1,0.00049,26532,12.99996,204093
950,kulve,1,0.00049,26533,13.00045,204093
951,kvermilion,1,0.00049,26534,13.00094,204093
952,lamby,1,0.00049,26535,13.00143,204093
953,lanwer-en,1,0.00049,26536,13.00192,204093
954,leifAlex,1,0.00049,26537,13.00241,204093
955,LengedZhao,1,0.00049,26538,13.00290,204093
956,lianwei,1,0.00049,26539,13.00339,204093
957,librasungirl,1,0.00049,26540,13.00388,204093
958,lifengchen,1,0.00049,26541,13.00437,204093
959,linuxdev-linumiz,1,0.00049,26542,13.00486,204093
960,llisauskas,1,0.00049,26543,13.00535,204093
961,lopsided98,1,0.00049,26544,13.00584,204093
962,LorenzMeier,1,0.00049,26545,13.00633,204093
963,lst426,1,0.00049,26546,13.00682,204093
964,LVPGroup,1,0.00049,26547,13.00731,204093
965,LWY931119,1,0.00049,26548,13.00780,204093
966,maddeed,1,0.00049,26549,13.00829,204093
967,Maemalynn,1,0.00049,26550,13.00878,204093
968,majbthrd,1,0.00049,26551,13.00927,204093
969,malachib,1,0.00049,26552,13.00976,204093
970,malashi,1,0.00049,26553,13.01025,204093
971,marcoantonioara,1,0.00049,26554,13.01074,204093
972,marcoavnet,1,0.00049,26555,13.01123,204093
973,marjano89,1,0.00049,26556,13.01172,204093
974,marshed18,1,0.00049,26557,13.01221,204093
975,martinpalsson,1,0.00049,26558,13.01270,204093
976,martintv,1,0.00049,26559,13.01319,204093
977,mateusz-,1,0.00049,26560,13.01368,204093
978,MattiasErikssonAxentia,1,0.00049,26561,13.01417,204093
979,mchodzikiewicz,1,0.00049,26562,13.01466,204093
980,mekkaoui,1,0.00049,26563,13.01515,204093
981,MervatELalem,1,0.00049,26564,13.01564,204093
982,mgiaco,1,0.00049,26565,13.01613,204093
983,mgorzkowski,1,0.00049,26566,13.01661,204093
984,Michael2196,1,0.00049,26567,13.01710,204093
985,morganzha,1,0.00049,26568,13.01759,204093
986,mplebanski,1,0.00049,26569,13.01808,204093
987,mrobotby,1,0.00049,26570,13.01857,204093
988,mrquincle,1,0.00049,26571,13.01906,204093
989,msloniewski,1,0.00049,26572,13.01955,204093
990,mutrack,1,0.00049,26573,13.02004,204093
991,nasif,1,0.00049,26574,13.02053,204093
992,neiljay,1,0.00049,26575,13.02102,204093
993,Nemo157,1,0.00049,26576,13.02151,204093
994,nickyameen,1,0.00049,26577,13.02200,204093
995,NidhCypress,1,0.00049,26578,13.02249,204093
996,niuton,1,0.00049,26579,13.02298,204093
997,nkapron,1,0.00049,26580,13.02347,204093
998,nkaramolegos,1,0.00049,26581,13.02396,204093
999,noodlefighter,1,0.00049,26582,13.02445,204093
1000,nordicsemi,1,0.00049,26583,13.02494,204093
1001,Nukersson,1,0.00049,26584,13.02543,204093
1002,nvl1109,1,0.00049,26585,13.02592,204093
1003,paanastasiadis,1,0.00049,26586,13.02641,204093
1004,paulsykes,1,0.00049,26587,13.02690,204093
1005,phonkane,1,0.00049,26588,13.02739,204093
1006,pileghoff,1,0.00049,26589,13.02788,204093
1007,pille5,1,0.00049,26590,13.02837,204093
1008,pombredanne,1,0.00049,26591,13.02886,204093
1009,PoojaKatariya,1,0.00049,26592,13.02935,204093
1010,proverifTmp,1,0.00049,26593,13.02984,204093
1011,Puchinger,1,0.00049,26594,13.03033,204093
1012,pyropeter,1,0.00049,26595,13.03082,204093
1013,QKaseman,1,0.00049,26596,13.03131,204093
1014,r8d8,1,0.00049,26597,13.03180,204093
1015,rajatkalyan,1,0.00049,26598,13.03229,204093
1016,redradist,1,0.00049,26599,13.03278,204093
1017,ritikakapade,1,0.00049,26600,13.03327,204093
1018,RobWin,1,0.00049,26601,13.03376,204093
1019,roland2000,1,0.00049,26602,13.03425,204093
1020,roshanrajaratnam,1,0.00049,26603,13.03474,204093
1021,s09bQ5,1,0.00049,26604,13.03523,204093
1022,sam-bristow,1,0.00049,26605,13.03572,204093
1023,samfriedman93,1,0.00049,26606,13.03621,204093
1024,samirame,1,0.00049,26607,13.03670,204093
1025,sbiwa-where,1,0.00049,26608,13.03719,204093
1026,sbrichardson,1,0.00049,26609,13.03768,204093
1027,sercantun,1,0.00049,26610,13.03817,204093
1028,sheeld-ben,1,0.00049,26611,13.03866,204093
1029,ShengRang,1,0.00049,26612,13.03915,204093
1030,simonccn,1,0.00049,26613,13.03964,204093
1031,simtind,1,0.00049,26614,13.04013,204093
1032,sirhcel,1,0.00049,26615,13.04062,204093
1033,sjuut,1,0.00049,26616,13.04111,204093
1034,skakri,1,0.00049,26617,13.04160,204093
1035,skawu,1,0.00049,26618,13.04209,204093
1036,Skjerve,1,0.00049,26619,13.04258,204093
1037,smartyw,1,0.00049,26620,13.04307,204093
1038,smithp35,1,0.00049,26621,13.04356,204093
1039,soburi,1,0.00049,26622,13.04405,204093
1040,soleilos,1,0.00049,26623,13.04454,204093
1041,souellet-ms,1,0.00049,26624,13.04503,204093
1042,spinkernel,1,0.00049,26625,13.04552,204093
1043,ssp13,1,0.00049,26626,13.04601,204093
1044,stefanct,1,0.00049,26627,13.04650,204093
1045,StefanHri,1,0.00049,26628,13.04699,204093
1046,sysgo-maw,1,0.00049,26629,13.04748,204093
1047,szymon-czapracki,1,0.00049,26630,13.04797,204093
1048,tadmorgan,1,0.00049,26631,13.04846,204093
1049,tbultel,1,0.00049,26632,13.04895,204093
1050,thelittlehan,1,0.00049,26633,13.04944,204093
1051,thenakliman,1,0.00049,26634,13.04993,204093
1052,thirtythreeforty,1,0.00049,26635,13.05042,204093
1053,ThomasGrausgruber,1,0.00049,26636,13.05091,204093
1054,thomasthep-depone,1,0.00049,26637,13.05140,204093
1055,tims-oticon,1,0.00049,26638,13.05189,204093
1056,tjurtsch,1,0.00049,26639,13.05238,204093
1057,tntclaus,1,0.00049,26640,13.05287,204093
1058,tofutim,1,0.00049,26641,13.05336,204093
1059,ToJIka4,1,0.00049,26642,13.05385,204093
1060,Tsai1005,1,0.00049,26643,13.05434,204093
1061,tsaitsai,1,0.00049,26644,13.05483,204093
1062,TTornblom,1,0.00049,26645,13.05532,204093
1063,tunted,1,0.00049,26646,13.05581,204093
1064,tuobaye1988,1,0.00049,26647,13.05630,204093
1065,valeros,1,0.00049,26648,13.05679,204093
1066,vamsychowdhary,1,0.00049,26649,13.05728,204093
1067,victorrsoliveira,1,0.00049,26650,13.05777,204093
1068,vladimir-podbrezsky,1,0.00049,26651,13.05826,204093
1069,vvzvlad,1,0.00049,26652,13.05875,204093
1070,vyv03354,1,0.00049,26653,13.05924,204093
1071,warner83,1,0.00049,26654,13.05973,204093
1072,WebEm,1,0.00049,26655,13.06022,204093
1073,WeldonWangwang,1,0.00049,26656,13.06071,204093
1074,westrup,1,0.00049,26657,13.06120,204093
1075,WFarber,1,0.00049,26658,13.06169,204093
1076,wmcbrine,1,0.00049,26659,13.06218,204093
1077,wutje,1,0.00049,26660,13.06267,204093
1078,xiaodongxusc,1,0.00049,26661,13.06316,204093
1079,xiezhiquan1982,1,0.00049,26662,13.06365,204093
1080,xixidodo,1,0.00049,26663,13.06414,204093
1081,xuefli,1,0.00049,26664,13.06463,204093
1082,yasokada,1,0.00049,26665,13.06512,204093
1083,YC-Chiu,1,0.00049,26666,13.06561,204093
1084,yenWu,1,0.00049,26667,13.06610,204093
1085,yiheng2019,1,0.00049,26668,13.06659,204093
1086,yuhki50,1,0.00049,26669,13.06708,204093
1087,Y-U-KAY,1,0.00049,26670,13.06757,204093
1088,zakariae87,1,0.00049,26671,13.06806,204093
1089,zayralobo,1,0.00049,26672,13.06855,204093
1090,zhangshengping,1,0.00049,26673,13.06904,204093
1091,zille77,1,0.00049,26674,13.06953,204093
